1 0.580469 0.455903 0.029687 0.071528
1 0.649219 0.332639 0.039844 0.061111
1 0.652930 0.309028 0.049609 0.062500
1 0.915430 0.121528 0.024609 0.034722
1 0.717383 0.243403 0.031641 0.039583
1 0.346094 0.801389 0.048438 0.076389
1 0.935547 0.473264 0.038281 0.059028
2 0.120508 0.966667 0.104297 0.066667
2 0.225977 0.882292 0.080859 0.096528
2 0.792969 0.612153 0.121875 0.121528
2 0.831836 0.371528 0.066797 0.054167
2 0.763477 0.198264 0.047266 0.057639
0 0.357422 0.387153 0.025000 0.036806
0 0.189844 0.977778 0.037500 0.040278
0 0.232813 0.932292 0.042188 0.031250
0 0.294922 0.865625 0.041406 0.031250
0 0.288672 0.834375 0.039062 0.049306
0 0.364258 0.746181 0.037891 0.038194
0 0.382422 0.768403 0.035937 0.043750
0 0.395508 0.710417 0.037109 0.047222
0 0.416602 0.727778 0.040234 0.041667
0 0.542969 0.980903 0.046094 0.038194
0 0.617188 0.984375 0.042188 0.031250
0 0.717969 0.976389 0.028125 0.047222
0 0.650586 0.956250 0.033203 0.062500
0 0.620313 0.913889 0.035937 0.072222
0 0.654297 0.844792 0.036719 0.068750
0 0.682813 0.795139 0.025781 0.063889
0 0.748633 0.848264 0.042578 0.054861
0 0.637305 0.756250 0.049609 0.056944
0 0.941797 0.678125 0.034375 0.043750
0 0.820508 0.621528 0.034766 0.051389
0 0.563672 0.524653 0.025781 0.059028
0 0.491797 0.521875 0.021094 0.038194
0 0.894141 0.478125 0.017969 0.034028
0 0.925977 0.416667 0.024609 0.025000
0 0.955469 0.533681 0.028906 0.035417
0 0.894336 0.401389 0.026172 0.038889
0 0.867969 0.446528 0.019531 0.050000
0 0.857422 0.366667 0.028125 0.036111
0 0.622852 0.394792 0.022266 0.032639
0 0.622852 0.369792 0.023828 0.032639
0 0.608594 0.359028 0.015625 0.027778
0 0.623633 0.338889 0.017578 0.034722
0 0.691602 0.315278 0.020703 0.037500
0 0.671094 0.318403 0.018750 0.031250
0 0.687305 0.300000 0.018359 0.029167
0 0.677344 0.288889 0.014844 0.029167
0 0.697461 0.269792 0.019922 0.029861
0 0.701758 0.282639 0.017578 0.026389
0 0.716797 0.293056 0.019531 0.034722
0 0.726758 0.255903 0.017578 0.027083
0 0.734180 0.271528 0.018359 0.027778
0 0.736133 0.231250 0.017578 0.025000
0 0.751563 0.253125 0.015625 0.025694
0 0.767969 0.234375 0.014844 0.025694
0 0.787305 0.192014 0.016016 0.028472
0 0.800586 0.195139 0.014453 0.022222
0 0.812500 0.184028 0.015625 0.027778
0 0.826758 0.172917 0.017578 0.020833
0 0.822461 0.151042 0.014453 0.020139
0 0.834766 0.154514 0.016406 0.029861
0 0.837305 0.137500 0.018359 0.025000
0 0.852344 0.129514 0.015625 0.024306
0 0.847266 0.151389 0.014844 0.020833
0 0.872266 0.126389 0.016406 0.018056
0 0.740430 0.307639 0.018359 0.025000
0 0.776758 0.263889 0.018359 0.022222
0 0.791016 0.340278 0.014844 0.033333
0 0.824805 0.228125 0.017578 0.027083
0 0.848047 0.185417 0.018750 0.022222
0 0.879297 0.151389 0.015625 0.022222
0 0.948633 0.090625 0.012109 0.018750
0 0.944727 0.079514 0.011328 0.018750
0 0.956055 0.068750 0.013672 0.016667
0 0.975977 0.046875 0.013672 0.015972
0 0.033008 0.173611 0.012891 0.025000
