0 0.548242 0.380556 0.033984 0.041667
0 0.180078 0.912847 0.038281 0.050694
0 0.237305 0.880556 0.044922 0.055556
0 0.405664 0.693403 0.030078 0.038194
0 0.429102 0.711458 0.033984 0.032639
0 0.354883 0.755903 0.033984 0.045139
0 0.328906 0.828819 0.039062 0.052083
0 0.285547 0.878819 0.047656 0.045139
0 0.470703 0.501389 0.031250 0.040278
0 0.461328 0.554514 0.042188 0.045139
1 0.020898 0.142014 0.021484 0.036806
2 0.045312 0.148958 0.039062 0.054861
2 0.635156 0.319792 0.051562 0.059028
2 0.830078 0.372917 0.074219 0.061111
2 0.378320 0.760069 0.069141 0.081250
1 0.192188 0.306944 0.027344 0.033333
1 0.895898 0.077778 0.026172 0.036111
1 0.848633 0.140278 0.017578 0.022222
1 0.794727 0.196875 0.025391 0.031250
1 0.750391 0.214931 0.028125 0.046528
0 0.158984 0.227778 0.025781 0.029167
0 0.167578 0.192708 0.019531 0.025694
0 0.221875 0.282292 0.025000 0.038194
0 0.188477 0.287500 0.024609 0.023611
0 0.235547 0.322569 0.023438 0.034028
0 0.210352 0.304514 0.016797 0.025694
0 0.219531 0.335069 0.019531 0.025694
0 0.250000 0.384028 0.023438 0.037500
0 0.246875 0.355556 0.016406 0.025000
0 0.255078 0.342708 0.021094 0.027083
0 0.277148 0.357639 0.020703 0.030556
0 0.268164 0.372917 0.018359 0.027778
0 0.296094 0.338542 0.021875 0.032639
0 0.324414 0.358333 0.023828 0.031944
0 0.308398 0.367014 0.020703 0.020139
0 0.299414 0.381250 0.020703 0.027778
0 0.349023 0.379514 0.021484 0.032639
0 0.334961 0.387500 0.024609 0.026389
0 0.324023 0.399306 0.023047 0.030556
0 0.307812 0.409028 0.025000 0.030556
0 0.655273 0.950000 0.030078 0.068056
0 0.717383 0.976736 0.029297 0.046528
0 0.751563 0.846181 0.041406 0.057639
0 0.686914 0.795486 0.042578 0.049306
0 0.651758 0.728819 0.037109 0.056250
0 0.638086 0.755208 0.041016 0.050694
0 0.752930 0.614931 0.032422 0.043750
0 0.765234 0.599306 0.032813 0.045833
0 0.775195 0.583333 0.040234 0.050000
0 0.809961 0.627431 0.036328 0.052083
0 0.821680 0.615278 0.030859 0.041667
0 0.791797 0.643056 0.033594 0.041667
0 0.834766 0.673611 0.033594 0.047222
0 0.855664 0.662500 0.030859 0.045833
0 0.911719 0.703125 0.039062 0.057639
0 0.965430 0.728819 0.035547 0.040972
0 0.943555 0.742014 0.034766 0.045139
0 0.893750 0.479167 0.014844 0.036111
0 0.925000 0.416667 0.021875 0.027778
0 0.891992 0.398611 0.026172 0.034722
0 0.867969 0.444444 0.017188 0.050000
0 0.858398 0.364236 0.026172 0.035417
0 0.607617 0.386806 0.019922 0.036111
0 0.684180 0.279167 0.019141 0.026389
0 0.682031 0.309028 0.023438 0.022222
0 0.703516 0.282639 0.015625 0.031944
0 0.722656 0.266667 0.013281 0.023611
0 0.719922 0.246181 0.021094 0.025694
0 0.737695 0.251042 0.016797 0.024306
0 0.751953 0.235417 0.019531 0.027778
0 0.764844 0.222569 0.011719 0.022917
0 0.775977 0.216319 0.009766 0.017361
0 0.779883 0.195139 0.012891 0.020833
0 0.802539 0.175347 0.014453 0.015972
0 0.806641 0.187847 0.014844 0.027083
0 0.817773 0.175694 0.015234 0.022222
0 0.813086 0.162847 0.012109 0.020139
0 0.823047 0.150000 0.013281 0.020833
0 0.828320 0.169097 0.018359 0.017361
0 0.835547 0.154861 0.015625 0.019444
0 0.850391 0.125000 0.012500 0.013889
0 0.861719 0.130556 0.010156 0.015278
0 0.874023 0.121181 0.010547 0.015972
0 0.888672 0.111458 0.009375 0.014583
0 0.897656 0.098611 0.009375 0.015278
0 0.910937 0.118056 0.011719 0.013889
0 0.904297 0.080208 0.011719 0.015972
0 0.912891 0.067708 0.012500 0.018750
0 0.922461 0.072917 0.011328 0.016667
0 0.933594 0.049653 0.007812 0.015972
0 0.947266 0.046528 0.009375 0.018056
0 0.959570 0.025347 0.009766 0.013194
0 0.981250 0.006944 0.007031 0.012500
