2 0.368359 0.401042 0.058594 0.079861
2 0.554883 0.424306 0.065234 0.072222
2 0.784570 0.564931 0.076172 0.089583
2 0.700195 0.364583 0.041797 0.076389
2 0.792969 0.237500 0.048438 0.076389
1 0.321875 0.371528 0.039844 0.062500
1 0.417187 0.503472 0.042969 0.052778
2 0.655664 0.586458 0.067578 0.075694
1 0.644922 0.330903 0.033594 0.057639
1 0.650586 0.301042 0.042578 0.050694
1 0.660742 0.348958 0.027734 0.054861
1 0.861328 0.119792 0.019531 0.039583
2 0.827344 0.369097 0.074219 0.057639
0 0.041211 0.093750 0.015234 0.019444
0 0.057227 0.179861 0.014453 0.019444
0 0.091406 0.124653 0.012500 0.017361
0 0.094141 0.211111 0.015625 0.022222
0 0.139648 0.226389 0.019922 0.023611
0 0.146094 0.252083 0.019531 0.023611
0 0.165430 0.272917 0.020703 0.026389
0 0.186914 0.253472 0.021484 0.023611
0 0.207227 0.205556 0.018359 0.022222
0 0.233789 0.226736 0.020703 0.027083
0 0.251953 0.270833 0.021094 0.022222
0 0.214062 0.275000 0.021094 0.029167
0 0.255273 0.307986 0.023047 0.031250
0 0.286328 0.259722 0.021094 0.023611
0 0.287891 0.277083 0.018750 0.025000
0 0.291602 0.331250 0.023047 0.030556
0 0.253320 0.345833 0.023047 0.037500
0 0.349805 0.331944 0.023828 0.029167
0 0.379492 0.318403 0.024609 0.029861
0 0.387891 0.347569 0.025781 0.031250
0 0.404492 0.378819 0.024609 0.025694
0 0.408594 0.423264 0.028125 0.029861
0 0.410156 0.448611 0.028125 0.030556
0 0.387109 0.456944 0.026562 0.036111
0 0.436133 0.465972 0.029297 0.034722
0 0.443555 0.452083 0.030078 0.033333
0 0.446875 0.396528 0.026562 0.029167
0 0.483398 0.530556 0.032422 0.040278
0 0.503906 0.421181 0.026562 0.029861
0 0.543945 0.470486 0.033984 0.038194
0 0.330273 0.829167 0.029297 0.043056
0 0.378711 0.697569 0.034766 0.038194
0 0.579688 0.627431 0.046094 0.057639
0 0.635742 0.756597 0.040234 0.057639
0 0.742578 0.699306 0.048438 0.066667
0 0.792188 0.793056 0.044531 0.050000
0 0.541211 0.983333 0.047266 0.033333
0 0.619922 0.912500 0.032031 0.066667
0 0.614453 0.986806 0.046875 0.026389
0 0.651953 0.955556 0.035156 0.056944
0 0.717773 0.977083 0.031641 0.045833
0 0.939258 0.838542 0.037891 0.047917
0 0.951367 0.879514 0.039453 0.049306
1 0.920508 0.914236 0.102734 0.118750
0 0.986133 0.754514 0.027734 0.040972
0 0.933203 0.712500 0.036719 0.045833
0 0.902539 0.723611 0.036328 0.044444
0 0.875781 0.632639 0.035937 0.043056
0 0.844141 0.656944 0.041406 0.040278
0 0.735547 0.606250 0.035156 0.034722
0 0.746484 0.660069 0.041406 0.038194
0 0.790430 0.690972 0.037891 0.034722
0 0.829102 0.719097 0.037891 0.042361
0 0.770508 0.650347 0.032422 0.042361
0 0.719141 0.526736 0.034375 0.039583
0 0.726367 0.578819 0.037891 0.032639
0 0.600195 0.529861 0.037891 0.044444
0 0.616406 0.518750 0.019531 0.027778
0 0.676953 0.454514 0.021094 0.032639
0 0.894727 0.481597 0.020703 0.038194
0 0.927148 0.417361 0.026172 0.026389
0 0.894336 0.399653 0.025391 0.028472
0 0.868164 0.444097 0.018359 0.042361
0 0.857422 0.361458 0.026562 0.028472
0 0.639453 0.371528 0.026562 0.044444
0 0.621875 0.368403 0.019531 0.029861
0 0.608203 0.359722 0.014063 0.026389
0 0.622656 0.339583 0.019531 0.034722
0 0.676367 0.287153 0.019922 0.029861
0 0.700000 0.268750 0.021094 0.034722
0 0.705859 0.302431 0.021875 0.036806
0 0.723633 0.286806 0.018359 0.030556
0 0.737305 0.267708 0.016016 0.032639
0 0.799805 0.198611 0.022266 0.031944
0 0.827148 0.150000 0.016016 0.025000
0 0.892188 0.105556 0.012500 0.019444
0 0.970508 0.025347 0.012109 0.017361
