2 0.793750 0.612847 0.117188 0.109028
2 0.492969 0.376389 0.077344 0.050000
2 0.831055 0.369792 0.066797 0.056250
2 0.230664 0.879861 0.076953 0.106944
2 0.123242 0.962500 0.104297 0.075000
1 0.104688 0.144097 0.029687 0.040972
1 0.265430 0.260417 0.031641 0.043056
1 0.346484 0.804514 0.048438 0.075694
1 0.882812 0.153125 0.019531 0.036806
1 0.952344 0.073611 0.010156 0.026389
0 0.017383 0.126736 0.012891 0.021528
0 0.041797 0.165972 0.016406 0.022222
0 0.091016 0.200694 0.021094 0.034722
0 0.100000 0.186458 0.017969 0.021528
0 0.175586 0.173958 0.019141 0.017361
0 0.150586 0.224653 0.019141 0.024306
0 0.167969 0.254861 0.020313 0.029167
0 0.247461 0.317014 0.026172 0.029861
0 0.309766 0.280556 0.020313 0.018056
0 0.263672 0.372569 0.022656 0.031250
0 0.252734 0.384375 0.021875 0.027083
0 0.281250 0.364236 0.023438 0.034028
0 0.303125 0.405208 0.023438 0.029861
0 0.313086 0.393403 0.026953 0.028472
0 0.338281 0.368750 0.023438 0.033333
0 0.359180 0.386458 0.024609 0.034028
0 0.191797 0.979514 0.046875 0.040972
0 0.233008 0.933333 0.039453 0.033333
0 0.288867 0.834375 0.035547 0.046528
0 0.295117 0.863542 0.037891 0.032639
0 0.325391 0.789236 0.032031 0.040972
0 0.364453 0.749653 0.032031 0.038194
0 0.389258 0.759028 0.028516 0.043056
0 0.404102 0.707986 0.032422 0.045139
0 0.417578 0.725347 0.029687 0.042361
0 0.424414 0.573611 0.029297 0.043056
0 0.749805 0.848958 0.041016 0.047917
0 0.716406 0.977083 0.021094 0.045833
0 0.656055 0.857639 0.029297 0.054167
0 0.635742 0.754167 0.037891 0.043056
0 0.603711 0.927778 0.040234 0.061111
0 0.617969 0.985764 0.042188 0.024306
0 0.651758 0.957639 0.034766 0.051389
0 0.947461 0.749306 0.036328 0.037500
0 0.989062 0.774653 0.021875 0.042361
0 0.988086 0.749653 0.023828 0.028472
0 0.904492 0.720833 0.032422 0.038889
0 0.908398 0.696528 0.033203 0.034722
0 0.858789 0.684722 0.045703 0.052778
0 0.812500 0.659375 0.038281 0.034028
0 0.820898 0.623611 0.032422 0.044444
0 0.759766 0.625000 0.032031 0.034722
0 0.717578 0.639236 0.034375 0.040972
0 0.729688 0.627431 0.038281 0.036806
0 0.895117 0.480208 0.017578 0.034028
0 0.925586 0.417361 0.020703 0.023611
0 0.894336 0.398611 0.030078 0.030556
0 0.870313 0.446528 0.019531 0.051389
0 0.858398 0.363542 0.022266 0.025694
0 0.595508 0.369792 0.025391 0.031250
0 0.670312 0.297222 0.026562 0.029167
0 0.709570 0.279514 0.021484 0.025694
0 0.732422 0.237153 0.018750 0.024306
0 0.773438 0.196528 0.012500 0.022222
0 0.808008 0.226042 0.015234 0.028472
0 0.821680 0.235764 0.017578 0.022917
0 0.844531 0.134722 0.012500 0.018056
0 0.882812 0.113194 0.012500 0.015278
0 0.918750 0.125347 0.012500 0.017361
0 0.932227 0.066319 0.008203 0.015972
0 0.930859 0.056597 0.010937 0.015972
