2 0.794336 0.615278 0.119922 0.127778
2 0.192578 0.926042 0.088281 0.100694
1 0.344531 0.803819 0.050000 0.067361
1 0.737109 0.333333 0.035156 0.055556
1 0.650586 0.303472 0.044922 0.059722
1 0.645508 0.335764 0.036328 0.057639
1 0.662109 0.350000 0.028906 0.050000
1 0.716992 0.245833 0.026953 0.043056
1 0.880859 0.101042 0.019531 0.024306
2 0.830469 0.374653 0.064062 0.053472
2 0.764062 0.198264 0.039062 0.047917
2 0.880664 0.157986 0.032422 0.046528
0 0.358398 0.388194 0.025391 0.031944
0 0.192578 0.981597 0.032813 0.036806
0 0.232031 0.934375 0.038281 0.034028
0 0.287109 0.833333 0.034375 0.045833
0 0.292969 0.865625 0.035156 0.035417
0 0.324609 0.786806 0.031250 0.040278
0 0.376953 0.697222 0.032031 0.040278
0 0.365430 0.747917 0.037891 0.037500
0 0.380859 0.766667 0.032813 0.038889
0 0.396094 0.714236 0.032031 0.046528
0 0.415039 0.727431 0.030859 0.049306
0 0.539453 0.982639 0.049219 0.034722
0 0.616797 0.985764 0.041406 0.028472
0 0.717773 0.978125 0.028516 0.043750
0 0.750586 0.850347 0.038672 0.047917
0 0.651172 0.957292 0.035156 0.053472
0 0.620117 0.914931 0.032422 0.064583
0 0.653711 0.848958 0.030859 0.068750
0 0.682031 0.795139 0.018750 0.056944
0 0.636328 0.758681 0.039844 0.050694
0 0.819727 0.621528 0.030078 0.041667
0 0.720898 0.525694 0.026953 0.034722
0 0.534375 0.454167 0.032031 0.023611
0 0.566797 0.477431 0.034375 0.031250
0 0.623828 0.438542 0.027344 0.039583
0 0.893945 0.482639 0.017578 0.036111
0 0.925000 0.417361 0.021094 0.030556
0 0.893555 0.396875 0.025391 0.029861
0 0.868945 0.445833 0.020703 0.050000
0 0.856250 0.364931 0.023438 0.029861
0 0.790039 0.340972 0.014453 0.034722
0 0.778320 0.271875 0.016016 0.020139
0 0.793359 0.240625 0.015625 0.021528
0 0.809766 0.248611 0.012500 0.020833
0 0.850391 0.177778 0.013281 0.019444
0 0.658398 0.400347 0.023828 0.029861
0 0.639844 0.372222 0.022656 0.038889
0 0.622656 0.371181 0.020313 0.028472
0 0.608398 0.360069 0.016016 0.025694
0 0.625195 0.338542 0.020703 0.032639
0 0.683984 0.332639 0.021094 0.029167
0 0.671289 0.314931 0.016016 0.021528
0 0.677148 0.286458 0.016016 0.027083
0 0.686719 0.301736 0.019531 0.028472
0 0.706055 0.302083 0.019922 0.034722
0 0.724219 0.285764 0.019531 0.029861
0 0.706445 0.279167 0.019141 0.020833
0 0.698828 0.270486 0.021875 0.022917
0 0.737695 0.270486 0.016016 0.027083
0 0.753320 0.254167 0.015234 0.025000
0 0.735742 0.231597 0.018359 0.022917
0 0.759570 0.228819 0.014453 0.021528
0 0.770117 0.229861 0.015234 0.026389
0 0.800586 0.194792 0.016797 0.022917
0 0.787695 0.187847 0.016016 0.022917
0 0.815039 0.186806 0.016016 0.025000
0 0.826562 0.170833 0.012500 0.018056
0 0.832227 0.156597 0.016016 0.029861
0 0.905273 0.095139 0.012109 0.016667
0 0.939258 0.047917 0.012109 0.019444
0 0.977539 0.057639 0.010547 0.013889
