1 0.888086 0.668750 0.075391 0.079167
1 0.911914 0.720486 0.055859 0.065972
2 0.931836 0.493403 0.032422 0.056250
2 0.555273 0.516319 0.086328 0.064583
2 0.357617 0.780556 0.085547 0.130556
2 0.314844 0.789583 0.083594 0.119444
2 0.848242 0.199306 0.030859 0.045833
1 0.226953 0.893750 0.057031 0.079167
0 0.040039 0.177778 0.016797 0.020833
0 0.071875 0.168403 0.017969 0.029861
0 0.143750 0.251042 0.018750 0.032639
0 0.149805 0.236806 0.018359 0.031944
0 0.183008 0.249653 0.019922 0.028472
0 0.220898 0.279514 0.020703 0.028472
0 0.262891 0.373611 0.024219 0.033333
0 0.320117 0.401736 0.026172 0.036806
0 0.456641 0.442014 0.034375 0.032639
0 0.528711 0.454861 0.035547 0.031944
0 0.156250 0.978472 0.044531 0.043056
0 0.034766 0.963889 0.041406 0.058333
0 0.171875 0.818750 0.039062 0.061111
0 0.267578 0.752431 0.036719 0.047917
0 0.418555 0.727778 0.033203 0.041667
0 0.378125 0.695139 0.038281 0.045833
0 0.417187 0.693403 0.033594 0.039583
0 0.376953 0.723958 0.030469 0.024306
0 0.553125 0.564583 0.038281 0.034722
0 0.716797 0.978125 0.025000 0.043750
0 0.750977 0.851389 0.040234 0.043056
0 0.635938 0.755556 0.041406 0.048611
0 0.650195 0.960069 0.039453 0.052083
0 0.627930 0.987847 0.027734 0.024306
0 0.589844 0.464236 0.032031 0.032639
0 0.591602 0.442014 0.030078 0.031250
0 0.752930 0.617708 0.034766 0.036806
0 0.761914 0.601042 0.036328 0.038194
0 0.802734 0.652431 0.032813 0.038194
0 0.806055 0.629167 0.034766 0.043056
0 0.847461 0.618056 0.033984 0.033333
0 0.948828 0.685417 0.036719 0.041667
0 0.894531 0.481250 0.016406 0.031944
0 0.925391 0.415625 0.023438 0.025694
0 0.894922 0.399306 0.027344 0.031944
0 0.868359 0.445486 0.017969 0.043750
0 0.847461 0.372917 0.031641 0.031944
0 0.858008 0.364236 0.024609 0.029861
0 0.832812 0.352778 0.025781 0.027778
0 0.948242 0.037153 0.012891 0.017361
0 0.978516 0.042708 0.010156 0.015972
0 0.947461 0.080556 0.011328 0.019444
0 0.933203 0.092708 0.013281 0.017361
0 0.822656 0.164583 0.015625 0.022222
0 0.777930 0.223264 0.017578 0.022917
0 0.764453 0.223958 0.019531 0.022917
0 0.729883 0.256944 0.022266 0.029167
0 0.733008 0.275000 0.018359 0.025000
0 0.701953 0.263889 0.016406 0.027778
0 0.713867 0.277431 0.018359 0.025694
0 0.721289 0.294444 0.019141 0.029167
0 0.687109 0.282639 0.017969 0.027778
0 0.698047 0.285764 0.015625 0.025694
0 0.696680 0.311458 0.021484 0.035417
0 0.668359 0.293056 0.017188 0.023611
0 0.680469 0.310417 0.019531 0.026389
0 0.680664 0.332986 0.022266 0.027083
0 0.684961 0.371181 0.024609 0.025694
0 0.722266 0.350694 0.021094 0.027778
0 0.744141 0.305556 0.023438 0.023611
0 0.658008 0.310069 0.018359 0.027083
0 0.663281 0.328819 0.018750 0.024306
0 0.661328 0.352778 0.019531 0.027778
0 0.636133 0.351042 0.023047 0.035417
0 0.644531 0.373264 0.022656 0.027083
0 0.637305 0.420833 0.029297 0.030556
1 0.622852 0.339236 0.029297 0.049306
