2 0.445703 0.522222 0.075000 0.098611
2 0.378906 0.766319 0.066406 0.072917
2 0.831445 0.371181 0.075391 0.071528
2 0.807617 0.694792 0.076172 0.093750
2 0.223047 0.281597 0.053906 0.059028
1 0.135742 0.221875 0.033203 0.046528
1 0.230859 0.938889 0.057813 0.063889
1 0.198047 0.313889 0.027344 0.040278
1 0.094727 0.228819 0.041016 0.046528
1 0.893945 0.079514 0.020703 0.032639
1 0.759570 0.223611 0.033203 0.040278
1 0.849609 0.144792 0.023438 0.031250
1 0.639648 0.329514 0.037109 0.064583
1 0.305469 0.812153 0.046875 0.060417
0 0.236523 0.229514 0.019922 0.027083
0 0.190039 0.288194 0.017578 0.029167
0 0.259570 0.305556 0.027734 0.027778
0 0.273438 0.317361 0.020313 0.031944
0 0.297461 0.336111 0.019141 0.027778
0 0.321094 0.359375 0.024219 0.029861
0 0.350000 0.379514 0.025781 0.031250
0 0.212891 0.305208 0.020313 0.027083
0 0.233984 0.322917 0.025000 0.038889
0 0.255859 0.346181 0.022656 0.031250
0 0.275586 0.359722 0.024609 0.030556
0 0.297461 0.379514 0.019141 0.028472
0 0.320703 0.402083 0.027344 0.034722
0 0.311914 0.366667 0.021484 0.030556
0 0.336523 0.389236 0.026953 0.036806
0 0.306055 0.411458 0.026172 0.039583
0 0.270898 0.375000 0.021484 0.033333
0 0.246484 0.356250 0.027344 0.036111
0 0.219336 0.333681 0.021484 0.028472
0 0.255078 0.387500 0.023438 0.034722
0 0.183594 0.843056 0.039062 0.045833
0 0.393359 0.612153 0.044531 0.061806
0 0.523438 0.448611 0.023438 0.027778
0 0.459180 0.552778 0.030078 0.045833
0 0.527930 0.472222 0.026953 0.029167
0 0.586914 0.410069 0.022266 0.032639
0 0.599023 0.363542 0.025391 0.028472
0 0.636719 0.351389 0.021094 0.027778
0 0.261719 0.856250 0.039844 0.045833
0 0.285742 0.877778 0.041016 0.041667
0 0.330273 0.826042 0.043359 0.042361
0 0.353320 0.761111 0.040234 0.045833
0 0.378906 0.696875 0.035937 0.040972
0 0.407031 0.700694 0.032813 0.038889
0 0.425781 0.709375 0.032031 0.039583
0 0.635547 0.894097 0.046875 0.057639
0 0.717578 0.975347 0.033594 0.049306
0 0.728320 0.812153 0.035547 0.056250
0 0.635352 0.755903 0.041797 0.047917
0 0.751953 0.851736 0.038281 0.042361
0 0.941797 0.915972 0.045312 0.055556
0 0.964844 0.732639 0.039844 0.044444
0 0.912305 0.701736 0.042578 0.050694
0 0.892578 0.713194 0.035156 0.045833
0 0.855859 0.663542 0.035156 0.047917
0 0.837109 0.672917 0.036719 0.044444
0 0.822852 0.619444 0.041016 0.043056
0 0.809180 0.627778 0.040234 0.045833
0 0.791992 0.645833 0.032422 0.047222
0 0.774219 0.587153 0.038281 0.043750
0 0.767969 0.603125 0.033594 0.039583
0 0.752734 0.620833 0.035937 0.051389
0 0.894531 0.482292 0.021094 0.039583
0 0.925781 0.415972 0.025781 0.027778
0 0.893750 0.399306 0.029687 0.029167
0 0.867188 0.445833 0.020313 0.038889
0 0.857031 0.360764 0.027344 0.032639
0 0.683398 0.306597 0.018359 0.031250
0 0.710352 0.278125 0.019141 0.028472
0 0.731055 0.235417 0.017578 0.027778
0 0.733789 0.254167 0.019922 0.020833
0 0.775781 0.200347 0.015625 0.024306
0 0.780664 0.222569 0.013672 0.032639
0 0.802734 0.192014 0.014844 0.027083
0 0.816992 0.181250 0.013672 0.016667
0 0.791211 0.180208 0.014453 0.022917
0 0.806641 0.167014 0.014063 0.018750
0 0.819531 0.154167 0.014844 0.020833
0 0.831250 0.144444 0.016406 0.015278
0 0.832422 0.158681 0.017188 0.024306
0 0.847852 0.124306 0.012891 0.013889
0 0.865234 0.130208 0.010937 0.015972
0 0.858984 0.117014 0.011719 0.015972
0 0.868555 0.110417 0.012891 0.016667
0 0.879492 0.101389 0.012109 0.013889
0 0.893945 0.104861 0.013672 0.016667
0 0.876758 0.122569 0.012109 0.013194
0 0.907227 0.090278 0.012891 0.015278
0 0.912891 0.083681 0.010156 0.013194
0 0.905469 0.075000 0.008594 0.012500
0 0.912695 0.067708 0.009766 0.015972
0 0.921484 0.075000 0.009375 0.016667
0 0.927734 0.069444 0.014063 0.019444
0 0.938281 0.050347 0.011719 0.018750
0 0.943359 0.043403 0.008594 0.015972
1 0.974805 0.009375 0.011328 0.017361
