2 0.221875 0.215278 0.044531 0.051389
2 0.277539 0.332292 0.050391 0.074306
2 0.711914 0.267361 0.031641 0.059722
2 0.963672 0.070139 0.025000 0.043056
2 0.827148 0.370486 0.076172 0.057639
2 0.925000 0.652431 0.122656 0.132639
2 0.725781 0.638194 0.063281 0.070833
1 0.175000 0.296181 0.034375 0.045139
1 0.196680 0.313542 0.030078 0.032639
1 0.241211 0.304514 0.037109 0.054861
1 0.874609 0.100000 0.018750 0.043056
1 0.879297 0.144792 0.020313 0.032639
1 0.661328 0.351389 0.034375 0.050000
0 0.143945 0.251389 0.020703 0.029167
0 0.265430 0.264236 0.020703 0.025694
0 0.456055 0.379861 0.027734 0.034722
0 0.553125 0.385417 0.030469 0.034722
0 0.189648 0.291319 0.021484 0.025694
0 0.212109 0.305556 0.019531 0.030556
0 0.233008 0.321875 0.027734 0.040972
0 0.224219 0.333333 0.016406 0.022222
0 0.257031 0.348958 0.024219 0.031250
0 0.245117 0.359375 0.027734 0.029861
0 0.254492 0.384028 0.026172 0.034722
0 0.268750 0.377431 0.023438 0.036806
0 0.274609 0.359375 0.022656 0.029861
0 0.305664 0.340278 0.011328 0.023611
0 0.323242 0.357292 0.021484 0.032639
0 0.312500 0.368750 0.022656 0.029167
0 0.300000 0.381944 0.022656 0.027778
0 0.307422 0.409028 0.026562 0.040278
0 0.321680 0.401736 0.024609 0.036806
0 0.334375 0.390278 0.025781 0.036111
0 0.349219 0.378472 0.025781 0.031944
0 0.186328 0.803819 0.042188 0.054861
0 0.380664 0.699306 0.040234 0.044444
0 0.635742 0.755556 0.040234 0.051389
0 0.620313 0.914236 0.038281 0.060417
0 0.616992 0.986458 0.047266 0.027083
0 0.651758 0.957292 0.034766 0.061806
0 0.716992 0.976736 0.031641 0.046528
0 0.748633 0.851042 0.037891 0.050694
0 0.663086 0.843403 0.033203 0.065972
0 0.964844 0.759375 0.039844 0.047917
0 0.963477 0.731250 0.037891 0.037500
0 0.929883 0.735764 0.035547 0.039583
0 0.881055 0.754861 0.039453 0.038889
0 0.899023 0.669097 0.036328 0.040972
0 0.905273 0.698264 0.037891 0.046528
0 0.887500 0.709028 0.035937 0.045833
0 0.841016 0.723611 0.041406 0.041667
0 0.858398 0.641319 0.033203 0.038194
0 0.853711 0.667708 0.033984 0.043750
0 0.836133 0.674653 0.036328 0.045139
0 0.794922 0.695486 0.042188 0.047917
0 0.780664 0.661806 0.036328 0.037500
0 0.791797 0.643750 0.035937 0.038889
0 0.807422 0.628819 0.038281 0.052083
0 0.818945 0.618403 0.033984 0.043750
0 0.773633 0.587847 0.036328 0.039583
0 0.765820 0.602083 0.034766 0.036111
0 0.754492 0.619097 0.033203 0.036806
0 0.732422 0.620139 0.037500 0.040278
0 0.895703 0.480208 0.021875 0.036806
0 0.925781 0.418056 0.028125 0.033333
0 0.894336 0.396875 0.023047 0.035417
0 0.857227 0.361458 0.024609 0.025694
0 0.868164 0.447917 0.019922 0.050000
0 0.734961 0.328472 0.020703 0.033333
0 0.833984 0.160417 0.019531 0.033333
0 0.766797 0.237500 0.020313 0.027778
0 0.654102 0.315278 0.017578 0.029167
0 0.694922 0.268750 0.014063 0.038889
0 0.707227 0.304861 0.023047 0.034722
0 0.683398 0.330208 0.018359 0.028472
0 0.640234 0.371528 0.028906 0.041667
0 0.897461 0.086806 0.016016 0.022222
0 0.935742 0.089236 0.011328 0.020139
