1 0.873828 0.658333 0.074219 0.080556
1 0.477148 0.552431 0.066016 0.061806
1 0.900781 0.709722 0.057813 0.061111
1 0.229687 0.893056 0.057031 0.080556
1 0.622656 0.342361 0.025781 0.054167
2 0.311133 0.792014 0.089453 0.124306
2 0.357227 0.787153 0.084766 0.127083
0 0.079102 0.193403 0.022266 0.036806
0 0.156250 0.262500 0.018750 0.025000
0 0.232422 0.325694 0.022656 0.030556
0 0.258984 0.345486 0.026562 0.035417
0 0.275000 0.379861 0.021875 0.034722
0 0.283984 0.365972 0.025781 0.041667
0 0.290234 0.419792 0.023438 0.029861
0 0.303906 0.410417 0.025781 0.037500
0 0.319727 0.400347 0.026172 0.038194
0 0.155273 0.977778 0.044922 0.044444
0 0.385742 0.686458 0.037109 0.040972
0 0.416602 0.690972 0.033984 0.041667
0 0.417383 0.726736 0.033203 0.040972
0 0.378320 0.728472 0.034766 0.026389
0 0.227734 0.945139 0.040625 0.034722
0 0.284570 0.881944 0.041016 0.043056
0 0.715820 0.977431 0.023828 0.045139
0 0.635938 0.976042 0.042188 0.046528
0 0.717187 0.817014 0.029687 0.045139
0 0.750586 0.849306 0.041016 0.051389
0 0.636914 0.755903 0.041797 0.050694
0 0.990430 0.943403 0.019141 0.045139
0 0.941992 0.720139 0.037891 0.048611
0 0.801758 0.651736 0.030859 0.036806
0 0.806250 0.629167 0.035937 0.038889
0 0.734961 0.630208 0.033203 0.036806
0 0.751953 0.620486 0.037500 0.040972
0 0.761523 0.602083 0.034766 0.033333
0 0.718750 0.520833 0.039062 0.052778
2 0.962109 0.474653 0.051562 0.039583
0 0.895898 0.481597 0.021484 0.036806
0 0.925195 0.416319 0.024609 0.025694
0 0.893359 0.396875 0.026562 0.031250
0 0.866406 0.447569 0.020313 0.049306
0 0.846680 0.373611 0.030078 0.036111
0 0.856250 0.363194 0.025000 0.029167
0 0.829102 0.351389 0.025391 0.027778
0 0.972461 0.013889 0.012109 0.018056
0 0.975586 0.056944 0.010547 0.020833
0 0.955469 0.041667 0.011719 0.018056
0 0.960156 0.074306 0.008594 0.015278
0 0.941602 0.043750 0.012109 0.016667
0 0.942187 0.054861 0.010937 0.016667
0 0.921680 0.062153 0.013672 0.020139
0 0.935937 0.088542 0.011719 0.018750
0 0.944922 0.077778 0.012500 0.018056
0 0.919336 0.109722 0.015234 0.023611
0 0.903516 0.124653 0.014844 0.020139
0 0.909180 0.135764 0.015234 0.020139
0 0.878516 0.154514 0.017188 0.021528
0 0.801758 0.252431 0.016797 0.024306
0 0.772852 0.296528 0.020703 0.030556
0 0.752539 0.289931 0.020703 0.029861
0 0.718945 0.326736 0.021484 0.025694
0 0.684180 0.376389 0.025391 0.027778
0 0.689844 0.397222 0.024219 0.029167
0 0.665039 0.419792 0.026953 0.032639
0 0.794727 0.180208 0.018359 0.018750
0 0.786914 0.214931 0.016016 0.025694
0 0.758398 0.226736 0.018359 0.031250
0 0.721484 0.246528 0.025000 0.029167
0 0.742578 0.244792 0.017188 0.031250
0 0.749219 0.258681 0.018750 0.029861
0 0.729883 0.256944 0.024609 0.029167
0 0.734180 0.274306 0.018359 0.027778
0 0.701758 0.262847 0.021484 0.025694
0 0.714453 0.276736 0.018750 0.025694
0 0.720508 0.291667 0.014453 0.026389
0 0.688281 0.282639 0.017969 0.029167
0 0.698047 0.288194 0.018750 0.029167
0 0.696484 0.312500 0.025781 0.038889
0 0.669531 0.293403 0.019531 0.025694
0 0.681445 0.307292 0.026953 0.031250
0 0.680469 0.333681 0.025000 0.028472
0 0.659375 0.307986 0.021875 0.028472
0 0.665430 0.326389 0.023828 0.031944
0 0.660547 0.352431 0.019531 0.032639
0 0.636133 0.352778 0.028516 0.041667
0 0.642969 0.373958 0.023438 0.032639
