2 0.928711 0.431597 0.044922 0.054861
2 0.674805 0.570486 0.081641 0.084028
2 0.739844 0.325000 0.035156 0.066667
2 0.359961 0.779861 0.079297 0.119444
2 0.310156 0.794792 0.079687 0.115972
1 0.227930 0.893056 0.055078 0.075000
1 0.622656 0.339236 0.028125 0.047917
0 0.009375 0.117708 0.010937 0.018750
0 0.012891 0.138542 0.011719 0.022917
0 0.070117 0.167708 0.015234 0.018750
0 0.160938 0.283681 0.021094 0.028472
0 0.272266 0.360069 0.021094 0.029861
0 0.335352 0.368056 0.023047 0.027778
0 0.371875 0.397222 0.028906 0.034722
0 0.421875 0.427083 0.028906 0.031944
0 0.417773 0.448264 0.030859 0.034028
0 0.478320 0.444097 0.033203 0.027083
0 0.488867 0.484722 0.030859 0.034722
0 0.156055 0.979167 0.042578 0.040278
0 0.390234 0.591319 0.032813 0.042361
0 0.452539 0.578819 0.035547 0.042361
0 0.378320 0.694792 0.034766 0.039583
0 0.417187 0.692361 0.032031 0.041667
0 0.416797 0.727431 0.031250 0.035417
0 0.378711 0.725347 0.028516 0.021528
0 0.516797 0.552431 0.038281 0.032639
0 0.538281 0.463889 0.031250 0.026389
0 0.581641 0.473611 0.035156 0.030556
0 0.616211 0.442014 0.024609 0.027083
0 0.716211 0.977778 0.018359 0.044444
0 0.649805 0.959375 0.036328 0.054861
0 0.627344 0.987847 0.025000 0.024306
0 0.636133 0.754861 0.038672 0.040278
0 0.751953 0.851042 0.039844 0.042361
0 0.907031 0.722917 0.035156 0.040278
0 0.835156 0.647222 0.038281 0.040278
0 0.776172 0.633681 0.036719 0.035417
0 0.761133 0.600347 0.034766 0.031250
0 0.667773 0.605556 0.036328 0.037500
0 0.893359 0.479861 0.018750 0.033333
0 0.894336 0.397222 0.025391 0.031944
0 0.847266 0.372917 0.027344 0.029167
0 0.858398 0.363889 0.025391 0.029167
0 0.866992 0.443403 0.015234 0.039583
0 0.909570 0.084375 0.012891 0.017361
0 0.899023 0.128472 0.014453 0.019444
0 0.876758 0.156597 0.014453 0.018750
0 0.848828 0.148264 0.013281 0.020139
0 0.851953 0.176389 0.014063 0.020833
0 0.818164 0.170833 0.014453 0.020833
0 0.729297 0.256597 0.018750 0.028472
0 0.732812 0.275000 0.015625 0.025000
0 0.720703 0.293403 0.017969 0.022917
0 0.712109 0.276389 0.017188 0.026389
0 0.702344 0.265278 0.017188 0.025000
0 0.686719 0.282292 0.015625 0.025694
0 0.697461 0.286458 0.016016 0.028472
0 0.696484 0.310764 0.020313 0.035417
0 0.669336 0.294097 0.018359 0.025694
0 0.679492 0.307639 0.018359 0.025000
0 0.679492 0.332986 0.020703 0.027083
0 0.658008 0.308333 0.017578 0.022222
0 0.663477 0.328472 0.019922 0.027778
0 0.660156 0.351389 0.017188 0.026389
0 0.634766 0.351389 0.023438 0.038889
0 0.641797 0.370833 0.017969 0.027778
