2 0.366797 0.403819 0.059375 0.082639
2 0.935156 0.084722 0.033594 0.043056
2 0.902539 0.134028 0.027734 0.043056
2 0.729688 0.314236 0.048438 0.063194
2 0.945703 0.713889 0.108594 0.130556
2 0.828125 0.372917 0.068750 0.054167
2 0.627734 0.573264 0.062500 0.074306
2 0.121289 0.133333 0.031641 0.041667
1 0.321875 0.373958 0.034375 0.063194
1 0.650000 0.299306 0.039844 0.052778
1 0.647461 0.329167 0.036328 0.045833
1 0.660352 0.349653 0.023047 0.047917
1 0.725000 0.237500 0.029687 0.044444
0 0.023047 0.081597 0.013281 0.017361
0 0.029883 0.109028 0.012109 0.013889
0 0.032227 0.099653 0.013672 0.014583
0 0.063672 0.107639 0.014844 0.016667
0 0.067578 0.125347 0.013281 0.017361
0 0.117773 0.159722 0.013672 0.018056
0 0.108203 0.164931 0.016406 0.020139
0 0.146484 0.168403 0.015625 0.027083
0 0.216797 0.242361 0.020313 0.022222
0 0.225977 0.283333 0.024609 0.027778
0 0.262109 0.311806 0.022656 0.029167
0 0.297070 0.273264 0.020703 0.025694
0 0.332031 0.306250 0.025000 0.025000
0 0.348047 0.331250 0.023438 0.023611
0 0.393945 0.337500 0.024609 0.026389
0 0.268945 0.357639 0.023828 0.029167
0 0.289844 0.332639 0.025000 0.027778
0 0.290820 0.352778 0.022266 0.027778
0 0.303711 0.407639 0.023828 0.038889
0 0.475195 0.390625 0.027734 0.025694
0 0.491211 0.421528 0.028516 0.031944
0 0.414062 0.428472 0.028906 0.036111
0 0.410742 0.450694 0.027734 0.033333
0 0.435742 0.468056 0.028516 0.041667
0 0.444727 0.454514 0.031641 0.039583
0 0.453320 0.515972 0.033203 0.040278
0 0.340234 0.779514 0.036719 0.043750
0 0.379883 0.700347 0.037891 0.045139
0 0.415234 0.729167 0.028906 0.041667
0 0.554102 0.590278 0.030859 0.041667
0 0.542188 0.982292 0.048438 0.035417
0 0.634766 0.754861 0.042188 0.050000
0 0.619141 0.912500 0.029687 0.063889
0 0.615039 0.985764 0.046484 0.028472
0 0.652734 0.956250 0.035156 0.059722
0 0.716992 0.977778 0.029297 0.044444
0 0.751172 0.852083 0.042188 0.041667
0 0.836328 0.794792 0.038281 0.054861
0 0.863086 0.792361 0.036328 0.054167
0 0.957227 0.785069 0.047266 0.046528
0 0.828711 0.718403 0.037109 0.035417
0 0.790625 0.692361 0.036719 0.034722
0 0.747070 0.659375 0.041016 0.043750
0 0.601562 0.526389 0.039062 0.038889
0 0.647266 0.522917 0.038281 0.038889
0 0.670312 0.576042 0.032813 0.035417
0 0.642969 0.558333 0.027344 0.025000
0 0.893750 0.481597 0.019531 0.032639
0 0.924805 0.415625 0.021484 0.025694
0 0.892969 0.397569 0.025781 0.025694
0 0.869727 0.446528 0.024609 0.045833
0 0.857031 0.362847 0.025781 0.028472
0 0.691211 0.384375 0.021484 0.031250
0 0.641211 0.372917 0.024609 0.041667
0 0.623437 0.372222 0.021094 0.033333
0 0.607617 0.360069 0.014453 0.024306
0 0.623828 0.339236 0.020313 0.036806
0 0.677930 0.286458 0.017578 0.025694
0 0.692578 0.295833 0.013281 0.029167
0 0.683594 0.330903 0.020313 0.024306
0 0.699023 0.269097 0.020703 0.024306
0 0.738086 0.271181 0.016797 0.025694
0 0.722656 0.282986 0.018750 0.025694
0 0.707422 0.301736 0.022656 0.031250
0 0.763477 0.281597 0.017578 0.022917
0 0.758594 0.249653 0.017969 0.022917
0 0.770703 0.234028 0.019531 0.030556
0 0.835742 0.216667 0.018359 0.022222
0 0.803906 0.187847 0.014844 0.018750
0 0.916992 0.073264 0.014453 0.017361
0 0.945898 0.052778 0.012109 0.016667
0 0.960547 0.035764 0.009375 0.014583
0 0.950000 0.035417 0.010156 0.011111
0 0.947266 0.051389 0.010937 0.013889
