0 0.486328 0.528472 0.034375 0.044444
2 0.367773 0.403472 0.061328 0.086111
2 0.687305 0.468750 0.051172 0.094444
2 0.800781 0.248264 0.034375 0.059028
2 0.863867 0.158681 0.041797 0.056250
2 0.825977 0.370486 0.071484 0.059028
2 0.323633 0.268750 0.047266 0.061111
2 0.639062 0.577431 0.064062 0.065972
1 0.321484 0.375000 0.039062 0.061111
1 0.650586 0.300347 0.042578 0.050694
1 0.647461 0.329514 0.036328 0.056250
1 0.660352 0.347222 0.032422 0.052778
1 0.794727 0.178125 0.022266 0.038194
1 0.670508 0.702083 0.060547 0.068056
0 0.052734 0.109375 0.014063 0.017361
0 0.105859 0.136458 0.017188 0.021528
0 0.113867 0.154514 0.017578 0.017361
0 0.108398 0.165972 0.016797 0.015278
0 0.135156 0.173958 0.017188 0.018750
0 0.142383 0.252778 0.019141 0.022222
0 0.173828 0.182639 0.017969 0.020833
0 0.172656 0.202083 0.017969 0.019444
0 0.194727 0.229861 0.017578 0.019444
0 0.216016 0.231250 0.019531 0.022222
0 0.181641 0.286458 0.019531 0.027083
0 0.207813 0.271875 0.019531 0.024306
0 0.250586 0.246528 0.018359 0.022222
0 0.224219 0.300347 0.021094 0.031250
0 0.236328 0.291667 0.020313 0.030556
0 0.240430 0.337847 0.021484 0.028472
0 0.277930 0.326042 0.022266 0.032639
0 0.288672 0.376042 0.021875 0.025694
0 0.333008 0.314236 0.022266 0.024306
0 0.300000 0.289583 0.022656 0.023611
0 0.335742 0.335764 0.022266 0.021528
0 0.412695 0.427431 0.025391 0.031250
0 0.410938 0.448264 0.025781 0.029861
0 0.403516 0.466667 0.025000 0.036111
0 0.435742 0.469444 0.029297 0.033333
0 0.443359 0.451389 0.026562 0.031944
0 0.477930 0.429167 0.026953 0.034722
0 0.503711 0.421181 0.027734 0.029861
0 0.376563 0.696875 0.036719 0.042361
0 0.400977 0.744444 0.034766 0.041667
0 0.542383 0.981944 0.044922 0.036111
0 0.620117 0.910069 0.031641 0.064583
0 0.613867 0.987153 0.047266 0.025694
0 0.650781 0.955556 0.036719 0.061111
0 0.716992 0.977431 0.025391 0.045139
0 0.877734 0.798958 0.039062 0.052083
0 0.636133 0.755208 0.041797 0.049306
0 0.749805 0.848958 0.037109 0.046528
0 0.654883 0.643056 0.037109 0.043056
0 0.827734 0.714931 0.037500 0.042361
0 0.792188 0.689583 0.035937 0.041667
0 0.746875 0.660417 0.037500 0.051389
0 0.804688 0.632986 0.035937 0.040972
0 0.834570 0.624306 0.029297 0.043056
0 0.742773 0.542708 0.034766 0.043750
0 0.701953 0.603819 0.033594 0.039583
0 0.691211 0.551042 0.031641 0.040972
0 0.600391 0.528125 0.035156 0.042361
0 0.600000 0.487847 0.032813 0.038194
0 0.677148 0.417361 0.012891 0.023611
0 0.727930 0.343750 0.019141 0.025000
0 0.894336 0.479514 0.019141 0.032639
0 0.924414 0.417014 0.020703 0.031250
0 0.893359 0.398958 0.023438 0.025694
0 0.866602 0.444444 0.019922 0.043056
0 0.856641 0.362847 0.022656 0.028472
0 0.608398 0.361458 0.016797 0.029861
0 0.621875 0.370486 0.017969 0.036806
0 0.639453 0.373958 0.023438 0.045139
0 0.623242 0.340278 0.018359 0.031944
0 0.685156 0.330556 0.019531 0.027778
0 0.677148 0.287153 0.016016 0.028472
0 0.699414 0.270139 0.020703 0.029167
0 0.706445 0.303819 0.023047 0.034028
0 0.724805 0.285417 0.017578 0.026389
0 0.738086 0.268056 0.016016 0.027778
0 0.757812 0.247569 0.017969 0.024306
0 0.763281 0.212847 0.017188 0.024306
0 0.805078 0.189931 0.010937 0.024306
0 0.894922 0.101389 0.014844 0.022222
0 0.948633 0.728125 0.037109 0.045139
