2 0.276758 0.329167 0.050391 0.070833
2 0.627344 0.459028 0.064844 0.102778
2 0.727344 0.227778 0.034375 0.052778
2 0.827344 0.370833 0.074219 0.061111
2 0.937891 0.054514 0.020313 0.031250
2 0.720898 0.636806 0.071484 0.080556
1 0.175195 0.295139 0.026172 0.036111
1 0.199023 0.315972 0.026953 0.031944
1 0.663672 0.347222 0.029687 0.041667
1 0.892969 0.063889 0.028906 0.033333
0 0.319141 0.285417 0.021094 0.023611
0 0.191211 0.287847 0.018359 0.025694
0 0.219336 0.335069 0.025391 0.031250
0 0.212500 0.304861 0.019531 0.029167
1 0.240039 0.301736 0.035547 0.046528
0 0.235547 0.324306 0.025000 0.040278
0 0.245703 0.357639 0.024219 0.029167
0 0.257227 0.344792 0.020703 0.029861
0 0.276953 0.360069 0.023438 0.027083
0 0.269922 0.373958 0.025781 0.029861
0 0.255078 0.382639 0.022656 0.034722
0 0.324414 0.358333 0.021484 0.027778
0 0.304297 0.339931 0.014063 0.024306
0 0.312500 0.366667 0.022656 0.029167
0 0.350781 0.378819 0.025781 0.031250
0 0.334180 0.387500 0.026953 0.030556
0 0.322656 0.398611 0.026562 0.031944
0 0.308594 0.407292 0.028906 0.038194
0 0.469336 0.529514 0.035547 0.059028
0 0.439453 0.535417 0.031250 0.052778
0 0.394922 0.595139 0.035156 0.054167
0 0.259766 0.756944 0.039062 0.059722
0 0.136328 0.882639 0.038281 0.052778
0 0.380078 0.697569 0.042188 0.050694
0 0.560937 0.436806 0.035937 0.045833
0 0.615625 0.912153 0.041406 0.063194
0 0.661523 0.844444 0.033984 0.077778
0 0.714453 0.971181 0.028906 0.057639
0 0.749023 0.847917 0.050391 0.059722
0 0.634961 0.755903 0.044141 0.057639
0 0.963672 0.735069 0.042188 0.056250
0 0.989453 0.820139 0.021094 0.047222
0 0.888672 0.711111 0.040625 0.050000
0 0.905859 0.696181 0.042188 0.049306
0 0.884570 0.659028 0.036328 0.044444
0 0.855273 0.665278 0.034766 0.041667
0 0.836328 0.676042 0.039844 0.049306
0 0.821094 0.615278 0.035937 0.040278
0 0.809961 0.629514 0.041016 0.043750
0 0.792383 0.643403 0.034766 0.042361
0 0.754297 0.614236 0.032813 0.045139
0 0.766406 0.600347 0.035937 0.039583
0 0.774023 0.584722 0.032422 0.038889
0 0.755664 0.551042 0.033203 0.039583
0 0.895703 0.480903 0.019531 0.031250
0 0.926172 0.417014 0.025000 0.034028
0 0.895117 0.395833 0.030859 0.033333
0 0.868164 0.445139 0.027734 0.047222
0 0.856250 0.359375 0.028906 0.032639
0 0.763672 0.296181 0.025000 0.035417
0 0.812695 0.246181 0.019922 0.025694
0 0.852148 0.177431 0.016016 0.027083
0 0.617773 0.354861 0.026172 0.037500
0 0.640430 0.375000 0.024609 0.048611
0 0.683398 0.330903 0.024609 0.038194
0 0.706445 0.288194 0.024609 0.033333
0 0.743164 0.247917 0.023047 0.033333
0 0.781055 0.194792 0.018359 0.025694
0 0.817187 0.164931 0.021094 0.031250
0 0.842578 0.137153 0.021875 0.031250
0 0.864258 0.114583 0.021484 0.036111
0 0.902344 0.081597 0.012500 0.028472
0 0.911133 0.088542 0.013672 0.018750
0 0.940039 0.086111 0.015234 0.023611
0 0.958984 0.062500 0.014063 0.012500
0 0.964063 0.071875 0.012500 0.014583
0 0.948242 0.032292 0.013672 0.018750
0 0.952930 0.043403 0.012109 0.018750
0 0.927930 0.054861 0.015234 0.016667
