2 0.654297 0.657639 0.110156 0.136111
2 0.673047 0.287153 0.046875 0.052083
1 0.799219 0.184028 0.025000 0.036111
2 0.829688 0.372917 0.067187 0.051389
1 0.894922 0.076042 0.022656 0.036806
1 0.756055 0.212500 0.029297 0.037500
2 0.273047 0.885417 0.069531 0.083333
0 0.017969 0.127778 0.017188 0.022222
0 0.071094 0.207639 0.015625 0.026389
0 0.082227 0.181250 0.013672 0.022222
0 0.096094 0.213542 0.017969 0.031250
0 0.141602 0.245139 0.024609 0.040278
0 0.217383 0.313542 0.022266 0.029861
0 0.212305 0.329514 0.023047 0.028472
0 0.262891 0.351042 0.021094 0.035417
0 0.298633 0.337153 0.024609 0.034028
0 0.350977 0.379167 0.026953 0.036111
0 0.334180 0.388889 0.026953 0.030556
0 0.323047 0.400000 0.025781 0.031944
0 0.300977 0.379514 0.023828 0.031250
0 0.309180 0.408681 0.025391 0.034028
0 0.300391 0.425000 0.032031 0.037500
1 0.579883 0.454167 0.023047 0.048611
1 0.587305 0.560417 0.026953 0.052778
0 0.650391 0.954514 0.036719 0.068750
0 0.716016 0.976389 0.025781 0.045833
0 0.636133 0.753125 0.038672 0.052083
0 0.682422 0.792014 0.038281 0.050694
0 0.749805 0.844792 0.037891 0.056250
0 0.880469 0.863542 0.046094 0.056250
0 0.984180 0.893403 0.030859 0.056250
0 0.963672 0.732639 0.037500 0.040278
0 0.910352 0.704167 0.038672 0.043056
0 0.858008 0.665278 0.033984 0.045833
0 0.835938 0.671875 0.034375 0.045139
0 0.819922 0.617014 0.033594 0.036806
0 0.808594 0.627778 0.036719 0.048611
0 0.791602 0.643750 0.032422 0.041667
0 0.773438 0.588542 0.035937 0.042361
0 0.765430 0.601042 0.031641 0.043750
0 0.754102 0.617014 0.034766 0.045139
0 0.708008 0.515625 0.030078 0.042361
0 0.923438 0.415278 0.023438 0.027778
0 0.864844 0.443750 0.020313 0.048611
0 0.892969 0.479514 0.017969 0.034028
0 0.892383 0.399653 0.030859 0.031250
0 0.858008 0.363889 0.022266 0.026389
0 0.616016 0.349653 0.018750 0.035417
0 0.621094 0.393403 0.020313 0.035417
0 0.632227 0.359375 0.023828 0.031250
0 0.638477 0.324653 0.021484 0.031250
0 0.653516 0.338542 0.022656 0.031250
0 0.692969 0.300000 0.016406 0.027778
0 0.673633 0.313889 0.024609 0.037500
0 0.707227 0.282639 0.017578 0.030556
0 0.715430 0.252431 0.017578 0.024306
0 0.724219 0.263889 0.018750 0.026389
0 0.738672 0.251389 0.017188 0.025000
0 0.735352 0.234028 0.016797 0.022222
0 0.754883 0.233681 0.019141 0.024306
0 0.766016 0.223264 0.012500 0.021528
0 0.778516 0.211806 0.014844 0.019444
0 0.779883 0.226042 0.017578 0.017361
0 0.782227 0.193403 0.017578 0.021528
0 0.806641 0.167014 0.011719 0.017361
0 0.815430 0.181250 0.012109 0.025000
0 0.832227 0.165278 0.017578 0.023611
0 0.818555 0.160764 0.012891 0.018750
0 0.826758 0.149653 0.012891 0.017361
0 0.836133 0.140625 0.009766 0.018750
0 0.842969 0.133681 0.010156 0.017361
0 0.849805 0.143750 0.014453 0.020833
0 0.850977 0.123264 0.010547 0.018750
0 0.860938 0.118403 0.012500 0.014583
0 0.870508 0.114931 0.012891 0.017361
0 0.885352 0.099653 0.010547 0.014583
1 0.896680 0.099653 0.013672 0.021528
0 0.916602 0.077778 0.008984 0.016667
0 0.912891 0.068750 0.006250 0.012500
0 0.939844 0.059028 0.010156 0.013889
0 0.962305 0.024653 0.011328 0.017361
0 0.976562 0.010417 0.006250 0.013889
0 0.983008 0.013542 0.006641 0.011806
0 0.310352 0.812153 0.037891 0.042361
0 0.423633 0.713542 0.029297 0.046528
0 0.424219 0.651042 0.039062 0.045139
