2 0.363672 0.603125 0.085156 0.086806
2 0.251367 0.304514 0.055859 0.072917
2 0.835742 0.376389 0.083984 0.061111
2 0.762109 0.665278 0.071094 0.090278
2 0.375391 0.765278 0.067187 0.098611
1 0.162500 0.243750 0.042188 0.055556
1 0.199219 0.313194 0.031250 0.041667
1 0.127344 0.251389 0.032031 0.040278
1 0.306445 0.811458 0.041016 0.059028
1 0.231836 0.943056 0.057422 0.069444
1 0.605859 0.360069 0.038281 0.052083
1 0.739648 0.245486 0.032422 0.045139
1 0.891992 0.081250 0.024609 0.040278
1 0.847461 0.150000 0.025391 0.041667
1 0.967773 0.018056 0.017578 0.027778
0 0.180664 0.188542 0.020703 0.029861
0 0.191406 0.290972 0.018750 0.027778
0 0.214844 0.306597 0.020313 0.025694
0 0.235547 0.324306 0.023438 0.033333
0 0.256641 0.346181 0.020313 0.031250
0 0.278125 0.358681 0.019531 0.028472
0 0.220703 0.336111 0.026562 0.031944
0 0.245508 0.356944 0.019922 0.027778
0 0.270898 0.376389 0.021484 0.029167
0 0.255469 0.384722 0.021094 0.023611
0 0.276953 0.318750 0.021875 0.038889
0 0.298828 0.337847 0.024219 0.027083
0 0.324023 0.360069 0.026172 0.035417
0 0.348633 0.379167 0.028516 0.037500
0 0.313477 0.366667 0.026172 0.029167
0 0.335352 0.387847 0.025391 0.039583
0 0.298242 0.376736 0.023828 0.032639
0 0.321289 0.399306 0.033984 0.043056
0 0.306445 0.410417 0.032422 0.048611
0 0.272852 0.735069 0.048828 0.067361
0 0.264648 0.857986 0.044141 0.053472
0 0.287891 0.878125 0.043750 0.049306
0 0.328711 0.828472 0.040234 0.045833
0 0.352148 0.759028 0.044922 0.050000
0 0.380664 0.698264 0.035547 0.047917
0 0.362109 0.658333 0.033594 0.044444
0 0.453320 0.556597 0.030859 0.045139
0 0.463672 0.515972 0.035937 0.045833
0 0.529492 0.477431 0.027734 0.053472
0 0.428320 0.710764 0.028516 0.042361
0 0.406250 0.698958 0.034375 0.045139
0 0.621875 0.915625 0.045312 0.067361
0 0.635352 0.755903 0.046484 0.063194
0 0.718750 0.977778 0.035937 0.044444
0 0.751758 0.848958 0.043359 0.057639
0 0.772656 0.807292 0.048438 0.050694
0 0.962109 0.734722 0.039062 0.043056
0 0.971484 0.694444 0.034375 0.054167
0 0.912109 0.703125 0.038281 0.053472
0 0.890625 0.710764 0.039062 0.045139
0 0.856641 0.664236 0.041406 0.042361
0 0.836719 0.674306 0.039844 0.044444
0 0.821680 0.622917 0.037109 0.041667
0 0.809766 0.630903 0.039062 0.052083
0 0.792383 0.645139 0.032422 0.038889
0 0.775586 0.589583 0.040234 0.048611
0 0.766602 0.603472 0.036328 0.044444
0 0.752344 0.617014 0.035156 0.043750
0 0.895117 0.481944 0.019922 0.041667
0 0.924609 0.417014 0.025781 0.032639
0 0.895703 0.398264 0.025781 0.032639
0 0.868555 0.445486 0.021484 0.049306
0 0.858008 0.364583 0.025391 0.033333
0 0.566406 0.386458 0.028906 0.036806
0 0.590625 0.398958 0.030469 0.043750
0 0.647852 0.340278 0.022266 0.029167
0 0.678906 0.310069 0.022656 0.036806
0 0.702148 0.263194 0.020703 0.030556
0 0.710352 0.278125 0.016797 0.028472
0 0.754883 0.220833 0.018359 0.029167
0 0.755078 0.251736 0.020313 0.025694
0 0.787109 0.213889 0.017188 0.029167
0 0.786133 0.191667 0.016797 0.023611
0 0.801562 0.174653 0.014844 0.021528
0 0.813672 0.158333 0.013281 0.020833
0 0.821484 0.168056 0.017969 0.029167
0 0.839844 0.139236 0.010156 0.027083
0 0.849219 0.125694 0.007812 0.013889
0 0.854883 0.138889 0.008984 0.018056
0 0.864453 0.132292 0.010937 0.014583
0 0.860742 0.118056 0.010547 0.018056
0 0.871484 0.109722 0.014063 0.016667
0 0.876563 0.120486 0.011719 0.018750
0 0.884766 0.095139 0.014063 0.019444
0 0.891211 0.104514 0.012109 0.018750
0 0.906836 0.089236 0.009766 0.020139
0 0.912500 0.086111 0.010156 0.013889
0 0.919922 0.077083 0.010937 0.016667
0 0.914648 0.072222 0.011328 0.013889
0 0.925195 0.072222 0.008984 0.013889
0 0.936328 0.047222 0.010156 0.015278
0 0.943555 0.043056 0.008984 0.012500
