2 0.276172 0.329514 0.053125 0.071528
2 0.647266 0.305556 0.043750 0.059722
2 0.913867 0.076389 0.016797 0.027778
2 0.725391 0.639583 0.067969 0.072222
2 0.826367 0.369097 0.072266 0.057639
1 0.240820 0.304861 0.040234 0.054167
1 0.175195 0.290972 0.031641 0.034722
1 0.197070 0.310764 0.026953 0.031250
1 0.889453 0.070486 0.024219 0.029861
1 0.659766 0.349653 0.024219 0.046528
2 0.718945 0.353819 0.056641 0.084028
0 0.210742 0.210069 0.021484 0.025694
0 0.190820 0.290625 0.021484 0.024306
0 0.211914 0.304514 0.019141 0.029861
0 0.222656 0.338542 0.022656 0.032639
0 0.234180 0.324306 0.026953 0.041667
0 0.255859 0.345486 0.019531 0.025694
0 0.246289 0.359028 0.023828 0.026389
0 0.255664 0.387500 0.021484 0.027778
0 0.268555 0.375347 0.025391 0.032639
0 0.276758 0.359028 0.024609 0.030556
0 0.296484 0.378125 0.023438 0.024306
0 0.305859 0.408333 0.026562 0.036111
0 0.321680 0.401389 0.023828 0.034722
0 0.313281 0.369097 0.019531 0.024306
0 0.333984 0.389236 0.026562 0.031250
0 0.323633 0.357986 0.023828 0.031250
0 0.349414 0.377778 0.024609 0.031944
0 0.488086 0.479167 0.025391 0.048611
0 0.472461 0.528819 0.041016 0.057639
0 0.346484 0.662847 0.040625 0.045139
0 0.378125 0.697569 0.036719 0.040972
0 0.102734 0.891319 0.045312 0.054861
0 0.209180 0.809028 0.041797 0.061111
0 0.232617 0.754167 0.039453 0.043056
0 0.580078 0.415278 0.030469 0.037500
0 0.679297 0.456250 0.025000 0.036111
0 0.635742 0.755556 0.044922 0.054167
0 0.661133 0.842361 0.034766 0.065278
0 0.618945 0.913889 0.039453 0.062500
0 0.712891 0.976389 0.033594 0.047222
0 0.652344 0.957639 0.032813 0.051389
0 0.748828 0.850347 0.038281 0.052083
0 0.987500 0.775000 0.025000 0.036111
0 0.962500 0.734028 0.037500 0.044444
0 0.883789 0.659375 0.036328 0.036806
1 0.849219 0.609375 0.054688 0.067361
0 0.905664 0.698264 0.036328 0.038194
0 0.887695 0.704167 0.039453 0.030556
0 0.894531 0.731597 0.038281 0.047917
0 0.850195 0.726736 0.041016 0.047917
0 0.834180 0.675347 0.033203 0.042361
0 0.854102 0.664236 0.032422 0.042361
0 0.819727 0.616319 0.030859 0.040972
0 0.808008 0.630208 0.037891 0.049306
0 0.792578 0.644097 0.038281 0.039583
0 0.773047 0.586458 0.039062 0.042361
0 0.766016 0.601042 0.033594 0.036806
0 0.753125 0.618056 0.037500 0.041667
0 0.893945 0.479514 0.023047 0.032639
0 0.923438 0.416667 0.025000 0.030556
0 0.891211 0.397569 0.030078 0.034028
0 0.858398 0.361458 0.025391 0.027083
0 0.867969 0.446181 0.025000 0.046528
0 0.803125 0.231944 0.021094 0.026389
0 0.626172 0.356250 0.022656 0.027778
0 0.638867 0.373264 0.023828 0.038194
0 0.683398 0.330556 0.023047 0.030556
0 0.717969 0.254514 0.021875 0.027083
0 0.757227 0.225347 0.023047 0.035417
0 0.803125 0.175694 0.018750 0.030556
0 0.831250 0.210069 0.022656 0.040972
0 0.863867 0.170833 0.018359 0.020833
0 0.826953 0.152083 0.017188 0.026389
0 0.853906 0.128472 0.018750 0.025000
0 0.873828 0.125347 0.019531 0.027083
0 0.893359 0.086458 0.011719 0.017361
0 0.901172 0.095833 0.013281 0.022222
0 0.922656 0.104861 0.016406 0.019444
0 0.930859 0.068056 0.010156 0.016667
0 0.922070 0.060417 0.013672 0.016667
0 0.978711 0.015625 0.009766 0.014583
0 0.984961 0.035764 0.009766 0.017361
