1 0.859375 0.801389 0.050781 0.086111
1 0.648633 0.333333 0.035547 0.059722
1 0.650586 0.302778 0.041016 0.054167
1 0.716992 0.244792 0.030859 0.040972
1 0.989453 0.043750 0.014063 0.026389
1 0.344531 0.803819 0.050000 0.071528
2 0.122266 0.962500 0.103906 0.075000
2 0.230273 0.875694 0.074609 0.098611
2 0.761719 0.200347 0.039844 0.054861
2 0.829297 0.370486 0.063281 0.057639
2 0.793750 0.614931 0.117188 0.117361
0 0.315234 0.300694 0.023438 0.029167
0 0.264844 0.374306 0.021875 0.034722
0 0.359375 0.388542 0.025781 0.029861
0 0.192773 0.979167 0.037891 0.040278
0 0.231836 0.932292 0.042578 0.031250
0 0.288477 0.834028 0.033984 0.045833
0 0.294141 0.865625 0.039062 0.036806
0 0.323828 0.789583 0.032813 0.045833
0 0.364453 0.751389 0.033594 0.038889
0 0.382812 0.769444 0.032031 0.045833
0 0.396484 0.714583 0.029687 0.041667
0 0.414453 0.728472 0.035156 0.040278
0 0.541211 0.981250 0.045703 0.037500
0 0.613672 0.985069 0.045312 0.029861
0 0.620313 0.910764 0.032031 0.065972
0 0.652148 0.958681 0.033984 0.057639
0 0.716992 0.976736 0.025391 0.046528
0 0.944141 0.898611 0.042188 0.065278
0 0.654883 0.847917 0.032422 0.070833
0 0.681445 0.800347 0.020703 0.060417
0 0.636328 0.755903 0.039062 0.050694
0 0.750195 0.848264 0.043359 0.052083
0 0.765820 0.728472 0.038672 0.055556
0 0.821875 0.620486 0.032031 0.040972
0 0.865039 0.629861 0.035547 0.043056
0 0.576172 0.514236 0.021875 0.054861
0 0.584961 0.452778 0.018359 0.040278
0 0.694336 0.383681 0.017578 0.031250
0 0.791797 0.344097 0.019531 0.038194
0 0.894141 0.480556 0.020313 0.034722
0 0.897656 0.444444 0.022656 0.034722
0 0.925195 0.416319 0.024609 0.025694
0 0.895703 0.395833 0.023438 0.033333
0 0.870117 0.443403 0.015234 0.046528
1 0.862891 0.404167 0.029687 0.041667
0 0.856250 0.360417 0.021094 0.023611
0 0.651563 0.364583 0.020313 0.029167
0 0.623047 0.371181 0.018750 0.027083
0 0.609180 0.360069 0.019141 0.024306
0 0.622461 0.341667 0.019922 0.034722
0 0.671289 0.316667 0.018359 0.027778
0 0.689063 0.302778 0.019531 0.033333
0 0.677344 0.288542 0.016406 0.025694
0 0.695703 0.272222 0.019531 0.027778
0 0.702734 0.285417 0.017188 0.023611
0 0.729102 0.257986 0.017578 0.020139
0 0.736523 0.270486 0.017578 0.027083
0 0.764258 0.240278 0.019922 0.025000
0 0.738477 0.231944 0.019141 0.023611
0 0.787305 0.192014 0.016797 0.020139
0 0.800781 0.194792 0.016406 0.021528
0 0.813086 0.184028 0.016016 0.018056
0 0.815430 0.160417 0.014453 0.018056
0 0.827344 0.172917 0.016406 0.018056
0 0.833203 0.155208 0.017969 0.027083
0 0.837891 0.134028 0.014063 0.016667
0 0.850000 0.131944 0.012500 0.020833
0 0.856445 0.140972 0.010547 0.019444
0 0.848242 0.147569 0.012109 0.018750
0 0.883984 0.146528 0.014844 0.020833
0 0.911133 0.119097 0.013672 0.022917
0 0.942187 0.081597 0.013281 0.017361
0 0.944141 0.097222 0.011719 0.020833
0 0.960352 0.064931 0.011328 0.014583
0 0.945117 0.039931 0.011328 0.014583
