2 0.204102 0.903819 0.089453 0.099306
2 0.905469 0.134028 0.025781 0.041667
2 0.791016 0.615278 0.122656 0.113889
2 0.830859 0.372222 0.063281 0.061111
2 0.764648 0.194444 0.036328 0.059722
1 0.345508 0.806944 0.048047 0.077778
1 0.770508 0.292014 0.031641 0.056250
1 0.660742 0.346528 0.031641 0.045833
1 0.647266 0.333333 0.034375 0.062500
1 0.650391 0.304514 0.039062 0.057639
1 0.716992 0.246528 0.030859 0.044444
1 0.861328 0.118403 0.019531 0.029861
0 0.361328 0.388194 0.028125 0.034722
0 0.232227 0.934722 0.041016 0.029167
0 0.193359 0.979861 0.045312 0.037500
0 0.288672 0.834722 0.032813 0.044444
0 0.292578 0.864236 0.039844 0.038194
0 0.325391 0.787847 0.032031 0.040972
0 0.364453 0.746528 0.028125 0.040278
0 0.381836 0.770139 0.030078 0.040278
0 0.378711 0.696528 0.033984 0.043056
0 0.396289 0.713889 0.032422 0.040278
0 0.416406 0.731250 0.032813 0.041667
0 0.593555 0.446875 0.030078 0.028472
0 0.604492 0.462500 0.029297 0.027778
0 0.683594 0.472569 0.021094 0.036806
0 0.544727 0.982292 0.043359 0.035417
0 0.615430 0.985069 0.044141 0.029861
0 0.717578 0.976736 0.024219 0.046528
0 0.750781 0.851736 0.038281 0.046528
0 0.681641 0.795833 0.018750 0.051389
0 0.634961 0.757292 0.040234 0.049306
0 0.654297 0.848611 0.033594 0.069444
0 0.617773 0.913542 0.033203 0.071528
0 0.652734 0.953125 0.035156 0.057639
0 0.821484 0.621528 0.032813 0.045833
0 0.894922 0.480556 0.017188 0.038889
0 0.926172 0.417361 0.021094 0.029167
0 0.894727 0.398611 0.023828 0.027778
0 0.858984 0.364236 0.025781 0.031250
0 0.699609 0.354167 0.021875 0.029167
0 0.665625 0.397569 0.021094 0.032639
0 0.640039 0.372222 0.025391 0.040278
0 0.623047 0.369444 0.025000 0.030556
0 0.609570 0.361111 0.016797 0.025000
0 0.623437 0.338194 0.021875 0.034722
0 0.683789 0.331250 0.018359 0.027778
0 0.671289 0.316319 0.016797 0.027083
0 0.677539 0.285764 0.016797 0.025694
0 0.687305 0.300347 0.019141 0.031250
0 0.707617 0.301736 0.017578 0.028472
0 0.725781 0.284375 0.017969 0.028472
0 0.704297 0.279167 0.018750 0.025000
0 0.698828 0.271181 0.020313 0.025694
0 0.737500 0.269792 0.015625 0.028472
0 0.752539 0.253472 0.014453 0.025000
0 0.745508 0.242361 0.018359 0.025000
0 0.737891 0.231250 0.018750 0.022222
0 0.770898 0.232292 0.016797 0.022917
0 0.791016 0.249306 0.017969 0.022222
0 0.790820 0.346181 0.017578 0.036806
0 0.812695 0.224653 0.017578 0.027083
0 0.789062 0.186806 0.010937 0.019444
0 0.801172 0.196181 0.013281 0.025694
0 0.814063 0.184028 0.014844 0.025000
0 0.834961 0.193403 0.017578 0.020139
0 0.839453 0.213889 0.015625 0.020833
0 0.826953 0.172917 0.013281 0.022222
0 0.833594 0.155208 0.016406 0.027083
0 0.824609 0.149306 0.010156 0.018056
0 0.883008 0.144444 0.012109 0.019444
0 0.880859 0.119792 0.014063 0.018750
0 0.924414 0.067708 0.014453 0.020139
0 0.979297 0.017708 0.009375 0.014583
0 0.995117 0.038194 0.009766 0.016667
