2 0.689258 0.578819 0.080859 0.084028
2 0.717578 0.345139 0.037500 0.059722
2 0.917578 0.421528 0.044531 0.051389
2 0.358203 0.779861 0.082812 0.122222
2 0.305859 0.797222 0.082812 0.123611
1 0.226953 0.893750 0.054688 0.079167
1 0.624414 0.339236 0.031641 0.040972
0 0.014648 0.123611 0.014453 0.025000
0 0.048438 0.152431 0.014063 0.017361
0 0.143359 0.267014 0.019531 0.024306
0 0.249805 0.342708 0.027734 0.031250
0 0.326367 0.360069 0.022266 0.031250
0 0.358203 0.384722 0.026562 0.033333
0 0.400391 0.417014 0.027344 0.032639
0 0.401758 0.438542 0.030078 0.035417
0 0.451367 0.439236 0.029297 0.027083
0 0.461133 0.478819 0.030078 0.036806
0 0.508594 0.458333 0.032813 0.025000
0 0.427734 0.558333 0.034375 0.037500
0 0.484766 0.563889 0.035156 0.041667
0 0.548047 0.549653 0.035937 0.029861
0 0.553711 0.482986 0.036328 0.034028
0 0.156250 0.977431 0.043750 0.045139
0 0.378320 0.692708 0.036328 0.040972
0 0.417578 0.693750 0.034375 0.044444
0 0.417773 0.726042 0.032422 0.038194
0 0.590430 0.456944 0.030859 0.022222
0 0.922852 0.072917 0.012891 0.018056
0 0.863281 0.132986 0.014063 0.015972
0 0.883008 0.146181 0.013672 0.017361
0 0.831445 0.160764 0.016797 0.024306
0 0.834766 0.193750 0.014844 0.022222
0 0.861523 0.172917 0.015234 0.023611
0 0.628516 0.987153 0.025781 0.025694
0 0.636133 0.754514 0.038672 0.046528
0 0.648633 0.959722 0.038672 0.056944
0 0.716992 0.976042 0.023047 0.047917
0 0.751172 0.849653 0.038281 0.045139
0 0.952930 0.752778 0.033984 0.040278
0 0.856055 0.661111 0.037109 0.044444
0 0.799414 0.647569 0.035547 0.040972
0 0.761914 0.602083 0.039453 0.040278
0 0.680469 0.614931 0.033594 0.039583
0 0.894922 0.479861 0.018750 0.031944
0 0.867773 0.443056 0.016797 0.040278
0 0.846289 0.372917 0.029297 0.026389
0 0.858594 0.363542 0.024219 0.029861
0 0.831445 0.350347 0.023047 0.027083
0 0.729688 0.256597 0.021875 0.027083
0 0.733984 0.275000 0.016406 0.025000
0 0.703125 0.264583 0.018750 0.026389
0 0.712891 0.278125 0.018750 0.021528
0 0.721094 0.292708 0.016406 0.022917
0 0.687500 0.281250 0.017188 0.022222
0 0.698047 0.288889 0.018750 0.029167
0 0.696289 0.310069 0.019922 0.032639
0 0.669336 0.292361 0.016797 0.025000
0 0.680273 0.308333 0.020703 0.026389
0 0.680469 0.332986 0.019531 0.027083
0 0.657617 0.309028 0.017578 0.023611
0 0.663867 0.326389 0.019922 0.025000
0 0.660547 0.352431 0.018750 0.027083
0 0.634766 0.352431 0.024219 0.040972
0 0.643555 0.373264 0.020703 0.029861
