2 0.715820 0.508681 0.061328 0.082639
2 0.761328 0.630208 0.083594 0.097917
2 0.359961 0.778819 0.080859 0.117361
2 0.299023 0.807292 0.087109 0.117361
2 0.857617 0.380556 0.047266 0.041667
1 0.017188 0.082986 0.016406 0.028472
1 0.227734 0.893056 0.053125 0.077778
1 0.624609 0.343403 0.029687 0.056250
0 0.089258 0.206597 0.016016 0.022917
0 0.320312 0.356250 0.026562 0.033333
0 0.341797 0.372222 0.022656 0.031944
0 0.362109 0.386458 0.024219 0.029861
0 0.386523 0.406944 0.025391 0.031944
0 0.412305 0.426736 0.030078 0.036806
0 0.443555 0.449306 0.027734 0.033333
0 0.383594 0.426736 0.024219 0.038194
0 0.405469 0.444097 0.026562 0.038194
0 0.439648 0.471528 0.030859 0.047222
0 0.155859 0.979861 0.044531 0.040278
0 0.378125 0.694792 0.036719 0.046528
0 0.416406 0.690625 0.032031 0.042361
0 0.417578 0.726042 0.032031 0.038194
0 0.626367 0.989236 0.021484 0.021528
0 0.650195 0.960417 0.038672 0.055556
0 0.717773 0.978125 0.024609 0.043750
0 0.635547 0.755556 0.040625 0.048611
0 0.751367 0.851042 0.042578 0.042361
0 0.853320 0.662847 0.037891 0.036806
0 0.714258 0.639583 0.036328 0.034722
0 0.893359 0.398611 0.026562 0.026389
0 0.925977 0.415972 0.023828 0.023611
0 0.894531 0.480556 0.019531 0.033333
0 0.866992 0.444444 0.014453 0.038889
0 0.857812 0.361806 0.022656 0.025000
0 0.594922 0.531250 0.032813 0.037500
0 0.604883 0.563194 0.037891 0.041667
0 0.645508 0.589583 0.036328 0.038889
0 0.972656 0.065972 0.012500 0.019444
0 0.953516 0.045139 0.011719 0.018056
0 0.899023 0.095139 0.012891 0.022222
0 0.767383 0.221528 0.019141 0.026389
0 0.776953 0.260069 0.018750 0.024306
0 0.758398 0.301736 0.017578 0.024306
0 0.732227 0.313194 0.019141 0.026389
0 0.733594 0.273264 0.016406 0.022917
0 0.709570 0.256250 0.020703 0.026389
0 0.713086 0.275347 0.016797 0.022917
0 0.721484 0.293750 0.021875 0.027778
0 0.686719 0.282986 0.015625 0.027083
0 0.697852 0.286458 0.018359 0.024306
0 0.697070 0.311806 0.020703 0.036111
0 0.668164 0.292708 0.016016 0.022917
0 0.679492 0.308681 0.019922 0.032639
0 0.679492 0.332986 0.019141 0.028472
0 0.657617 0.309375 0.017578 0.024306
0 0.663281 0.328819 0.018750 0.024306
0 0.661328 0.352431 0.019531 0.028472
0 0.635352 0.349653 0.026172 0.039583
0 0.643555 0.373611 0.020703 0.029167
