0 0.027930 0.137153 0.018359 0.032639
2 0.566016 0.471528 0.055469 0.115278
2 0.674023 0.285764 0.045703 0.050694
2 0.833008 0.372917 0.075391 0.068056
1 0.898047 0.076389 0.022656 0.034722
1 0.808008 0.178125 0.026953 0.036806
1 0.756641 0.209375 0.035156 0.039583
1 0.869727 0.446528 0.029297 0.052778
1 0.942383 0.047917 0.016797 0.025000
0 0.006836 0.132292 0.011328 0.022917
0 0.107227 0.225000 0.020703 0.027778
0 0.075977 0.207639 0.020703 0.026389
0 0.153125 0.226389 0.025000 0.027778
0 0.161133 0.268403 0.020703 0.027083
0 0.204883 0.304514 0.023828 0.034028
0 0.317383 0.371875 0.029297 0.027083
0 0.347852 0.378125 0.025391 0.034028
0 0.323633 0.404167 0.020703 0.027778
0 0.298633 0.403125 0.026953 0.038194
0 0.654883 0.652778 0.037891 0.047222
0 0.634180 0.752778 0.040234 0.054167
0 0.654102 0.951389 0.040234 0.058333
0 0.716602 0.976389 0.035547 0.045833
0 0.684766 0.793403 0.046875 0.056250
0 0.722852 0.818403 0.029297 0.053472
0 0.751172 0.851389 0.035156 0.048611
0 0.964063 0.735764 0.036719 0.043750
0 0.910547 0.701042 0.041406 0.046528
0 0.859961 0.667014 0.038672 0.045139
0 0.836719 0.674306 0.035156 0.044444
0 0.810547 0.626042 0.039062 0.049306
0 0.826172 0.621181 0.032031 0.039583
0 0.773438 0.585417 0.036719 0.048611
0 0.766016 0.599653 0.032813 0.040972
0 0.752930 0.617014 0.032422 0.045139
0 0.892969 0.477431 0.019531 0.040972
0 0.927344 0.417014 0.022656 0.024306
0 0.857422 0.361806 0.022656 0.025000
0 0.616602 0.346528 0.017578 0.037500
0 0.637305 0.323264 0.016797 0.031250
0 0.654883 0.338542 0.014453 0.031250
1 0.671680 0.343750 0.024609 0.037500
1 0.614258 0.401389 0.036328 0.040278
0 0.691602 0.299653 0.017578 0.032639
0 0.705469 0.277778 0.021094 0.025000
0 0.723047 0.289931 0.021094 0.024306
0 0.714258 0.251042 0.022266 0.025694
0 0.724219 0.263542 0.019531 0.028472
0 0.742383 0.247917 0.024609 0.025000
0 0.757422 0.230556 0.016406 0.023611
0 0.769141 0.218750 0.017969 0.025000
0 0.782227 0.208681 0.017578 0.020139
0 0.797852 0.202778 0.015234 0.020833
0 0.785352 0.185764 0.015234 0.029861
0 0.796680 0.178125 0.012891 0.020139
0 0.823633 0.171875 0.016797 0.024306
0 0.835352 0.162153 0.013672 0.015972
0 0.846094 0.151042 0.013281 0.018750
0 0.857227 0.133681 0.010547 0.025694
0 0.824805 0.146875 0.014453 0.022917
0 0.840430 0.138542 0.019141 0.017361
0 0.850977 0.124653 0.011328 0.014583
0 0.871094 0.115625 0.017969 0.018750
0 0.972266 0.018750 0.011719 0.023611
0 0.964844 0.061806 0.010156 0.015278
0 0.892969 0.394792 0.026562 0.035417
0 0.632422 0.363194 0.023438 0.031944
0 0.278320 0.882986 0.040234 0.047917
