2 0.509570 0.478125 0.086328 0.074306
2 0.795312 0.615972 0.121875 0.119444
2 0.829102 0.369792 0.072266 0.056250
2 0.827734 0.141667 0.034375 0.052778
2 0.276172 0.740972 0.062500 0.084722
1 0.412500 0.443403 0.050000 0.071528
1 0.333008 0.812847 0.051172 0.072917
1 0.658789 0.347569 0.031641 0.047917
1 0.648242 0.332639 0.037891 0.054167
1 0.649219 0.311111 0.043750 0.068056
1 0.717969 0.244792 0.028906 0.038194
0 0.010547 0.084722 0.013281 0.016667
0 0.162695 0.234375 0.017578 0.027083
0 0.241602 0.297222 0.020703 0.026389
0 0.277734 0.323611 0.022656 0.031944
0 0.313086 0.352083 0.025391 0.031944
0 0.350391 0.378472 0.026562 0.030556
0 0.347852 0.400694 0.025391 0.030556
0 0.386914 0.404514 0.030078 0.038194
0 0.465234 0.462153 0.017188 0.025694
0 0.553906 0.533681 0.035156 0.034028
0 0.599219 0.539931 0.039062 0.036806
0 0.076758 0.909375 0.048047 0.065972
0 0.205664 0.922222 0.039453 0.054167
0 0.309961 0.674306 0.032422 0.045833
0 0.378516 0.696875 0.035937 0.042361
0 0.396680 0.714236 0.033203 0.043750
0 0.414453 0.728819 0.032813 0.043750
0 0.382227 0.768403 0.037109 0.043750
0 0.363086 0.751736 0.034766 0.043750
0 0.541602 0.982292 0.049609 0.035417
0 0.613086 0.986458 0.052734 0.027083
0 0.651172 0.957986 0.034375 0.056250
0 0.716016 0.977431 0.028125 0.045139
0 0.750000 0.848958 0.042188 0.047917
0 0.620313 0.912847 0.034375 0.059028
0 0.636328 0.756944 0.042969 0.050000
0 0.643945 0.696528 0.041797 0.052778
0 0.690234 0.619444 0.037500 0.045833
0 0.737109 0.543750 0.031250 0.036111
0 0.812109 0.593750 0.034375 0.034722
0 0.819922 0.621528 0.033594 0.043056
0 0.642383 0.589583 0.037109 0.033333
0 0.642578 0.446181 0.031250 0.038194
0 0.640039 0.418750 0.031641 0.037500
0 0.681445 0.399306 0.023047 0.029167
0 0.724805 0.324653 0.020703 0.029861
0 0.639648 0.369792 0.027734 0.038194
0 0.623242 0.370833 0.023828 0.034722
0 0.609766 0.363542 0.016406 0.027083
0 0.624805 0.340278 0.020703 0.034722
0 0.684180 0.331250 0.019922 0.030556
0 0.670117 0.314583 0.018359 0.023611
0 0.677539 0.285069 0.018359 0.024306
0 0.688086 0.298611 0.017578 0.034722
0 0.706250 0.302431 0.022656 0.036806
0 0.722656 0.283681 0.014844 0.027083
0 0.894336 0.482292 0.018359 0.038194
0 0.925391 0.417708 0.022656 0.029861
0 0.893555 0.396875 0.027734 0.031250
0 0.868750 0.448611 0.018750 0.047222
0 0.858789 0.364236 0.025391 0.031250
0 0.697266 0.269097 0.019531 0.027083
0 0.715234 0.270139 0.016406 0.029167
0 0.724219 0.286806 0.017188 0.027778
0 0.737500 0.270486 0.015625 0.031250
0 0.737891 0.233333 0.020313 0.026389
0 0.757617 0.250694 0.018359 0.027778
0 0.769922 0.231597 0.016406 0.025694
0 0.782813 0.213542 0.015625 0.025694
0 0.801172 0.194097 0.017188 0.024306
0 0.818359 0.177431 0.016406 0.020139
0 0.851758 0.148264 0.015234 0.020139
0 0.860156 0.122569 0.016406 0.022917
0 0.994922 0.023958 0.010156 0.020139
