2 0.366992 0.401042 0.061328 0.084028
2 0.775586 0.268750 0.041797 0.068056
2 0.071484 0.096875 0.034375 0.040972
2 0.861133 0.659028 0.125391 0.120833
2 0.955664 0.065625 0.030078 0.040972
2 0.927344 0.105208 0.025000 0.040972
2 0.825977 0.372222 0.071484 0.055556
1 0.650586 0.302778 0.042578 0.052778
1 0.646484 0.328472 0.034375 0.054167
1 0.661914 0.348264 0.031641 0.047917
1 0.718945 0.240625 0.026953 0.040972
1 0.326562 0.377431 0.039844 0.056250
2 0.625000 0.576389 0.069531 0.077778
0 0.018359 0.077083 0.012500 0.019444
0 0.030469 0.100000 0.013281 0.015278
0 0.070898 0.126042 0.014453 0.013194
0 0.099023 0.129861 0.015234 0.020833
0 0.150195 0.193750 0.016797 0.023611
0 0.242969 0.232292 0.019531 0.022917
0 0.250781 0.256250 0.021094 0.023611
0 0.231250 0.287153 0.024219 0.034028
0 0.262500 0.311458 0.025781 0.032639
0 0.275000 0.276389 0.023438 0.027778
0 0.319141 0.287153 0.021094 0.028472
0 0.287891 0.331944 0.024219 0.025000
0 0.297070 0.358333 0.023047 0.037500
0 0.379297 0.327431 0.030469 0.031250
0 0.394336 0.359028 0.023828 0.029167
0 0.414648 0.429167 0.030078 0.034722
0 0.410156 0.450694 0.028906 0.037500
0 0.410156 0.500000 0.031250 0.044444
0 0.435937 0.467361 0.028906 0.033333
0 0.444531 0.451736 0.028125 0.034028
0 0.456445 0.504861 0.032422 0.038889
0 0.540625 0.454167 0.035156 0.033333
0 0.601562 0.526042 0.039062 0.043750
0 0.379297 0.696875 0.032813 0.038194
0 0.390234 0.721181 0.035937 0.040972
0 0.415820 0.729514 0.031641 0.042361
0 0.541211 0.980556 0.048828 0.038889
0 0.716797 0.976389 0.025781 0.047222
0 0.614844 0.986458 0.053125 0.027083
0 0.652539 0.955903 0.037109 0.060417
0 0.621875 0.910417 0.035156 0.063889
0 0.638672 0.757639 0.042188 0.055556
0 0.751758 0.849306 0.037891 0.044444
0 0.703906 0.702778 0.035937 0.047222
0 0.791211 0.692014 0.033984 0.039583
0 0.827539 0.718750 0.038672 0.045833
0 0.841016 0.703819 0.041406 0.046528
0 0.749414 0.659028 0.041016 0.043056
0 0.892383 0.667361 0.034766 0.048611
0 0.671875 0.583681 0.033594 0.036806
0 0.559375 0.600347 0.041406 0.047917
0 0.893945 0.480903 0.017578 0.034028
0 0.868164 0.444444 0.023828 0.050000
0 0.923633 0.414236 0.021484 0.025694
0 0.893555 0.397569 0.027734 0.032639
0 0.857422 0.365625 0.025000 0.024306
0 0.608203 0.359375 0.019531 0.021528
0 0.622852 0.370486 0.023047 0.021528
0 0.640039 0.371528 0.027734 0.027778
0 0.624609 0.340972 0.025781 0.031944
0 0.684180 0.330208 0.019922 0.028472
0 0.676367 0.311458 0.020703 0.025694
0 0.678125 0.288194 0.019531 0.025000
0 0.707422 0.300000 0.022656 0.034722
0 0.698047 0.273264 0.022656 0.028472
0 0.724219 0.285069 0.023438 0.027083
0 0.737695 0.268403 0.015234 0.025694
0 0.729883 0.332986 0.020703 0.027083
0 0.758594 0.248611 0.018750 0.020833
0 0.771484 0.230903 0.017969 0.025694
0 0.790430 0.204167 0.020703 0.018056
0 0.800586 0.234722 0.020703 0.018056
0 0.867969 0.180208 0.019531 0.021528
0 0.886719 0.099306 0.017188 0.023611
0 0.923633 0.073611 0.012891 0.016667
0 0.926758 0.056944 0.012891 0.019444
0 0.938086 0.059028 0.012891 0.012500
0 0.982617 0.016667 0.012109 0.016667
