2 0.310547 0.360417 0.054688 0.077778
2 0.673828 0.436806 0.053906 0.120833
2 0.827344 0.370486 0.074219 0.057639
1 0.978711 0.707639 0.042578 0.068056
2 0.750586 0.538194 0.076953 0.086111
1 0.727734 0.234722 0.037500 0.051389
2 0.648242 0.331597 0.030859 0.056250
1 0.348828 0.464931 0.058594 0.084028
0 0.119336 0.233681 0.020703 0.031250
0 0.149609 0.222222 0.021094 0.025000
0 0.167969 0.271528 0.021875 0.029167
0 0.203125 0.297569 0.023438 0.032639
1 0.187500 0.308333 0.028125 0.047222
0 0.241797 0.348611 0.032813 0.036111
0 0.236719 0.328472 0.022656 0.029167
0 0.231250 0.288194 0.022656 0.029167
0 0.270898 0.354167 0.030078 0.040278
0 0.284180 0.390625 0.025391 0.029861
0 0.415430 0.384028 0.028516 0.030556
0 0.442578 0.368750 0.029687 0.033333
0 0.374609 0.395139 0.028125 0.027778
0 0.344727 0.371181 0.013672 0.027083
0 0.322461 0.417708 0.031641 0.032639
0 0.375391 0.438194 0.028906 0.036111
0 0.383789 0.426389 0.023828 0.027778
0 0.417383 0.454167 0.030859 0.040278
0 0.382422 0.468056 0.026562 0.037500
0 0.515820 0.430208 0.030859 0.036806
0 0.542188 0.426736 0.029687 0.043750
0 0.513281 0.550000 0.029687 0.038889
0 0.495898 0.564583 0.035547 0.041667
0 0.488281 0.583333 0.032813 0.041667
0 0.378906 0.697569 0.038281 0.047917
0 0.560156 0.974653 0.046875 0.050694
0 0.612695 0.985764 0.047266 0.028472
0 0.652148 0.956944 0.035547 0.055556
0 0.716602 0.976736 0.028516 0.046528
0 0.647070 0.868750 0.037891 0.058333
0 0.634766 0.757986 0.040625 0.054861
0 0.657227 0.669097 0.040234 0.053472
0 0.991211 0.753125 0.017578 0.031250
0 0.995117 0.783681 0.009766 0.025694
0 0.953125 0.751042 0.035156 0.045139
0 0.923242 0.708333 0.034766 0.043056
0 0.915039 0.659028 0.037109 0.044444
0 0.878906 0.656250 0.036719 0.041667
0 0.884375 0.704861 0.038281 0.043056
0 0.882031 0.752778 0.040625 0.041667
0 0.839648 0.721528 0.037109 0.040278
0 0.843359 0.657986 0.039844 0.045139
0 0.835938 0.607986 0.032813 0.043750
0 0.807422 0.610417 0.035937 0.041667
0 0.809180 0.656250 0.034766 0.038889
0 0.764844 0.672917 0.045312 0.052778
0 0.745117 0.610764 0.034766 0.042361
0 0.728711 0.577083 0.033203 0.033333
0 0.695898 0.538889 0.030859 0.034722
0 0.690820 0.588889 0.022266 0.027778
2 0.698242 0.619792 0.063672 0.078472
0 0.661133 0.556597 0.030859 0.032639
0 0.625000 0.545833 0.036719 0.043056
0 0.625586 0.503819 0.036328 0.040972
0 0.895312 0.483681 0.021094 0.040972
0 0.925195 0.417014 0.022266 0.027083
0 0.894727 0.399653 0.025391 0.029861
0 0.868750 0.447569 0.018750 0.042361
0 0.857422 0.362500 0.022656 0.029167
0 0.640039 0.373264 0.023828 0.045139
0 0.621875 0.370139 0.018750 0.033333
0 0.608203 0.358333 0.015625 0.027778
0 0.623437 0.341667 0.017969 0.034722
0 0.683789 0.332986 0.020703 0.031250
1 0.661523 0.348611 0.031641 0.051389
0 0.707227 0.302431 0.023047 0.039583
0 0.731836 0.279514 0.018359 0.031250
0 0.748047 0.256597 0.019531 0.025694
0 0.771484 0.202083 0.021094 0.026389
0 0.838086 0.141319 0.017578 0.027083
0 0.954492 0.032292 0.012891 0.017361
0 0.970898 0.053125 0.009766 0.017361
0 0.979102 0.018403 0.011328 0.015972
0 0.049609 0.111458 0.013281 0.020139
