2 0.366797 0.403472 0.059375 0.086111
2 0.826758 0.637500 0.119922 0.123611
2 0.829297 0.372222 0.068750 0.052778
2 0.796680 0.250000 0.035547 0.059722
2 0.939844 0.096875 0.024219 0.038194
2 0.965820 0.059722 0.027734 0.040278
2 0.623047 0.569792 0.064062 0.064583
2 0.050781 0.086111 0.024219 0.033333
0 0.013281 0.086806 0.014063 0.015278
0 0.031250 0.111111 0.010937 0.018056
1 0.661328 0.348958 0.032813 0.056250
1 0.647656 0.330903 0.039062 0.056250
1 0.650586 0.302083 0.041016 0.054167
1 0.324023 0.376389 0.037109 0.063889
1 0.718555 0.243056 0.027734 0.036111
0 0.073633 0.113889 0.011328 0.016667
0 0.049805 0.111806 0.012891 0.016667
0 0.119336 0.171875 0.016016 0.022917
0 0.215430 0.230208 0.017578 0.020139
0 0.216602 0.214236 0.017578 0.020139
0 0.244141 0.252431 0.021094 0.022917
0 0.233984 0.289931 0.023438 0.028472
0 0.284375 0.263542 0.021875 0.024306
0 0.262695 0.311111 0.025391 0.030556
0 0.289453 0.333681 0.023438 0.025694
0 0.298047 0.359375 0.022656 0.032639
0 0.334570 0.297222 0.023828 0.025000
0 0.351562 0.326389 0.025000 0.029167
0 0.486328 0.418403 0.028906 0.031250
0 0.395313 0.459722 0.028125 0.033333
0 0.411328 0.453472 0.028906 0.041667
0 0.412305 0.427778 0.026953 0.031944
0 0.435352 0.469097 0.027734 0.039583
0 0.445117 0.454514 0.029297 0.040972
0 0.178320 0.960069 0.042578 0.049306
0 0.249023 0.914236 0.030859 0.042361
0 0.477539 0.555556 0.031641 0.045833
0 0.518555 0.553125 0.035547 0.040972
0 0.376563 0.698264 0.032031 0.042361
0 0.398633 0.714236 0.030859 0.043750
0 0.415820 0.728125 0.030078 0.043750
0 0.538672 0.980208 0.047656 0.039583
0 0.611719 0.985764 0.051562 0.028472
0 0.716211 0.977431 0.030859 0.045139
0 0.653320 0.955556 0.041797 0.063889
0 0.621484 0.912500 0.038281 0.063889
0 0.637695 0.756597 0.044141 0.053472
0 0.750000 0.851042 0.038281 0.040972
0 0.801172 0.770486 0.044531 0.047917
0 0.625000 0.646528 0.039062 0.047222
0 0.670898 0.581597 0.031641 0.038194
0 0.600586 0.523958 0.037109 0.039583
0 0.747852 0.661111 0.040234 0.044444
0 0.791016 0.690972 0.035937 0.031944
0 0.829492 0.719097 0.037109 0.039583
0 0.796094 0.672569 0.035937 0.035417
0 0.896484 0.484028 0.018750 0.040278
0 0.923828 0.414931 0.023438 0.024306
0 0.894336 0.401042 0.024609 0.025694
0 0.868555 0.447222 0.020703 0.044444
0 0.857812 0.363889 0.028125 0.027778
0 0.608398 0.357639 0.014453 0.026389
0 0.621289 0.367708 0.019922 0.031250
0 0.640430 0.372569 0.026172 0.038194
0 0.623633 0.340972 0.017578 0.037500
0 0.683594 0.331597 0.022656 0.032639
0 0.671875 0.314236 0.019531 0.027083
0 0.678320 0.288194 0.018359 0.029167
0 0.699414 0.270833 0.019922 0.023611
0 0.706250 0.302778 0.025000 0.033333
0 0.724609 0.285069 0.018750 0.027083
0 0.738086 0.268056 0.018359 0.022222
0 0.754687 0.303472 0.020313 0.031944
0 0.758008 0.247569 0.015234 0.025694
0 0.771875 0.231250 0.018750 0.026389
0 0.787500 0.209028 0.016406 0.023611
0 0.820312 0.219444 0.014844 0.020833
0 0.883398 0.164236 0.013672 0.020139
0 0.870313 0.113542 0.017188 0.020139
0 0.912695 0.086806 0.014453 0.018056
0 0.914453 0.068750 0.011719 0.020833
0 0.926367 0.072222 0.014453 0.018056
0 0.973828 0.025347 0.013281 0.014583
0 0.857227 0.646875 0.037109 0.045139
