1 0.394336 0.431250 0.052734 0.070833
2 0.479883 0.477431 0.084766 0.081250
2 0.792773 0.618056 0.119141 0.120833
2 0.829102 0.372569 0.070703 0.056250
2 0.838477 0.131944 0.031641 0.051389
1 0.329688 0.817361 0.048438 0.069444
1 0.661719 0.347222 0.025781 0.051389
1 0.648633 0.328125 0.041016 0.056250
1 0.651563 0.302431 0.042969 0.057639
2 0.319141 0.694792 0.064062 0.082639
0 0.144141 0.219792 0.017969 0.024306
0 0.027344 0.097222 0.015625 0.016667
0 0.238867 0.295139 0.022266 0.027778
0 0.271680 0.318750 0.022266 0.029167
0 0.302930 0.345139 0.024609 0.031944
0 0.330664 0.384375 0.025391 0.032639
0 0.340625 0.370139 0.025000 0.031944
0 0.372656 0.393403 0.025000 0.034028
0 0.165820 0.818750 0.041797 0.062500
0 0.161914 0.970486 0.036328 0.052083
0 0.362109 0.622917 0.029687 0.041667
0 0.377930 0.697917 0.033203 0.044444
0 0.395898 0.711806 0.033203 0.044444
0 0.415039 0.728472 0.034766 0.045833
0 0.380469 0.769097 0.035156 0.042361
0 0.364648 0.750347 0.034766 0.045139
0 0.540820 0.982292 0.046484 0.035417
0 0.617969 0.986806 0.039844 0.026389
0 0.652344 0.958681 0.035156 0.054861
0 0.715820 0.977431 0.022266 0.045139
0 0.620117 0.911111 0.033984 0.062500
0 0.636328 0.753125 0.042188 0.053472
0 0.623633 0.676736 0.037109 0.059028
0 0.750586 0.847917 0.041016 0.054167
0 0.715625 0.636111 0.039062 0.034722
0 0.852148 0.620486 0.033984 0.036806
0 0.820898 0.621875 0.030078 0.043750
0 0.755273 0.557639 0.037109 0.038889
0 0.663477 0.601736 0.034766 0.035417
0 0.615625 0.550347 0.039062 0.035417
0 0.573242 0.533681 0.035547 0.031250
0 0.608203 0.470139 0.030469 0.034722
0 0.613281 0.436806 0.029687 0.031944
0 0.655078 0.430903 0.024219 0.039583
0 0.697461 0.355556 0.019922 0.031944
0 0.925781 0.414236 0.024219 0.021528
0 0.894922 0.482292 0.020313 0.039583
0 0.894336 0.398264 0.025391 0.034028
0 0.868359 0.444444 0.018750 0.041667
0 0.868555 0.408333 0.020703 0.023611
0 0.856250 0.364583 0.022656 0.027778
0 0.639258 0.374306 0.025391 0.044444
0 0.622070 0.370486 0.019141 0.029861
0 0.609570 0.359722 0.016797 0.026389
0 0.623047 0.339236 0.018750 0.035417
0 0.683398 0.330208 0.019141 0.027083
0 0.671875 0.316667 0.015625 0.029167
0 0.678125 0.287500 0.016406 0.025000
0 0.689258 0.299653 0.019922 0.029861
0 0.705664 0.301389 0.022266 0.034722
0 0.699609 0.270486 0.020313 0.027083
0 0.724219 0.286458 0.017188 0.027083
0 0.737305 0.269097 0.016016 0.029861
0 0.726172 0.258333 0.018750 0.026389
1 0.717773 0.245486 0.028516 0.042361
0 0.736914 0.231944 0.016797 0.029167
0 0.757422 0.250000 0.016406 0.029167
0 0.770508 0.233681 0.015234 0.028472
0 0.782617 0.213889 0.014453 0.026389
0 0.801953 0.194792 0.016406 0.024306
0 0.822656 0.173958 0.015625 0.018750
0 0.861133 0.136806 0.015234 0.020833
0 0.869531 0.113542 0.014063 0.018750
0 0.986328 0.034375 0.010937 0.017361
