2 0.279492 0.322917 0.061328 0.088889
2 0.386523 0.752431 0.061328 0.088194
2 0.724414 0.639236 0.086328 0.092361
2 0.832812 0.379514 0.072656 0.065972
1 0.241211 0.300347 0.041016 0.063194
1 0.157617 0.826736 0.070703 0.074306
1 0.173437 0.290972 0.029687 0.051389
1 0.196289 0.315972 0.025391 0.048611
1 0.232031 0.934375 0.053906 0.074306
1 0.499414 0.497917 0.047266 0.077778
1 0.891992 0.077083 0.023047 0.040278
1 0.947266 0.030903 0.020313 0.029861
1 0.776563 0.215972 0.021094 0.036111
0 0.258203 0.258681 0.025781 0.032639
0 0.214062 0.307292 0.018750 0.027083
0 0.234766 0.321528 0.029687 0.048611
0 0.217578 0.334028 0.022656 0.033333
0 0.245508 0.357292 0.021484 0.031250
0 0.258594 0.344097 0.018750 0.034028
0 0.274023 0.357639 0.023047 0.030556
0 0.270313 0.375000 0.022656 0.033333
0 0.255273 0.386458 0.030078 0.034028
0 0.302148 0.338194 0.016016 0.027778
0 0.322070 0.356597 0.027734 0.035417
0 0.313281 0.367361 0.021094 0.031944
0 0.295898 0.378472 0.019922 0.025000
0 0.348242 0.380556 0.029297 0.034722
0 0.334180 0.389931 0.029297 0.032639
0 0.322070 0.398611 0.030078 0.033333
0 0.305859 0.412153 0.030469 0.042361
0 0.429688 0.546181 0.032813 0.047917
0 0.253906 0.766667 0.039844 0.045833
0 0.359570 0.619097 0.030859 0.054861
0 0.391602 0.620139 0.029297 0.052778
0 0.150781 0.879167 0.045312 0.050000
0 0.262695 0.856250 0.040234 0.052778
0 0.288477 0.872569 0.041797 0.050694
0 0.312305 0.803819 0.041797 0.056250
0 0.330273 0.828819 0.040234 0.047917
0 0.369141 0.744792 0.042969 0.036806
0 0.379492 0.699306 0.033203 0.050000
0 0.411133 0.694097 0.032422 0.045139
0 0.443555 0.687500 0.035547 0.052778
0 0.580273 0.377083 0.028516 0.037500
0 0.605078 0.386111 0.030469 0.040278
0 0.578906 0.488194 0.030469 0.044444
0 0.574805 0.528819 0.027734 0.047917
0 0.601953 0.621181 0.034375 0.059028
0 0.637305 0.755903 0.047266 0.063194
0 0.751563 0.848264 0.039062 0.052083
0 0.715820 0.973611 0.025391 0.050000
0 0.887891 0.709722 0.032813 0.043056
0 0.910742 0.698611 0.039453 0.055556
0 0.959961 0.730903 0.028516 0.043750
0 0.856445 0.665278 0.036328 0.041667
0 0.836523 0.672917 0.032422 0.047222
0 0.821680 0.620833 0.036328 0.051389
0 0.808594 0.628125 0.035156 0.047917
0 0.791016 0.647222 0.036719 0.041667
0 0.753906 0.615625 0.032031 0.050694
0 0.765234 0.603125 0.032813 0.043750
0 0.773438 0.587847 0.038281 0.042361
0 0.893750 0.478819 0.015625 0.047917
0 0.957227 0.487847 0.027734 0.035417
0 0.927148 0.414236 0.023828 0.032639
0 0.895898 0.398611 0.030859 0.040278
0 0.857617 0.367014 0.025391 0.027083
0 0.869336 0.450000 0.019141 0.054167
0 0.676172 0.304861 0.021094 0.031944
0 0.701367 0.304167 0.023828 0.048611
0 0.721484 0.250000 0.021875 0.029167
0 0.769727 0.209028 0.016797 0.027778
0 0.802930 0.173958 0.016016 0.022917
0 0.794531 0.196528 0.020313 0.023611
0 0.821289 0.173958 0.015234 0.022917
0 0.841602 0.156250 0.012891 0.018056
0 0.841992 0.136111 0.016016 0.022222
0 0.854102 0.125347 0.013672 0.024306
0 0.864258 0.131944 0.012891 0.020833
0 0.869336 0.112500 0.011328 0.016667
0 0.883789 0.097569 0.009766 0.017361
0 0.898438 0.096875 0.013281 0.021528
0 0.902148 0.075000 0.009766 0.016667
0 0.911133 0.085417 0.011328 0.019444
0 0.911719 0.066319 0.009375 0.015972
0 0.918164 0.079861 0.011328 0.026389
0 0.925195 0.073958 0.011328 0.020139
0 0.935742 0.050000 0.011328 0.020833
0 0.941797 0.042361 0.011719 0.016667
0 0.951367 0.049306 0.011328 0.019444
0 0.959180 0.038542 0.009766 0.014583
0 0.966797 0.017708 0.007812 0.011806
1 0.980859 0.017708 0.014063 0.032639
