2 0.543555 0.480556 0.089453 0.059722
2 0.829688 0.371181 0.069531 0.056250
2 0.816992 0.149653 0.031641 0.056250
2 0.793359 0.617708 0.120313 0.125694
2 0.223633 0.796181 0.080078 0.092361
1 0.430273 0.457639 0.055859 0.069444
1 0.337500 0.814236 0.049219 0.072917
1 0.650977 0.300347 0.041797 0.049306
1 0.645898 0.329167 0.033203 0.054167
1 0.660352 0.345486 0.030859 0.047917
1 0.716992 0.244792 0.026953 0.040972
0 0.177930 0.243403 0.018359 0.024306
0 0.248633 0.302431 0.024609 0.029861
0 0.285352 0.329514 0.025391 0.031250
0 0.321484 0.358681 0.025781 0.031250
0 0.360547 0.387153 0.025781 0.032639
0 0.368945 0.418750 0.028516 0.034722
0 0.398242 0.416667 0.023828 0.034722
0 0.487891 0.468403 0.033594 0.031250
0 0.526953 0.533681 0.029687 0.034028
0 0.582812 0.535764 0.036719 0.031250
0 0.624023 0.587500 0.034766 0.029167
0 0.242969 0.879861 0.038281 0.051389
0 0.171680 0.989236 0.042578 0.021528
0 0.249805 0.738542 0.032422 0.045139
0 0.382422 0.770486 0.039062 0.046528
0 0.363281 0.750694 0.033594 0.040278
0 0.378906 0.696528 0.032031 0.038889
0 0.396875 0.715625 0.035156 0.040972
0 0.415820 0.730208 0.032422 0.040972
0 0.539648 0.981250 0.049609 0.037500
0 0.615234 0.984722 0.046875 0.030556
0 0.651563 0.955903 0.035156 0.060417
0 0.716406 0.977778 0.026562 0.044444
0 0.618359 0.911458 0.032031 0.065972
0 0.635156 0.756250 0.041406 0.051389
0 0.663867 0.719444 0.037109 0.062500
0 0.750781 0.850000 0.038281 0.045833
0 0.672461 0.606944 0.037109 0.037500
0 0.724609 0.531944 0.032813 0.037500
0 0.820312 0.622222 0.035156 0.044444
0 0.778320 0.570486 0.033203 0.034028
0 0.894336 0.479861 0.018359 0.033333
0 0.926367 0.416667 0.020703 0.027778
0 0.893359 0.398264 0.025000 0.031250
0 0.866992 0.445486 0.019141 0.043750
0 0.855859 0.360764 0.023438 0.025694
0 0.668555 0.423264 0.021484 0.032639
0 0.662109 0.391319 0.025000 0.031250
0 0.711914 0.371181 0.023828 0.031250
0 0.751953 0.293056 0.017188 0.023611
0 0.639844 0.372917 0.025781 0.038889
0 0.620898 0.370139 0.022266 0.029167
0 0.608203 0.360069 0.017188 0.024306
0 0.624609 0.342361 0.021875 0.034722
0 0.684375 0.330208 0.019531 0.028472
0 0.670898 0.316319 0.017578 0.022917
0 0.687891 0.301389 0.020313 0.027778
0 0.707227 0.302083 0.020703 0.034722
0 0.709180 0.274306 0.016797 0.023611
0 0.724219 0.287847 0.017188 0.029861
0 0.697461 0.271875 0.019141 0.025694
0 0.679297 0.287847 0.018750 0.025694
0 0.738086 0.269097 0.018359 0.031250
0 0.756641 0.249653 0.016406 0.025694
0 0.736328 0.232986 0.019531 0.025694
0 0.770898 0.232639 0.016016 0.023611
0 0.782227 0.214931 0.014453 0.028472
0 0.800391 0.195139 0.017188 0.022222
0 0.816602 0.181250 0.013672 0.023611
0 0.843359 0.155556 0.013281 0.020833
0 0.849609 0.132292 0.017188 0.025694
