2 0.794727 0.655556 0.087109 0.095833
2 0.840234 0.375347 0.048438 0.040972
2 0.521875 0.425000 0.092188 0.094444
2 0.205664 0.907639 0.095703 0.130556
2 0.087109 0.117708 0.029687 0.038194
0 0.162695 0.268056 0.017578 0.023611
0 0.266016 0.279514 0.020313 0.018750
0 0.198828 0.319097 0.022656 0.022917
0 0.247070 0.354167 0.025391 0.031944
0 0.261328 0.392708 0.019531 0.031250
0 0.290234 0.396528 0.021875 0.036111
0 0.351367 0.447917 0.026172 0.033333
0 0.383398 0.495486 0.026172 0.034028
0 0.251367 0.338889 0.021484 0.029167
0 0.293555 0.375694 0.023828 0.033333
0 0.404492 0.459375 0.036328 0.057639
0 0.320703 0.376389 0.021875 0.030556
0 0.375977 0.421875 0.023828 0.034028
0 0.435742 0.469792 0.032422 0.045139
0 0.254102 0.304514 0.021484 0.027083
0 0.272461 0.317361 0.024609 0.027778
0 0.302148 0.339931 0.019922 0.025694
0 0.333594 0.365625 0.024219 0.031250
0 0.372266 0.394097 0.028125 0.031250
0 0.407422 0.423611 0.026562 0.030556
0 0.427539 0.390625 0.026172 0.028472
0 0.321484 0.795833 0.035156 0.040278
0 0.378711 0.694097 0.033203 0.046528
0 0.416602 0.692708 0.033203 0.039583
0 0.418945 0.726042 0.034766 0.034028
0 0.520312 0.584722 0.030469 0.037500
0 0.528320 0.561111 0.028516 0.043056
0 0.566211 0.481944 0.035547 0.044444
0 0.541797 0.428472 0.023438 0.030556
0 0.715820 0.978125 0.020703 0.043750
0 0.649219 0.958681 0.039062 0.050694
0 0.636523 0.755903 0.037109 0.047917
0 0.603320 0.630556 0.033203 0.041667
0 0.750000 0.848264 0.037500 0.039583
0 0.767773 0.757292 0.035547 0.042361
0 0.703125 0.701389 0.042969 0.045833
0 0.957812 0.757292 0.035937 0.039583
0 0.932422 0.711458 0.035937 0.036806
0 0.750391 0.614236 0.023438 0.025694
0 0.727930 0.575694 0.033203 0.033333
0 0.666406 0.604167 0.035937 0.034722
0 0.652539 0.546875 0.030078 0.031250
0 0.640039 0.564583 0.030859 0.036111
0 0.619922 0.572222 0.032813 0.036111
0 0.925977 0.415625 0.023828 0.022917
0 0.894531 0.480556 0.019531 0.031944
0 0.893945 0.395833 0.025391 0.026389
0 0.869141 0.443403 0.016406 0.039583
0 0.856641 0.362500 0.024219 0.023611
0 0.677148 0.314236 0.020703 0.025694
0 0.642188 0.371528 0.018750 0.025000
0 0.660352 0.353125 0.019141 0.028472
0 0.634961 0.349306 0.024609 0.036111
0 0.734180 0.254167 0.019141 0.025000
0 0.730859 0.234375 0.021094 0.038194
0 0.769336 0.223264 0.015234 0.024306
0 0.788477 0.190278 0.014453 0.022222
0 0.815234 0.160764 0.011719 0.024306
0 0.824414 0.166667 0.012891 0.026389
0 0.830469 0.143750 0.013281 0.018056
0 0.868164 0.123958 0.014453 0.018750
0 0.878711 0.108681 0.013672 0.025694
0 0.923047 0.101389 0.011719 0.019444
0 0.933594 0.108333 0.014844 0.019444
1 0.967969 0.066319 0.017188 0.025694
0 0.947852 0.053125 0.010547 0.017361
0 0.995703 0.023611 0.008594 0.012500
