2 0.367383 0.404514 0.060547 0.088194
2 0.641797 0.579167 0.062500 0.069444
2 0.699805 0.492014 0.061328 0.084028
2 0.783203 0.268056 0.039844 0.062500
2 0.851953 0.174653 0.039844 0.061806
2 0.825977 0.368750 0.071484 0.059722
2 0.366406 0.299306 0.049219 0.062500
1 0.320898 0.369792 0.040234 0.057639
1 0.650000 0.298958 0.039844 0.047917
1 0.646484 0.327431 0.034375 0.049306
1 0.661133 0.346528 0.026953 0.054167
1 0.607422 0.652431 0.054688 0.064583
1 0.806055 0.166319 0.022266 0.038194
0 0.083203 0.216667 0.020313 0.025000
0 0.081445 0.124653 0.014453 0.015972
0 0.127539 0.150694 0.016797 0.018056
0 0.143750 0.173958 0.018750 0.015972
0 0.133594 0.186806 0.018750 0.016667
0 0.125781 0.239583 0.017188 0.020833
0 0.160742 0.187153 0.017578 0.020139
0 0.162109 0.269097 0.023438 0.027083
0 0.203711 0.223264 0.020703 0.024306
0 0.208203 0.205903 0.017188 0.021528
0 0.205078 0.267361 0.021875 0.023611
0 0.208398 0.286458 0.024609 0.029861
0 0.217773 0.313542 0.024609 0.028472
0 0.233789 0.288194 0.025391 0.029167
0 0.232422 0.259375 0.020313 0.027083
0 0.247070 0.251042 0.025391 0.025694
0 0.283203 0.275000 0.021094 0.025000
0 0.273047 0.323264 0.023438 0.031250
0 0.258789 0.351736 0.024609 0.032639
0 0.336719 0.316319 0.023438 0.024306
0 0.370117 0.343750 0.024609 0.026389
0 0.385742 0.372917 0.024609 0.030556
0 0.364453 0.436458 0.028125 0.036806
0 0.410156 0.450347 0.027344 0.032639
0 0.412305 0.428819 0.028516 0.032639
0 0.436914 0.467708 0.028516 0.038194
0 0.440430 0.496875 0.031641 0.038194
0 0.443945 0.452083 0.028516 0.034722
0 0.530078 0.463194 0.029687 0.036111
0 0.548828 0.452431 0.028906 0.032639
0 0.378125 0.696875 0.036719 0.042361
0 0.390234 0.757639 0.033594 0.040278
0 0.541797 0.982292 0.047656 0.035417
0 0.615234 0.985764 0.042188 0.028472
0 0.716992 0.976736 0.023828 0.046528
0 0.651172 0.957292 0.035937 0.054861
0 0.619922 0.913194 0.032813 0.065278
0 0.871875 0.847222 0.051562 0.065278
0 0.780859 0.730903 0.039844 0.053472
0 0.636914 0.756597 0.041797 0.049306
0 0.584961 0.595833 0.033203 0.045833
0 0.599805 0.528472 0.032422 0.050000
0 0.650781 0.524306 0.036719 0.040278
0 0.696875 0.578125 0.036719 0.038194
0 0.713867 0.613889 0.033984 0.041667
0 0.748437 0.591667 0.032813 0.040278
0 0.747266 0.659722 0.040625 0.041667
0 0.791406 0.692708 0.035156 0.042361
0 0.827539 0.717014 0.038672 0.038194
0 0.852539 0.666319 0.033984 0.046528
0 0.888477 0.659722 0.031641 0.045833
0 0.985156 0.755556 0.029687 0.047222
0 0.675781 0.442361 0.015625 0.027778
0 0.708789 0.365972 0.021484 0.027778
0 0.893750 0.482292 0.019531 0.038194
0 0.925195 0.417708 0.023047 0.028472
0 0.893164 0.400347 0.026953 0.031250
0 0.866797 0.445139 0.019531 0.043056
0 0.855664 0.365625 0.023828 0.031250
0 0.608594 0.361111 0.014844 0.029167
0 0.621289 0.370486 0.019141 0.032639
0 0.639062 0.372569 0.023438 0.038194
0 0.623437 0.339583 0.017969 0.034722
0 0.685156 0.332639 0.019531 0.027778
0 0.678906 0.288194 0.021094 0.025000
0 0.699023 0.273264 0.022266 0.028472
0 0.705469 0.301389 0.022656 0.034722
0 0.724023 0.286111 0.017578 0.029167
0 0.737500 0.267708 0.017188 0.029861
0 0.760352 0.246528 0.017578 0.029167
0 0.775586 0.199653 0.017578 0.027083
0 0.822266 0.173264 0.016406 0.021528
0 0.913867 0.084375 0.012891 0.017361
