2 0.114062 0.137500 0.029687 0.041667
2 0.277539 0.330208 0.050391 0.072917
2 0.656641 0.317014 0.030469 0.046528
2 0.826367 0.369792 0.070703 0.056250
2 0.757031 0.544097 0.108594 0.117361
2 0.719531 0.635764 0.063281 0.063194
2 0.963477 0.673958 0.073047 0.092361
1 0.176172 0.294444 0.028125 0.025000
1 0.197656 0.310417 0.020313 0.026389
1 0.242188 0.309375 0.033594 0.054861
1 0.831445 0.138889 0.028516 0.034722
1 0.660352 0.346528 0.026953 0.052778
1 0.955664 0.067708 0.018359 0.031250
0 0.146875 0.219792 0.018750 0.024306
0 0.166797 0.266319 0.019531 0.025694
0 0.275977 0.272222 0.023828 0.030556
0 0.337109 0.318056 0.026562 0.034722
0 0.194141 0.289931 0.016406 0.022917
0 0.212891 0.306944 0.018750 0.027778
0 0.235547 0.323611 0.025000 0.038889
0 0.224219 0.338194 0.022656 0.027778
0 0.256250 0.346528 0.022656 0.029167
0 0.274609 0.360764 0.022656 0.032639
0 0.266602 0.374653 0.027734 0.034028
0 0.272461 0.398958 0.022266 0.031250
0 0.297852 0.382292 0.024609 0.034028
0 0.312305 0.369097 0.020703 0.027083
0 0.304102 0.339583 0.010547 0.022222
0 0.323242 0.359028 0.023828 0.029167
0 0.349414 0.378472 0.024609 0.030556
0 0.336133 0.390278 0.024609 0.033333
0 0.327539 0.404167 0.025391 0.038889
0 0.319727 0.419792 0.023047 0.032639
0 0.379688 0.697917 0.033594 0.040278
0 0.635742 0.757292 0.040234 0.049306
0 0.663086 0.843750 0.029297 0.062500
0 0.750000 0.847569 0.038281 0.054861
0 0.717187 0.977431 0.025781 0.045139
0 0.619336 0.914931 0.037891 0.061806
0 0.651758 0.956944 0.034766 0.055556
0 0.614453 0.985764 0.045312 0.028472
0 0.965625 0.760417 0.035937 0.041667
0 0.963672 0.731944 0.034375 0.033333
0 0.931055 0.736806 0.033984 0.041667
0 0.887500 0.708333 0.033594 0.037500
0 0.904883 0.700694 0.033984 0.040278
0 0.944336 0.698264 0.031641 0.038194
0 0.896875 0.667361 0.037500 0.034722
0 0.882422 0.752431 0.035937 0.043750
0 0.841016 0.724653 0.035156 0.036806
0 0.836523 0.675000 0.030859 0.040278
0 0.851758 0.663889 0.031641 0.034722
0 0.858984 0.643403 0.035937 0.035417
0 0.808008 0.627083 0.038672 0.045833
0 0.791211 0.644444 0.031641 0.036111
0 0.780664 0.658333 0.031641 0.030556
0 0.795898 0.694792 0.041016 0.045139
0 0.763867 0.598958 0.034766 0.039583
0 0.727539 0.597917 0.033984 0.027778
0 0.733984 0.620486 0.040625 0.039583
0 0.749023 0.572917 0.033984 0.036111
0 0.608789 0.359375 0.014453 0.025694
0 0.622852 0.370486 0.020703 0.029861
0 0.638672 0.371875 0.019531 0.036806
0 0.683984 0.331250 0.017188 0.027778
0 0.640039 0.327778 0.013672 0.034722
0 0.706641 0.301736 0.023438 0.031250
0 0.740625 0.265972 0.017969 0.022222
0 0.781836 0.216667 0.017578 0.029167
0 0.840234 0.194792 0.017188 0.025694
0 0.858008 0.123264 0.015234 0.021528
0 0.952539 0.033333 0.013672 0.019444
0 0.989844 0.028125 0.010156 0.014583
0 0.857422 0.363542 0.025000 0.031250
0 0.925195 0.416319 0.026172 0.025694
0 0.894727 0.480903 0.019141 0.042361
0 0.893359 0.396181 0.026562 0.036806
0 0.867188 0.446875 0.017188 0.039583
