2 0.792383 0.615972 0.118359 0.115278
2 0.829492 0.370486 0.066016 0.050694
2 0.764062 0.198611 0.039062 0.058333
2 0.123633 0.961806 0.108984 0.069444
2 0.229102 0.879861 0.085547 0.106944
1 0.647656 0.332292 0.033594 0.057639
1 0.650977 0.305208 0.040234 0.056250
1 0.717969 0.244792 0.028906 0.040972
1 0.856250 0.400347 0.033594 0.038194
1 0.345898 0.801389 0.047266 0.062500
0 0.249219 0.258681 0.023438 0.025694
0 0.359570 0.388194 0.024609 0.034722
0 0.295312 0.397222 0.019531 0.029167
0 0.191602 0.976042 0.036328 0.038194
0 0.234375 0.931944 0.041406 0.027778
0 0.288867 0.835069 0.032422 0.042361
0 0.293945 0.865278 0.038672 0.036111
0 0.325000 0.789931 0.032813 0.045139
0 0.364258 0.749306 0.033984 0.038889
0 0.382422 0.768750 0.032813 0.043056
0 0.395508 0.712500 0.033984 0.040278
0 0.415039 0.728472 0.033984 0.040278
0 0.584375 0.520139 0.021094 0.047222
0 0.604297 0.590972 0.028906 0.058333
0 0.635742 0.754514 0.040234 0.043750
0 0.542773 0.984028 0.043359 0.031944
0 0.615820 0.984722 0.044922 0.030556
0 0.619336 0.912500 0.030078 0.069444
0 0.652344 0.958681 0.033594 0.057639
0 0.654297 0.844444 0.029687 0.066667
0 0.681641 0.802431 0.018750 0.053472
0 0.717969 0.976736 0.027344 0.046528
0 0.750781 0.848611 0.038281 0.052778
0 0.909766 0.822917 0.036719 0.045833
0 0.822070 0.621875 0.030859 0.042361
0 0.775586 0.570486 0.032422 0.034028
0 0.894336 0.479861 0.018359 0.031944
0 0.895117 0.439931 0.024609 0.036806
0 0.924609 0.415972 0.021094 0.025000
0 0.894727 0.398611 0.027734 0.034722
0 0.858398 0.362500 0.024609 0.023611
0 0.868555 0.446181 0.018359 0.046528
0 0.791211 0.341667 0.017578 0.034722
0 0.740039 0.333333 0.022266 0.022222
0 0.621875 0.393403 0.022656 0.031250
0 0.621289 0.370139 0.019922 0.026389
0 0.609375 0.361111 0.016406 0.025000
0 0.623047 0.343056 0.018750 0.036111
0 0.710742 0.301736 0.017578 0.024306
0 0.671875 0.317361 0.017188 0.026389
0 0.688672 0.302778 0.020313 0.033333
0 0.676953 0.286458 0.017969 0.025694
0 0.694336 0.271528 0.019141 0.026389
0 0.702734 0.285764 0.017188 0.025694
0 0.727734 0.257986 0.014844 0.027083
0 0.737109 0.231250 0.016406 0.025000
0 0.751758 0.253125 0.015234 0.025694
0 0.800781 0.194792 0.014844 0.021528
0 0.785547 0.189236 0.016406 0.025694
0 0.809375 0.165972 0.017188 0.022222
0 0.813086 0.184722 0.012109 0.020833
0 0.825977 0.171181 0.015234 0.021528
0 0.832812 0.155556 0.016406 0.027778
0 0.836133 0.134375 0.013672 0.018750
0 0.848633 0.131944 0.011328 0.016667
0 0.847461 0.149306 0.011328 0.022222
0 0.856250 0.141667 0.012500 0.018056
0 0.906836 0.122569 0.012109 0.017361
0 0.931445 0.097917 0.012109 0.018056
0 0.925781 0.057639 0.010937 0.018056
0 0.956445 0.067014 0.011328 0.011806
0 0.962500 0.077083 0.009375 0.019444
0 0.974414 0.045486 0.010547 0.014583
