2 0.563477 0.501389 0.042578 0.131944
2 0.673438 0.284028 0.049219 0.052778
2 0.831836 0.370139 0.069922 0.063889
1 0.897852 0.078125 0.026172 0.043750
1 0.807227 0.177778 0.023828 0.040278
1 0.757227 0.209028 0.033203 0.037500
0 0.866211 0.448264 0.023828 0.054861
0 0.986133 0.007639 0.009766 0.012500
0 0.962891 0.021528 0.006250 0.012500
0 0.964844 0.027778 0.009375 0.013889
0 0.977930 0.048264 0.005078 0.017361
1 0.933594 0.060764 0.013281 0.028472
0 0.878516 0.104514 0.010156 0.017361
0 0.869141 0.112500 0.010156 0.013889
0 0.849219 0.122917 0.008594 0.012500
0 0.858008 0.134028 0.012891 0.022222
0 0.837305 0.137500 0.017578 0.015278
0 0.846875 0.151042 0.015625 0.021528
0 0.826172 0.146875 0.010156 0.014583
0 0.816797 0.159028 0.012500 0.012500
0 0.837305 0.163542 0.015234 0.017361
0 0.822461 0.172917 0.013672 0.023611
0 0.797266 0.178125 0.010937 0.013194
0 0.784180 0.188889 0.009766 0.022222
0 0.797266 0.202778 0.014844 0.022222
0 0.781641 0.211806 0.014844 0.018056
0 0.769922 0.219792 0.012500 0.020139
0 0.757422 0.232292 0.017188 0.020139
0 0.734180 0.232292 0.019141 0.024306
0 0.741602 0.244792 0.017578 0.027083
0 0.714844 0.248264 0.021875 0.028472
0 0.723437 0.263542 0.019531 0.028472
0 0.709180 0.276389 0.022266 0.026389
0 0.706641 0.299653 0.024219 0.028472
0 0.636719 0.326389 0.016406 0.036111
0 0.675391 0.310764 0.026562 0.045139
0 0.656055 0.338542 0.025391 0.027083
1 0.654883 0.359028 0.033984 0.041667
0 0.634766 0.359028 0.027344 0.034722
0 0.617383 0.348264 0.024609 0.031250
1 0.600391 0.418403 0.035156 0.040972
0 0.893555 0.395139 0.026953 0.037500
0 0.925391 0.413889 0.024219 0.026389
0 0.896094 0.480903 0.015625 0.042361
0 0.653516 0.956250 0.038281 0.062500
0 0.714844 0.976389 0.024219 0.047222
0 0.735352 0.809028 0.036328 0.055556
0 0.750977 0.849306 0.030078 0.048611
0 0.685547 0.797917 0.046875 0.073611
0 0.635352 0.754167 0.042578 0.061111
0 0.692969 0.687500 0.035156 0.047222
0 0.754883 0.617014 0.035547 0.045139
0 0.767969 0.602778 0.032031 0.047222
0 0.775977 0.585764 0.032422 0.046528
0 0.811719 0.626042 0.039062 0.050694
0 0.789258 0.640278 0.033203 0.045833
0 0.825586 0.621875 0.032422 0.043750
0 0.835352 0.671875 0.040234 0.050694
0 0.860547 0.664931 0.031250 0.052083
0 0.909766 0.699653 0.042188 0.056250
0 0.959766 0.687153 0.035156 0.045139
0 0.963672 0.734028 0.046094 0.048611
0 0.351172 0.377778 0.030469 0.040278
0 0.330469 0.383681 0.026562 0.038194
0 0.323047 0.399653 0.032031 0.035417
0 0.304688 0.402778 0.028906 0.045833
0 0.228516 0.326042 0.025000 0.031250
0 0.184180 0.285417 0.019922 0.036111
0 0.183594 0.246875 0.019531 0.032639
0 0.131836 0.243056 0.023828 0.025000
0 0.048633 0.157292 0.025391 0.028472
0 0.009180 0.118403 0.010547 0.017361
0 0.327930 0.824653 0.044141 0.049306
0 0.122852 0.982639 0.048828 0.033333
0 0.857617 0.362500 0.024609 0.029167
