2 0.412500 0.437847 0.068750 0.090972
2 0.793359 0.618056 0.117969 0.113889
2 0.828125 0.371875 0.068750 0.057639
2 0.872461 0.104861 0.032422 0.052778
2 0.430664 0.581944 0.064453 0.068056
1 0.348242 0.394444 0.046484 0.069444
1 0.660352 0.346181 0.026953 0.049306
1 0.717578 0.243403 0.025781 0.039583
2 0.977930 0.051042 0.018359 0.038194
1 0.649023 0.332292 0.036328 0.057639
1 0.650000 0.302431 0.039844 0.057639
0 0.024414 0.094792 0.012891 0.017361
0 0.025781 0.084028 0.012500 0.012500
0 0.039453 0.095486 0.010156 0.014583
0 0.086719 0.136806 0.012500 0.013889
0 0.090234 0.183333 0.014063 0.022222
0 0.238281 0.294444 0.021875 0.025000
0 0.263477 0.312153 0.022266 0.029861
0 0.289453 0.332639 0.023438 0.023611
0 0.299023 0.359028 0.023828 0.030556
0 0.326172 0.356597 0.022656 0.029861
0 0.354102 0.623264 0.033984 0.056250
0 0.378906 0.696875 0.032031 0.039583
1 0.286328 0.861458 0.051562 0.061806
0 0.363086 0.751042 0.030859 0.039583
0 0.382031 0.769792 0.033594 0.042361
0 0.416406 0.729167 0.031250 0.044444
0 0.397266 0.714931 0.032031 0.040972
0 0.492969 0.533333 0.026562 0.027778
0 0.541797 0.982986 0.049219 0.034028
0 0.614453 0.985417 0.042969 0.029167
0 0.620703 0.911806 0.031250 0.059722
0 0.652539 0.958681 0.033203 0.054861
0 0.717969 0.977431 0.029687 0.045139
0 0.750586 0.850000 0.036328 0.045833
0 0.636133 0.756597 0.039453 0.047917
0 0.599023 0.602083 0.037109 0.048611
0 0.502930 0.492708 0.035547 0.035417
0 0.516406 0.460417 0.035937 0.029167
0 0.562305 0.483333 0.035547 0.030556
0 0.620117 0.438194 0.028516 0.036111
0 0.624023 0.550000 0.032422 0.030556
0 0.670703 0.583333 0.033594 0.033333
0 0.725977 0.645139 0.034766 0.031944
0 0.780469 0.687500 0.037500 0.041667
0 0.821094 0.620486 0.029687 0.040972
0 0.829492 0.606250 0.034766 0.041667
0 0.951172 0.478472 0.030469 0.034722
0 0.925391 0.415972 0.021094 0.025000
0 0.894141 0.479167 0.019531 0.036111
0 0.868945 0.442708 0.016797 0.042361
0 0.892773 0.398264 0.025391 0.025694
0 0.857617 0.364931 0.023828 0.028472
0 0.609570 0.360417 0.016797 0.027778
0 0.621484 0.369444 0.018750 0.025000
0 0.638477 0.371528 0.023828 0.038889
0 0.621680 0.336806 0.018359 0.029167
0 0.683984 0.329167 0.017969 0.026389
0 0.669531 0.316319 0.017188 0.025694
0 0.677734 0.287847 0.017188 0.027083
0 0.699414 0.269444 0.020703 0.025000
0 0.700977 0.285764 0.018359 0.028472
0 0.706055 0.303125 0.019922 0.032639
0 0.724609 0.286806 0.017969 0.029167
0 0.737891 0.268750 0.018750 0.027778
0 0.757227 0.251736 0.016797 0.029861
0 0.771094 0.230556 0.015625 0.025000
0 0.750391 0.221181 0.016406 0.025694
0 0.771484 0.210764 0.016406 0.022917
0 0.782227 0.213889 0.012891 0.023611
0 0.800781 0.194444 0.019531 0.025000
0 0.840039 0.155556 0.013672 0.020833
0 0.896094 0.104167 0.010156 0.016667
0 0.904492 0.079861 0.012109 0.016667
0 0.953906 0.070833 0.012500 0.019444
