2 0.278516 0.325000 0.057813 0.086111
2 0.538867 0.568056 0.051953 0.086111
2 0.827344 0.372222 0.072656 0.061111
2 0.728320 0.644444 0.084766 0.095833
1 0.241797 0.300347 0.035937 0.056250
1 0.174414 0.290972 0.031641 0.051389
1 0.199414 0.315972 0.031641 0.041667
1 0.183203 0.831944 0.062500 0.087500
1 0.282227 0.882292 0.055859 0.085417
1 0.888672 0.088889 0.028125 0.043056
1 0.963086 0.032292 0.018359 0.032639
1 0.947656 0.032639 0.019531 0.026389
1 0.725000 0.282986 0.035156 0.047917
2 0.164258 0.955903 0.105859 0.088194
0 0.115430 0.157292 0.019141 0.025694
0 0.213672 0.307639 0.020313 0.030556
0 0.236719 0.321181 0.025781 0.035417
0 0.223633 0.337500 0.024609 0.036111
0 0.247070 0.359028 0.020703 0.031944
0 0.256250 0.345486 0.021094 0.027083
0 0.275000 0.359028 0.024219 0.031944
0 0.269336 0.375347 0.026953 0.032639
0 0.256641 0.386111 0.028906 0.037500
0 0.302148 0.339236 0.016797 0.022917
0 0.323828 0.358681 0.028125 0.032639
0 0.349023 0.377431 0.028516 0.032639
0 0.333984 0.388194 0.027344 0.030556
0 0.315820 0.369792 0.024609 0.029861
0 0.321875 0.398264 0.028125 0.036806
0 0.307031 0.408681 0.022656 0.036806
0 0.387500 0.347569 0.033594 0.031250
0 0.451562 0.532292 0.033594 0.054861
0 0.490820 0.591319 0.035547 0.057639
0 0.313672 0.695139 0.035937 0.058333
0 0.094922 0.904861 0.043750 0.058333
0 0.360156 0.748611 0.039844 0.047222
0 0.350977 0.804167 0.041797 0.056944
0 0.377930 0.695139 0.033984 0.050000
0 0.416992 0.685764 0.043359 0.060417
0 0.426172 0.717361 0.039062 0.055556
0 0.602930 0.498264 0.035547 0.046528
0 0.556641 0.507986 0.032031 0.036806
0 0.562109 0.386806 0.034375 0.041667
0 0.636914 0.755208 0.044922 0.061806
0 0.676367 0.742708 0.037109 0.068750
0 0.677148 0.818403 0.030859 0.072917
0 0.718555 0.972917 0.023828 0.054167
0 0.748828 0.844792 0.039062 0.052083
0 0.863281 0.789236 0.047656 0.050694
0 0.964844 0.729167 0.045312 0.054167
0 0.908789 0.694792 0.043359 0.054861
0 0.889062 0.708333 0.036719 0.052778
0 0.855664 0.664583 0.037109 0.048611
0 0.837109 0.673611 0.037500 0.052778
0 0.809766 0.627083 0.041406 0.051389
0 0.820898 0.615972 0.032422 0.044444
0 0.791602 0.648958 0.033984 0.047917
0 0.754102 0.616319 0.041016 0.045139
0 0.764453 0.604514 0.035156 0.045139
0 0.773633 0.590278 0.041797 0.052778
0 0.892383 0.477778 0.017578 0.033333
0 0.925781 0.415625 0.022656 0.031250
0 0.892188 0.395139 0.029687 0.034722
0 0.873437 0.412500 0.024219 0.031944
0 0.867383 0.447917 0.028516 0.054167
0 0.859180 0.361111 0.026172 0.030556
0 0.638477 0.372569 0.027734 0.049306
0 0.696484 0.290278 0.020313 0.033333
0 0.719727 0.246528 0.019922 0.031944
0 0.745898 0.242708 0.016016 0.031250
0 0.792578 0.205556 0.017188 0.026389
0 0.785156 0.189583 0.017969 0.026389
0 0.805273 0.170833 0.018359 0.026389
0 0.827734 0.167361 0.014844 0.019444
0 0.830664 0.148264 0.013672 0.018750
0 0.846484 0.142014 0.017969 0.032639
0 0.856055 0.195486 0.015234 0.024306
0 0.860547 0.117708 0.014063 0.022917
0 0.875977 0.118403 0.015234 0.024306
0 0.899805 0.081250 0.009766 0.016667
0 0.907617 0.086458 0.015234 0.025694
0 0.908594 0.072569 0.013281 0.015972
0 0.916797 0.063542 0.014063 0.017361
0 0.920508 0.078125 0.010547 0.018750
0 0.934961 0.049653 0.010547 0.015972
0 0.941016 0.042014 0.010156 0.014583
0 0.946875 0.050694 0.008594 0.020833
0 0.983203 0.013889 0.009375 0.015278
