2 0.793359 0.653819 0.084375 0.099306
2 0.792969 0.612500 0.121094 0.112500
2 0.832812 0.374653 0.059375 0.049306
2 0.421680 0.664931 0.076172 0.100694
2 0.503711 0.567361 0.055859 0.084722
2 0.038086 0.086111 0.032422 0.041667
1 0.807422 0.801389 0.053125 0.059722
0 0.086914 0.125347 0.012891 0.020139
0 0.195117 0.193750 0.022266 0.031944
0 0.145313 0.272569 0.019531 0.024306
0 0.173828 0.274306 0.018750 0.029167
0 0.195508 0.275000 0.022266 0.029167
0 0.190430 0.307292 0.023047 0.029861
0 0.278320 0.272569 0.024609 0.027083
0 0.316406 0.282639 0.019531 0.025000
0 0.221875 0.338194 0.020313 0.031944
0 0.236328 0.328125 0.021094 0.031250
0 0.253906 0.304514 0.020313 0.025694
0 0.271875 0.315972 0.021875 0.031944
0 0.257422 0.339236 0.032031 0.049306
0 0.254883 0.365972 0.022266 0.025000
0 0.250781 0.383681 0.022656 0.029861
0 0.279687 0.385764 0.024219 0.034028
0 0.284375 0.367361 0.022656 0.033333
0 0.309766 0.367361 0.022656 0.033333
0 0.317578 0.351389 0.024219 0.029167
0 0.303711 0.406944 0.023828 0.036111
0 0.314063 0.393750 0.022656 0.029167
0 0.338477 0.390625 0.026953 0.034028
0 0.338672 0.367361 0.025000 0.027778
0 0.360352 0.387153 0.023828 0.036806
0 0.410156 0.361111 0.027344 0.023611
0 0.083984 0.950694 0.039062 0.052778
0 0.130078 0.993056 0.033594 0.013889
0 0.237109 0.876736 0.053906 0.077083
0 0.285352 0.867708 0.037109 0.035417
0 0.309570 0.806944 0.033984 0.041667
0 0.343359 0.801736 0.036719 0.057639
0 0.454102 0.693056 0.034766 0.034722
0 0.463086 0.510417 0.028516 0.040278
0 0.529883 0.593403 0.027734 0.038194
0 0.645312 0.684722 0.038281 0.037500
0 0.636328 0.754861 0.039062 0.043056
0 0.615820 0.986806 0.040234 0.026389
0 0.652148 0.957639 0.032422 0.058333
0 0.716992 0.977083 0.024609 0.045833
0 0.751563 0.851389 0.042969 0.045833
0 0.948438 0.750347 0.030469 0.039583
0 0.904883 0.718056 0.037109 0.040278
0 0.909570 0.697222 0.033984 0.036111
0 0.858789 0.683681 0.045703 0.054861
0 0.718945 0.638889 0.037891 0.040278
0 0.729492 0.627431 0.033984 0.036806
0 0.756055 0.620486 0.024609 0.025694
0 0.822266 0.620833 0.032813 0.043056
0 0.924414 0.417014 0.021484 0.031250
0 0.894922 0.480208 0.014844 0.034028
0 0.893750 0.397917 0.024219 0.031944
0 0.866211 0.445139 0.014453 0.047222
0 0.857812 0.363889 0.019531 0.023611
0 0.643750 0.371875 0.018750 0.029861
0 0.676562 0.377778 0.017188 0.031944
0 0.751172 0.293403 0.020313 0.022917
0 0.856641 0.194444 0.014063 0.025000
0 0.869141 0.162153 0.013281 0.021528
1 0.850977 0.125347 0.016016 0.024306
0 0.890234 0.107986 0.014063 0.017361
0 0.951953 0.073611 0.012500 0.015278
0 0.960352 0.037500 0.009766 0.016667
0 0.984180 0.011111 0.008984 0.012500
0 0.987695 0.747222 0.024609 0.033333
0 0.988281 0.775347 0.023438 0.043750
