2 0.836133 0.376389 0.049609 0.043056
2 0.796094 0.652431 0.086719 0.092361
2 0.358594 0.779861 0.082031 0.122222
2 0.298633 0.806944 0.084766 0.123611
2 0.155664 0.169444 0.041016 0.059722
0 0.227539 0.890625 0.055859 0.079861
0 0.006055 0.081250 0.010547 0.016667
0 0.083594 0.131250 0.016406 0.022222
0 0.091797 0.152778 0.011719 0.015278
0 0.166016 0.206944 0.014063 0.022222
0 0.162305 0.167708 0.013672 0.022917
0 0.226367 0.219097 0.016016 0.021528
0 0.235742 0.242708 0.019141 0.028472
0 0.312500 0.281944 0.018750 0.022222
0 0.408008 0.352778 0.022266 0.026389
0 0.389062 0.368056 0.023438 0.027778
0 0.312500 0.349653 0.020313 0.029861
0 0.336914 0.368403 0.025391 0.034028
0 0.361523 0.387153 0.023828 0.034028
0 0.387500 0.408333 0.028125 0.031944
0 0.412109 0.424306 0.025000 0.038889
0 0.438281 0.444792 0.027344 0.039583
0 0.382812 0.425347 0.023438 0.036806
0 0.404297 0.443056 0.024219 0.038889
0 0.438477 0.472222 0.033984 0.041667
0 0.379102 0.694792 0.036328 0.039583
0 0.377734 0.726042 0.027344 0.018750
0 0.417773 0.693403 0.033203 0.039583
0 0.418945 0.728472 0.033984 0.036111
0 0.626758 0.989236 0.022266 0.021528
0 0.650195 0.960069 0.037891 0.053472
0 0.715039 0.977778 0.022266 0.044444
0 0.634570 0.756944 0.041016 0.048611
0 0.584766 0.650347 0.035937 0.038194
0 0.658203 0.672569 0.035156 0.040972
0 0.687891 0.666667 0.030469 0.044444
0 0.781641 0.780556 0.039844 0.052778
0 0.751758 0.850694 0.040234 0.041667
0 0.896875 0.902778 0.040625 0.052778
0 0.970508 0.693750 0.034766 0.036111
0 0.723633 0.646528 0.033203 0.037500
0 0.659961 0.598611 0.031641 0.033333
0 0.613867 0.569444 0.035547 0.038889
0 0.600586 0.536458 0.033203 0.034028
0 0.579297 0.486111 0.039844 0.052778
0 0.925000 0.415625 0.021875 0.024306
0 0.938477 0.502778 0.023828 0.037500
0 0.895312 0.478125 0.019531 0.031250
0 0.895117 0.396528 0.023828 0.030556
0 0.869922 0.446875 0.021875 0.047917
0 0.858008 0.364583 0.023047 0.030556
0 0.717578 0.344792 0.020313 0.032639
0 0.623047 0.339236 0.027344 0.047917
0 0.633984 0.350347 0.021875 0.039583
0 0.641992 0.372917 0.021484 0.031944
0 0.658008 0.309722 0.017578 0.027778
0 0.662500 0.329167 0.017188 0.027778
0 0.661133 0.353819 0.017578 0.027083
0 0.671484 0.290278 0.016406 0.029167
0 0.679297 0.310764 0.017969 0.025694
0 0.680078 0.332986 0.020313 0.028472
0 0.698242 0.271875 0.017578 0.025694
0 0.697656 0.288889 0.020313 0.025000
0 0.696484 0.312847 0.021875 0.035417
0 0.720703 0.265972 0.017969 0.025000
0 0.776758 0.223958 0.016016 0.020139
0 0.876953 0.118403 0.012500 0.017361
0 0.981836 0.014583 0.010547 0.015278
0 0.955859 0.030903 0.009375 0.015972
