2 0.276172 0.329514 0.058594 0.075694
2 0.832422 0.371181 0.067969 0.046528
2 0.724023 0.634028 0.069141 0.088889
2 0.194727 0.951042 0.148828 0.097917
1 0.027344 0.979861 0.048438 0.040278
1 0.242773 0.300694 0.036328 0.044444
1 0.175781 0.292361 0.027344 0.034722
1 0.198242 0.317014 0.026953 0.038194
1 0.878906 0.096528 0.025000 0.043056
1 0.959961 0.031944 0.012109 0.026389
1 0.945703 0.029514 0.019531 0.024306
1 0.700391 0.301042 0.028906 0.047917
1 0.604102 0.495833 0.048047 0.068056
0 0.214062 0.306944 0.020313 0.029167
0 0.073633 0.127431 0.019141 0.027083
0 0.318164 0.307639 0.027734 0.027778
0 0.350195 0.378472 0.024609 0.030556
0 0.323633 0.358333 0.027734 0.034722
0 0.311914 0.368750 0.021484 0.025000
0 0.234961 0.325347 0.026953 0.036806
0 0.322461 0.309722 0.029297 0.025000
0 0.255078 0.343056 0.021875 0.027778
0 0.245508 0.356597 0.022266 0.024306
0 0.256250 0.385764 0.025000 0.034028
0 0.268359 0.372917 0.021094 0.031944
0 0.276172 0.357639 0.020313 0.026389
0 0.299219 0.378819 0.021094 0.020139
0 0.306445 0.406944 0.026172 0.036111
0 0.321484 0.398264 0.028906 0.035417
0 0.334570 0.389931 0.025391 0.031250
0 0.313281 0.370139 0.021094 0.026389
0 0.324414 0.359028 0.026172 0.029167
0 0.302930 0.340972 0.014453 0.019444
0 0.500977 0.393750 0.030859 0.034722
0 0.325000 0.662500 0.041406 0.043056
0 0.456836 0.638542 0.033984 0.052083
0 0.173828 0.853472 0.046094 0.051389
0 0.327539 0.827083 0.044922 0.054167
0 0.375391 0.698611 0.033594 0.050000
0 0.408203 0.694444 0.028906 0.052778
0 0.407227 0.742708 0.033984 0.052083
0 0.482812 0.669444 0.035937 0.050000
0 0.558398 0.509722 0.027734 0.044444
0 0.567969 0.422917 0.022656 0.040278
0 0.623242 0.435764 0.030859 0.038194
0 0.640039 0.371181 0.029297 0.049306
0 0.660742 0.429167 0.023828 0.026389
0 0.623437 0.437153 0.027344 0.031250
0 0.655859 0.331944 0.021875 0.038889
0 0.683984 0.284375 0.017969 0.031250
0 0.754687 0.217708 0.014063 0.024306
0 0.762109 0.238194 0.017969 0.027778
0 0.778906 0.197569 0.015625 0.028472
0 0.810547 0.166319 0.014063 0.022917
0 0.809570 0.187500 0.020703 0.023611
0 0.827734 0.163194 0.015625 0.029167
0 0.847852 0.129861 0.011328 0.026389
0 0.858008 0.136111 0.013672 0.019444
0 0.885742 0.159375 0.016016 0.018750
0 0.897656 0.096528 0.014844 0.022222
0 0.904883 0.079167 0.012891 0.019444
0 0.914258 0.070139 0.012891 0.016667
0 0.910937 0.087153 0.011719 0.017361
0 0.934961 0.050347 0.011328 0.017361
0 0.941016 0.040278 0.010156 0.013889
0 0.947656 0.050000 0.010156 0.016667
0 0.974023 0.010417 0.008203 0.011111
0 0.975195 0.020139 0.008203 0.016667
0 0.642383 0.720139 0.042578 0.043056
0 0.635352 0.757986 0.042578 0.049306
0 0.681445 0.777778 0.026953 0.069444
0 0.749023 0.847917 0.044922 0.047222
0 0.719141 0.976736 0.032031 0.046528
0 0.648047 0.869792 0.034375 0.059028
0 0.962695 0.732986 0.041797 0.049306
0 0.906836 0.696181 0.042578 0.049306
0 0.887109 0.711111 0.036719 0.050000
0 0.856445 0.665278 0.039453 0.043056
0 0.836914 0.675000 0.036328 0.045833
0 0.820508 0.619792 0.033984 0.042361
0 0.808203 0.629861 0.039062 0.047222
0 0.791406 0.643403 0.032031 0.042361
0 0.753906 0.615972 0.028906 0.037500
0 0.764648 0.601389 0.033203 0.040278
0 0.771875 0.585417 0.039062 0.043056
0 0.894727 0.480208 0.020703 0.045139
0 0.925781 0.415972 0.023438 0.034722
0 0.893945 0.397569 0.029297 0.032639
0 0.868359 0.446528 0.024219 0.056944
0 0.845508 0.400347 0.022266 0.029861
0 0.858594 0.359722 0.028906 0.031944
