2 0.361719 0.402083 0.062500 0.087500
2 0.739844 0.558333 0.076563 0.086111
2 0.867773 0.612500 0.086328 0.086111
2 0.740430 0.304167 0.045703 0.077778
2 0.646484 0.699653 0.088281 0.107639
2 0.675195 0.605208 0.056641 0.071528
2 0.827734 0.372222 0.071875 0.061111
1 0.310547 0.363194 0.039844 0.062500
1 0.295312 0.396181 0.039062 0.053472
1 0.645898 0.330208 0.035547 0.056250
1 0.661719 0.346528 0.025781 0.050000
1 0.653320 0.297917 0.044922 0.041667
1 0.912695 0.073611 0.016797 0.026389
0 0.063281 0.163194 0.015625 0.023611
0 0.024219 0.151042 0.009375 0.014583
0 0.092578 0.190625 0.014063 0.020139
0 0.092969 0.208681 0.015625 0.022917
0 0.136328 0.185069 0.017188 0.020139
0 0.151953 0.167708 0.016406 0.021528
0 0.222266 0.206597 0.016406 0.022917
0 0.244141 0.235069 0.019531 0.022917
0 0.156641 0.232292 0.021875 0.027083
0 0.199414 0.261458 0.020703 0.024306
0 0.183594 0.284375 0.017188 0.028472
0 0.242969 0.297917 0.023438 0.027778
0 0.226758 0.320139 0.023828 0.030556
0 0.275586 0.317361 0.022266 0.029167
0 0.362305 0.319444 0.026172 0.033333
0 0.383203 0.314583 0.016406 0.026389
0 0.459961 0.390625 0.027734 0.029861
0 0.395313 0.371181 0.021875 0.027083
0 0.484766 0.385069 0.021875 0.029861
0 0.397656 0.412153 0.020313 0.028472
0 0.410742 0.448611 0.025391 0.033333
0 0.398828 0.484028 0.035156 0.051389
0 0.436719 0.471181 0.028906 0.036806
0 0.438477 0.447222 0.029297 0.036111
0 0.504297 0.446875 0.032031 0.039583
0 0.482227 0.515625 0.043359 0.060417
0 0.379492 0.696528 0.030859 0.041667
0 0.233398 0.933333 0.041016 0.040278
0 0.524023 0.585417 0.033984 0.040278
0 0.560937 0.461806 0.029687 0.036111
0 0.577734 0.447917 0.030469 0.034722
0 0.568945 0.490278 0.030078 0.041667
0 0.599219 0.529514 0.035156 0.050694
0 0.622070 0.521875 0.024609 0.036806
0 0.603320 0.607639 0.039453 0.040278
0 0.608594 0.646528 0.028906 0.029167
0 0.643555 0.562500 0.028516 0.033333
0 0.688867 0.553472 0.033203 0.040278
0 0.729492 0.601736 0.037891 0.038194
0 0.791211 0.579514 0.027734 0.035417
0 0.798242 0.649306 0.036328 0.041667
0 0.747852 0.659028 0.042578 0.040278
0 0.791602 0.689931 0.034766 0.036806
0 0.828516 0.715625 0.039062 0.046528
0 0.877148 0.679861 0.033984 0.038889
0 0.960352 0.731944 0.041016 0.044444
0 0.918555 0.725694 0.035547 0.038889
0 0.905664 0.745833 0.034766 0.041667
0 0.788867 0.738542 0.037891 0.042361
0 0.762695 0.768750 0.038672 0.054167
0 0.634961 0.757639 0.040234 0.051389
0 0.747852 0.848958 0.037891 0.039583
0 0.924414 0.863889 0.040234 0.051389
0 0.981445 0.961806 0.037109 0.052778
0 0.715430 0.975694 0.028516 0.048611
0 0.620313 0.911458 0.038281 0.061806
0 0.652930 0.959722 0.037109 0.050000
0 0.615430 0.984722 0.046484 0.030556
0 0.544141 0.981944 0.048438 0.036111
0 0.608008 0.358333 0.012891 0.020833
0 0.621094 0.372569 0.019531 0.038194
0 0.638867 0.375000 0.023047 0.045833
0 0.622852 0.336458 0.023047 0.031250
0 0.683789 0.330903 0.018359 0.027083
0 0.687891 0.274653 0.018750 0.027083
0 0.707031 0.300000 0.022656 0.031944
0 0.725586 0.285417 0.018359 0.030556
0 0.738867 0.267708 0.020703 0.025694
0 0.736719 0.236111 0.019531 0.030556
0 0.872656 0.126389 0.012500 0.019444
0 0.881445 0.098958 0.013672 0.020139
0 0.952148 0.046528 0.011328 0.022222
0 0.927344 0.418403 0.025000 0.027083
0 0.894727 0.481944 0.019922 0.036111
0 0.870117 0.446875 0.025391 0.050694
0 0.892773 0.398264 0.027734 0.042361
0 0.857227 0.364236 0.024609 0.027083
2 0.678320 0.448611 0.049609 0.098611
