1 0.583008 0.553125 0.031641 0.053472
1 0.716797 0.712847 0.041406 0.060417
1 0.797266 0.193403 0.022656 0.039583
1 0.756836 0.210069 0.030859 0.034028
1 0.895312 0.080556 0.023438 0.029167
2 0.367188 0.777431 0.070312 0.065972
2 0.850195 0.797569 0.139453 0.134028
2 0.674609 0.286458 0.054688 0.047917
2 0.831055 0.371528 0.069922 0.055556
1 0.058594 0.193403 0.021875 0.032639
0 0.095898 0.188542 0.013672 0.022917
0 0.149805 0.234028 0.018359 0.020833
0 0.160742 0.264931 0.020703 0.018750
0 0.141602 0.269097 0.013672 0.020139
0 0.211328 0.303125 0.032031 0.053472
0 0.252344 0.342014 0.028125 0.035417
0 0.275391 0.359375 0.017188 0.028472
0 0.260742 0.367361 0.026953 0.029167
0 0.324219 0.357639 0.027344 0.030556
0 0.346875 0.377431 0.019531 0.029861
0 0.338281 0.394097 0.028125 0.038194
0 0.323242 0.401042 0.025391 0.031250
0 0.301172 0.378472 0.022656 0.027778
0 0.308008 0.410417 0.022266 0.033333
0 0.392969 0.526736 0.024219 0.046528
0 0.478125 0.497569 0.022656 0.046528
0 0.573828 0.484375 0.018750 0.038194
0 0.403906 0.697917 0.035937 0.041667
0 0.295508 0.825694 0.036328 0.054167
0 0.424219 0.714583 0.042188 0.033333
0 0.634375 0.756944 0.043750 0.065278
0 0.682813 0.793750 0.039062 0.048611
0 0.749023 0.847222 0.037109 0.041667
0 0.652539 0.956597 0.037109 0.059028
0 0.717773 0.976736 0.033203 0.046528
0 0.964844 0.736111 0.040625 0.045833
0 0.912695 0.703125 0.040234 0.047917
0 0.856250 0.663194 0.039062 0.044444
0 0.835547 0.670833 0.030469 0.040278
0 0.812109 0.631597 0.038281 0.038194
0 0.821680 0.616667 0.033984 0.041667
0 0.793945 0.640625 0.030859 0.038194
0 0.774023 0.582292 0.040234 0.036806
0 0.767578 0.600000 0.036719 0.043056
0 0.755859 0.615278 0.036719 0.040278
0 0.895898 0.478819 0.018359 0.031250
0 0.925586 0.417361 0.021484 0.026389
0 0.892969 0.397569 0.030469 0.034028
0 0.869922 0.445139 0.027344 0.050000
0 0.858398 0.362500 0.019922 0.027778
0 0.682617 0.393403 0.023828 0.036806
0 0.616406 0.350694 0.019531 0.034722
0 0.632031 0.363889 0.019531 0.033333
0 0.639648 0.329167 0.021484 0.029167
0 0.654687 0.340625 0.022656 0.031250
0 0.673633 0.309028 0.021484 0.038889
0 0.697266 0.319444 0.017188 0.031944
0 0.709180 0.281250 0.017578 0.027778
0 0.714844 0.251042 0.014063 0.022917
0 0.722656 0.263194 0.014063 0.022222
0 0.739844 0.250694 0.018750 0.022222
0 0.755664 0.235417 0.013672 0.015278
0 0.766797 0.221528 0.011719 0.022222
0 0.776367 0.217014 0.012109 0.021528
0 0.778516 0.196181 0.011719 0.021528
0 0.805273 0.169792 0.014453 0.024306
0 0.818359 0.159722 0.010156 0.025000
0 0.826172 0.150694 0.013281 0.020833
0 0.841211 0.152778 0.016797 0.020833
0 0.830469 0.169097 0.014844 0.018750
0 0.849609 0.125694 0.011719 0.019444
0 0.861914 0.115972 0.008984 0.020833
1 0.875586 0.118056 0.018359 0.027778
0 0.891211 0.104167 0.010547 0.016667
0 0.913672 0.087153 0.010937 0.017361
0 0.901367 0.097917 0.009766 0.015278
0 0.953125 0.047222 0.009375 0.013889
0 0.950781 0.029514 0.007031 0.017361
0 0.964648 0.019792 0.009766 0.011806
0 0.981250 0.012153 0.007812 0.013194
