2 0.116602 0.202778 0.045703 0.063889
2 0.589258 0.376389 0.056641 0.061111
2 0.377930 0.762153 0.067578 0.077083
2 0.829883 0.371181 0.068359 0.053472
1 0.059961 0.168403 0.036328 0.042361
1 0.197461 0.310764 0.026172 0.038194
1 0.304102 0.813889 0.044922 0.047222
1 0.789258 0.196528 0.024609 0.034722
1 0.718555 0.242014 0.033203 0.032639
1 0.894336 0.079514 0.023828 0.032639
1 0.849805 0.143403 0.022266 0.027083
0 0.206641 0.267014 0.019531 0.029861
0 0.187305 0.285417 0.020703 0.026389
0 0.256055 0.306250 0.020703 0.025000
0 0.213086 0.304514 0.016797 0.017361
0 0.236719 0.323264 0.025781 0.032639
0 0.217969 0.334028 0.025000 0.026389
0 0.255469 0.343403 0.019531 0.021528
0 0.274805 0.357292 0.019141 0.025694
0 0.298633 0.340278 0.022266 0.025000
0 0.248633 0.359375 0.022266 0.021528
0 0.269141 0.376042 0.024219 0.029861
0 0.256641 0.385764 0.025781 0.022917
0 0.298438 0.380903 0.021094 0.024306
0 0.312891 0.368750 0.022656 0.025000
0 0.321680 0.357292 0.023828 0.029861
0 0.350586 0.380556 0.029297 0.034722
0 0.335352 0.388542 0.024609 0.029861
0 0.322266 0.399306 0.026562 0.033333
0 0.307227 0.408681 0.028516 0.038194
0 0.510352 0.494792 0.028516 0.032639
0 0.306641 0.677431 0.037500 0.053472
0 0.179102 0.852431 0.048047 0.057639
0 0.197852 0.973264 0.052734 0.053472
0 0.229883 0.896528 0.041016 0.052778
0 0.285352 0.877778 0.044141 0.050000
0 0.329102 0.827778 0.041797 0.050000
0 0.348633 0.729167 0.036328 0.037500
0 0.355469 0.759028 0.039062 0.041667
0 0.404883 0.697917 0.030078 0.043056
0 0.427344 0.707292 0.033594 0.043750
0 0.679883 0.907639 0.033984 0.062500
0 0.716797 0.976389 0.028906 0.047222
0 0.730469 0.809028 0.042188 0.044444
0 0.750391 0.852778 0.039844 0.040278
0 0.675391 0.762153 0.037500 0.052083
0 0.637305 0.756250 0.040234 0.054167
0 0.592969 0.395139 0.029687 0.040278
0 0.754297 0.618750 0.035156 0.043056
0 0.765430 0.601389 0.030859 0.037500
0 0.773633 0.587500 0.037891 0.045833
0 0.807813 0.630556 0.040625 0.044444
0 0.790430 0.646528 0.031641 0.034722
0 0.819727 0.618403 0.032422 0.042361
0 0.835547 0.676042 0.030469 0.045139
0 0.855469 0.662153 0.035156 0.039583
0 0.906641 0.722917 0.032031 0.038889
0 0.912305 0.699653 0.040234 0.046528
0 0.962891 0.734375 0.036719 0.049306
0 0.894922 0.479514 0.021094 0.034028
0 0.924805 0.416667 0.025391 0.026389
0 0.892969 0.397917 0.029687 0.036111
0 0.867969 0.445139 0.020313 0.048611
0 0.858594 0.363542 0.025781 0.031250
0 0.634180 0.332639 0.020703 0.026389
0 0.631055 0.365278 0.021484 0.026389
0 0.662305 0.327778 0.022266 0.033333
0 0.677930 0.284028 0.018359 0.029167
0 0.695508 0.293403 0.019141 0.028472
0 0.721680 0.268056 0.022266 0.023611
0 0.742383 0.243056 0.017578 0.029167
0 0.756055 0.230903 0.016797 0.022917
0 0.770312 0.221875 0.012500 0.018750
0 0.777344 0.197917 0.013281 0.019444
0 0.799219 0.172917 0.017969 0.020833
0 0.811719 0.165278 0.015625 0.016667
0 0.823633 0.154514 0.014453 0.022917
0 0.835352 0.143750 0.012109 0.012500
0 0.809180 0.190278 0.019141 0.022222
0 0.821680 0.177778 0.015234 0.022222
0 0.831641 0.168403 0.014844 0.018750
0 0.835938 0.155903 0.013281 0.020139
0 0.849219 0.126042 0.014063 0.015972
0 0.869141 0.127778 0.012500 0.016667
0 0.871094 0.110764 0.014844 0.018750
0 0.858594 0.120139 0.011719 0.013889
0 0.885352 0.116667 0.012891 0.013889
0 0.896680 0.104514 0.012109 0.015972
0 0.884961 0.098264 0.011328 0.015972
0 0.910352 0.084028 0.011328 0.015278
0 0.904297 0.076389 0.007812 0.013889
0 0.912305 0.068750 0.012109 0.012500
0 0.920508 0.076389 0.009766 0.016667
0 0.932227 0.065278 0.010547 0.015278
0 0.941797 0.043403 0.011719 0.017361
0 0.958008 0.026042 0.008984 0.011806
0 0.966797 0.057639 0.007031 0.013889
0 0.417383 0.355556 0.030078 0.026389
0 0.066211 0.120139 0.017578 0.020833
