1 0.939844 0.702083 0.074219 0.079167
1 0.964844 0.753125 0.057813 0.065972
1 0.622852 0.340625 0.031641 0.047917
1 0.225977 0.893056 0.052734 0.075000
2 0.359766 0.787500 0.082812 0.130556
2 0.314258 0.791319 0.084766 0.122917
2 0.620313 0.536806 0.082812 0.076389
2 0.797461 0.256597 0.035547 0.054861
2 0.947266 0.472222 0.028125 0.059722
0 0.006836 0.119444 0.008984 0.018056
0 0.067187 0.168750 0.016406 0.022222
0 0.072852 0.189931 0.015234 0.025694
0 0.103125 0.190972 0.018750 0.022222
0 0.138477 0.216319 0.020703 0.025694
0 0.213477 0.330208 0.023047 0.028472
0 0.312109 0.392361 0.025000 0.030556
0 0.386133 0.409028 0.025391 0.031944
0 0.435352 0.436111 0.033203 0.038889
0 0.491016 0.472222 0.032813 0.034722
0 0.502539 0.445486 0.030859 0.028472
0 0.569141 0.444097 0.034375 0.031250
0 0.245898 0.738542 0.034766 0.043750
0 0.155469 0.979514 0.043750 0.040972
0 0.336328 0.662500 0.032813 0.045833
0 0.377539 0.694097 0.031641 0.045139
0 0.416406 0.692361 0.032031 0.043056
0 0.410352 0.604167 0.033984 0.040278
0 0.417578 0.726389 0.029687 0.040278
0 0.378320 0.726736 0.029297 0.027083
0 0.283984 0.886111 0.038281 0.047222
0 0.228711 0.944097 0.041797 0.025694
0 0.716016 0.977083 0.021094 0.045833
0 0.750391 0.850694 0.036719 0.044444
0 0.648633 0.957986 0.036328 0.057639
0 0.628320 0.989236 0.026172 0.021528
0 0.636719 0.754861 0.040625 0.047222
0 0.753906 0.618403 0.034375 0.038194
0 0.807031 0.629167 0.035156 0.038889
0 0.818555 0.662500 0.030859 0.036111
0 0.760938 0.600694 0.034375 0.041667
0 0.626367 0.582292 0.035547 0.035417
0 0.588672 0.478125 0.033594 0.029861
0 0.613086 0.442014 0.030078 0.025694
0 0.657813 0.425000 0.028906 0.041667
0 0.680664 0.376042 0.019922 0.025694
0 0.924805 0.415972 0.019141 0.026389
0 0.894336 0.479167 0.014453 0.031944
0 0.894531 0.398958 0.025000 0.029861
0 0.867969 0.444444 0.016406 0.048611
0 0.847461 0.375000 0.026953 0.031944
0 0.857617 0.363194 0.022266 0.031944
0 0.942773 0.082292 0.013672 0.021528
0 0.918164 0.111111 0.013672 0.020833
0 0.899609 0.126042 0.014063 0.020139
0 0.863672 0.124306 0.013281 0.022222
0 0.809570 0.188889 0.016797 0.023611
0 0.787305 0.201389 0.017578 0.027778
0 0.729492 0.257639 0.019922 0.030556
0 0.733789 0.275347 0.016016 0.027083
0 0.720117 0.291319 0.016797 0.027083
0 0.701953 0.262500 0.017188 0.025000
0 0.714063 0.273958 0.016406 0.027083
0 0.687695 0.282292 0.016797 0.025694
0 0.698047 0.286458 0.017969 0.027083
0 0.696680 0.311806 0.021484 0.034722
0 0.668555 0.293403 0.015234 0.022917
0 0.679883 0.308333 0.021484 0.027778
0 0.679688 0.332639 0.021094 0.027778
0 0.658594 0.309722 0.019531 0.022222
0 0.663477 0.327431 0.020703 0.022917
0 0.661328 0.352778 0.019531 0.027778
0 0.635547 0.351389 0.023438 0.040278
0 0.642383 0.371875 0.020703 0.029861
