2 0.793555 0.613889 0.122266 0.115278
2 0.831641 0.370139 0.064844 0.063889
2 0.765430 0.199306 0.040234 0.050000
2 0.111719 0.965625 0.118750 0.068750
2 0.230469 0.875000 0.076563 0.093056
1 0.344922 0.805903 0.049219 0.071528
1 0.570508 0.515278 0.026172 0.079167
1 0.647852 0.332639 0.035547 0.061111
1 0.649219 0.299653 0.042969 0.049306
1 0.916602 0.449306 0.037109 0.059722
1 0.937305 0.097917 0.023828 0.036111
1 0.719141 0.244792 0.033594 0.045139
0 0.361133 0.388889 0.033984 0.043056
0 0.190430 0.980903 0.044141 0.038194
0 0.232813 0.935417 0.043750 0.034722
0 0.289844 0.834375 0.035156 0.045139
0 0.294141 0.868750 0.043750 0.038889
0 0.325586 0.788542 0.032422 0.042361
0 0.364258 0.749653 0.034766 0.043750
0 0.383008 0.769792 0.033984 0.047917
0 0.398047 0.714931 0.034375 0.045139
0 0.415430 0.732292 0.032422 0.045139
0 0.494141 0.471528 0.025781 0.041667
0 0.591602 0.447917 0.023047 0.037500
0 0.593555 0.592014 0.033984 0.059028
0 0.636719 0.754514 0.044531 0.056250
0 0.681641 0.793750 0.021875 0.059722
0 0.540430 0.979167 0.050391 0.036111
0 0.614844 0.984375 0.048438 0.029861
0 0.716797 0.975000 0.027344 0.048611
0 0.749805 0.849653 0.037891 0.050694
0 0.655469 0.847917 0.035156 0.075000
0 0.619727 0.910764 0.034766 0.068750
0 0.650586 0.951389 0.036328 0.063889
0 0.822266 0.621181 0.034375 0.052083
0 0.809180 0.593403 0.031641 0.038194
0 0.936719 0.509028 0.030469 0.036111
0 0.894141 0.480556 0.016406 0.036111
0 0.926758 0.415278 0.024609 0.026389
0 0.892383 0.396528 0.023828 0.027778
0 0.869141 0.447917 0.016406 0.051389
0 0.857422 0.361806 0.024219 0.033333
0 0.789258 0.338889 0.015234 0.027778
0 0.622266 0.372917 0.021094 0.037500
0 0.608008 0.357639 0.015234 0.031944
0 0.625391 0.342014 0.021875 0.034028
0 0.671094 0.337500 0.024219 0.034722
0 0.671094 0.317014 0.021094 0.029861
0 0.676172 0.288889 0.015625 0.030556
0 0.686719 0.299653 0.021094 0.034028
0 0.700391 0.312153 0.022656 0.028472
0 0.695508 0.270139 0.024609 0.027778
0 0.702344 0.282292 0.019531 0.032639
0 0.730469 0.279514 0.022656 0.031250
0 0.727344 0.256250 0.020313 0.026389
0 0.736719 0.232292 0.019531 0.028472
0 0.752344 0.255903 0.019531 0.031250
0 0.767383 0.237153 0.017578 0.031250
0 0.785547 0.188889 0.014844 0.027778
0 0.800391 0.194792 0.017188 0.028472
0 0.812305 0.184375 0.012891 0.021528
0 0.826172 0.171875 0.014844 0.018750
0 0.822852 0.151042 0.014453 0.018750
0 0.833594 0.155903 0.018750 0.031250
0 0.836719 0.132292 0.017188 0.018750
0 0.848047 0.151042 0.016406 0.020139
0 0.850391 0.130903 0.011719 0.020139
0 0.861719 0.135417 0.015625 0.023611
0 0.776758 0.265278 0.018359 0.025000
0 0.813672 0.227431 0.016406 0.021528
0 0.855469 0.192014 0.017188 0.028472
0 0.877344 0.155556 0.016406 0.023611
0 0.902930 0.127778 0.014453 0.016667
0 0.966797 0.073264 0.012500 0.024306
0 0.963477 0.057292 0.010547 0.020139
0 0.974219 0.049306 0.011719 0.022222
0 0.993555 0.026042 0.010547 0.018750
0 0.078906 0.212847 0.019531 0.029861
