2 0.276172 0.334028 0.053906 0.075000
2 0.426172 0.704167 0.110156 0.137500
2 0.830469 0.370139 0.069531 0.061111
1 0.827344 0.142014 0.028125 0.042361
1 0.824219 0.225000 0.022656 0.037500
2 0.720508 0.632639 0.063672 0.076389
2 0.929883 0.040278 0.019141 0.026389
1 0.958008 0.035417 0.016797 0.026389
2 0.241016 0.302431 0.036719 0.047917
1 0.198047 0.312153 0.024219 0.031250
1 0.173047 0.292014 0.024219 0.031250
0 0.101758 0.158333 0.014453 0.013889
0 0.215039 0.216319 0.016797 0.022917
0 0.213477 0.305903 0.021484 0.032639
0 0.220703 0.337500 0.021094 0.026389
0 0.234766 0.321528 0.029687 0.040278
0 0.257812 0.345486 0.019531 0.027083
0 0.244922 0.358333 0.023438 0.025000
0 0.277539 0.360764 0.023047 0.029861
0 0.268945 0.375000 0.023828 0.023611
0 0.257227 0.386111 0.023828 0.023611
0 0.305078 0.341319 0.012500 0.020139
0 0.324219 0.358333 0.024219 0.029167
0 0.349219 0.378472 0.028906 0.030556
0 0.334570 0.388542 0.025391 0.029861
0 0.313867 0.367361 0.019922 0.022222
0 0.323047 0.400694 0.024219 0.030556
0 0.308398 0.409375 0.027734 0.032639
0 0.299219 0.379861 0.024219 0.023611
0 0.343945 0.637847 0.030078 0.046528
0 0.378320 0.695486 0.036328 0.042361
0 0.449805 0.553819 0.037109 0.046528
0 0.507617 0.377431 0.036328 0.036806
0 0.560156 0.430556 0.029687 0.045833
0 0.590039 0.518750 0.037109 0.045833
0 0.626367 0.448958 0.033984 0.047917
0 0.652734 0.401042 0.025000 0.029861
0 0.635547 0.758333 0.042969 0.055556
0 0.617969 0.913542 0.038281 0.057639
0 0.662500 0.840972 0.032813 0.068056
0 0.717578 0.974653 0.035156 0.050694
0 0.747461 0.846181 0.044922 0.052083
0 0.872852 0.845833 0.048828 0.066667
0 0.730078 0.726736 0.046094 0.052083
0 0.963867 0.735417 0.038672 0.047222
0 0.935937 0.690278 0.032813 0.047222
0 0.906445 0.696528 0.037891 0.044444
0 0.887891 0.713194 0.035156 0.048611
0 0.857227 0.663194 0.032422 0.037500
0 0.834766 0.672917 0.038281 0.043056
0 0.819336 0.618403 0.031641 0.038194
0 0.808398 0.629167 0.040234 0.044444
0 0.788867 0.642708 0.034766 0.040972
0 0.774023 0.588542 0.036328 0.042361
0 0.766797 0.599306 0.029687 0.038889
0 0.755273 0.618750 0.034766 0.044444
0 0.893750 0.482639 0.021094 0.038889
0 0.925586 0.418056 0.023828 0.034722
0 0.891602 0.396181 0.030078 0.034028
0 0.868750 0.446875 0.019531 0.050694
0 0.856445 0.360417 0.027734 0.036111
0 0.773047 0.355208 0.028125 0.036806
0 0.615234 0.374653 0.022656 0.036806
0 0.638867 0.372569 0.024609 0.043750
1 0.660156 0.345486 0.028125 0.047917
0 0.660547 0.323611 0.021094 0.025000
0 0.665430 0.298958 0.019141 0.029861
0 0.684961 0.329861 0.019922 0.027778
0 0.701758 0.285417 0.025391 0.037500
0 0.757422 0.235069 0.018750 0.029861
0 0.760352 0.214236 0.019922 0.022917
0 0.809180 0.177778 0.017578 0.026389
0 0.814844 0.217361 0.014063 0.025000
0 0.842383 0.186458 0.016797 0.022917
0 0.856445 0.193056 0.014453 0.029167
0 0.839258 0.157986 0.015234 0.020139
0 0.851367 0.127778 0.011328 0.022222
0 0.860938 0.131597 0.014063 0.022917
0 0.876953 0.105208 0.014844 0.022917
0 0.900586 0.081944 0.010547 0.022222
0 0.920508 0.067361 0.014453 0.018056
0 0.945312 0.055903 0.012500 0.014583
0 0.946094 0.038194 0.008594 0.016667
0 0.984766 0.048611 0.014063 0.019444
