2 0.277148 0.329861 0.056641 0.076389
2 0.359961 0.781597 0.110547 0.152083
2 0.830078 0.371181 0.070312 0.056250
2 0.723047 0.637500 0.068750 0.093056
2 0.776953 0.284722 0.024219 0.051389
1 0.241406 0.303819 0.035156 0.056250
1 0.174414 0.292014 0.027734 0.039583
1 0.200391 0.315972 0.025781 0.031944
1 0.661719 0.343056 0.024219 0.043056
1 0.844922 0.126389 0.025781 0.043056
1 0.939453 0.037500 0.019531 0.026389
1 0.957422 0.033333 0.018750 0.027778
0 0.146484 0.190972 0.017188 0.022222
0 0.285742 0.263194 0.020703 0.020833
0 0.193945 0.291319 0.023828 0.025694
0 0.214648 0.307292 0.018359 0.027083
0 0.232813 0.321875 0.029687 0.035417
0 0.223242 0.337500 0.024609 0.029167
0 0.256641 0.345833 0.021875 0.030556
0 0.244336 0.356597 0.023828 0.024306
0 0.276172 0.358681 0.021875 0.027083
0 0.269336 0.375694 0.029297 0.026389
0 0.255078 0.384722 0.025000 0.036111
0 0.323828 0.360069 0.021094 0.024306
0 0.304492 0.340625 0.011328 0.020139
0 0.349609 0.377431 0.025000 0.028472
0 0.335352 0.390278 0.024609 0.025000
0 0.322461 0.400347 0.023828 0.031250
0 0.308984 0.413194 0.025781 0.030556
0 0.297070 0.381944 0.026172 0.027778
0 0.312891 0.369097 0.021875 0.027083
0 0.455469 0.528819 0.031250 0.049306
0 0.537109 0.459028 0.029687 0.038889
0 0.558008 0.380556 0.030859 0.034722
0 0.173828 0.825694 0.036719 0.051389
0 0.380273 0.698611 0.037109 0.038889
0 0.523242 0.595139 0.037109 0.051389
0 0.575195 0.472917 0.023828 0.033333
0 0.587500 0.488889 0.029687 0.040278
0 0.621484 0.663542 0.044531 0.057639
0 0.636328 0.753472 0.041406 0.052778
0 0.665039 0.834722 0.033203 0.069444
0 0.618359 0.912153 0.032031 0.067361
0 0.714453 0.975000 0.032813 0.050000
0 0.748828 0.847917 0.040625 0.052778
0 0.924805 0.928472 0.044141 0.050000
0 0.748242 0.755556 0.043359 0.058333
0 0.964258 0.735764 0.038672 0.047917
0 0.908008 0.698958 0.040234 0.047917
0 0.887500 0.712847 0.033594 0.042361
0 0.859766 0.662847 0.033594 0.039583
0 0.835742 0.671875 0.034766 0.039583
0 0.822852 0.616667 0.030078 0.040278
0 0.809961 0.628819 0.038672 0.042361
0 0.793555 0.643750 0.033203 0.038889
0 0.776172 0.584375 0.040625 0.036806
0 0.768164 0.602431 0.030859 0.029861
0 0.754102 0.618750 0.033984 0.040278
0 0.895508 0.481597 0.024609 0.040972
0 0.926172 0.417708 0.026562 0.029861
0 0.867969 0.444444 0.019531 0.048611
0 0.893750 0.400000 0.029687 0.034722
0 0.858398 0.359722 0.028516 0.029167
0 0.783594 0.366319 0.029687 0.036806
0 0.628125 0.358681 0.016406 0.027083
0 0.639062 0.373958 0.025781 0.050694
0 0.663086 0.343403 0.028516 0.049306
0 0.672266 0.314931 0.020313 0.031250
0 0.691797 0.326042 0.018750 0.032639
0 0.707812 0.279861 0.021094 0.023611
0 0.713281 0.251389 0.022656 0.029167
0 0.743359 0.243403 0.020313 0.038194
0 0.758984 0.278125 0.015625 0.034028
0 0.814063 0.236806 0.018750 0.026389
0 0.797266 0.240625 0.019531 0.028472
0 0.793359 0.200347 0.019531 0.021528
0 0.787109 0.185417 0.013281 0.022222
0 0.837891 0.152431 0.020313 0.032639
0 0.864453 0.116319 0.012500 0.018750
0 0.863281 0.137153 0.016406 0.024306
0 0.878516 0.114583 0.015625 0.022222
0 0.889648 0.092361 0.013672 0.018056
0 0.912891 0.069792 0.016406 0.024306
0 0.930078 0.055556 0.012500 0.018056
0 0.965625 0.072222 0.013281 0.018056
0 0.947461 0.051736 0.010547 0.017361
0 0.967773 0.029167 0.008203 0.011111
