2 0.174414 0.936111 0.085547 0.104167
2 0.792969 0.615972 0.121094 0.115278
2 0.830859 0.372917 0.068750 0.062500
2 0.764648 0.195139 0.036328 0.061111
2 0.866406 0.174306 0.033594 0.043056
1 0.345117 0.798958 0.045703 0.074306
1 0.723047 0.353125 0.042969 0.063194
1 0.659766 0.348611 0.032813 0.047222
1 0.648242 0.330208 0.033984 0.057639
1 0.652344 0.302778 0.042188 0.051389
1 0.717383 0.244097 0.028516 0.039583
0 0.359570 0.385764 0.024609 0.031250
0 0.498242 0.450694 0.037891 0.029167
0 0.544727 0.475347 0.037109 0.027083
0 0.601953 0.448958 0.032031 0.032639
0 0.228125 0.937153 0.047656 0.043750
0 0.292578 0.867361 0.042188 0.037500
0 0.289062 0.834375 0.035156 0.043750
0 0.325391 0.787847 0.033594 0.035417
0 0.364453 0.747569 0.035937 0.038194
0 0.383398 0.768403 0.033203 0.032639
0 0.415234 0.726736 0.031250 0.040972
0 0.396094 0.713889 0.035937 0.044444
0 0.377930 0.693750 0.037891 0.036111
0 0.542773 0.981944 0.043359 0.036111
0 0.612305 0.983681 0.046484 0.032639
0 0.716992 0.978472 0.025391 0.043056
0 0.653125 0.956944 0.032031 0.061111
0 0.621094 0.910417 0.032813 0.059722
0 0.654492 0.850000 0.033984 0.072222
0 0.683203 0.794444 0.021875 0.058333
0 0.750195 0.850000 0.041016 0.045833
0 0.636719 0.757639 0.039844 0.054167
0 0.820508 0.621875 0.034766 0.042361
0 0.895117 0.481597 0.018359 0.036806
0 0.925781 0.414931 0.023438 0.024306
0 0.893359 0.395833 0.028906 0.036111
0 0.869531 0.446528 0.018750 0.052778
0 0.857812 0.362847 0.025781 0.025694
0 0.641406 0.421181 0.026562 0.032639
0 0.640039 0.373958 0.021484 0.036806
0 0.622266 0.368750 0.019531 0.033333
0 0.608984 0.359028 0.015625 0.029167
0 0.623047 0.339931 0.022656 0.038194
0 0.684375 0.329514 0.019531 0.031250
0 0.670898 0.315278 0.015234 0.025000
0 0.676953 0.286806 0.015625 0.027778
0 0.686719 0.301736 0.017969 0.034028
0 0.706250 0.305208 0.018750 0.035417
0 0.723437 0.289931 0.019531 0.029861
0 0.706836 0.279861 0.019141 0.026389
0 0.698438 0.270833 0.017969 0.023611
0 0.735938 0.268403 0.014844 0.025694
0 0.753125 0.254167 0.017188 0.027778
0 0.737695 0.233681 0.017578 0.025694
0 0.760156 0.298958 0.017969 0.022917
0 0.770508 0.268056 0.019141 0.026389
0 0.796289 0.269792 0.023828 0.028472
0 0.790625 0.345486 0.018750 0.035417
0 0.770898 0.232292 0.016016 0.028472
0 0.833008 0.195833 0.015234 0.023611
0 0.801172 0.196528 0.019531 0.022222
0 0.789062 0.189583 0.013281 0.022222
0 0.815625 0.187500 0.015625 0.026389
0 0.826758 0.171181 0.014453 0.021528
0 0.834180 0.158333 0.016016 0.031944
0 0.837695 0.140972 0.014453 0.016667
1 0.889844 0.094097 0.019531 0.025694
0 0.915820 0.082639 0.012109 0.023611
0 0.947070 0.038194 0.011328 0.016667
0 0.968359 0.068056 0.012500 0.019444
0 0.985352 0.035417 0.009766 0.018056
