2 0.276172 0.331597 0.058594 0.075694
2 0.628320 0.325694 0.050391 0.068056
2 0.723633 0.640278 0.069922 0.087500
2 0.739844 0.327778 0.053906 0.077778
2 0.828711 0.372917 0.075391 0.062500
1 0.240820 0.305208 0.040234 0.056250
1 0.176172 0.289583 0.033594 0.034722
1 0.197266 0.311806 0.025000 0.029167
2 0.908203 0.085417 0.022656 0.036111
1 0.889062 0.070486 0.028906 0.036806
1 0.662305 0.342361 0.032422 0.044444
1 0.804883 0.577083 0.061328 0.070833
0 0.186328 0.194444 0.020313 0.027778
0 0.191797 0.289236 0.020313 0.024306
0 0.212305 0.307986 0.022266 0.028472
0 0.233789 0.322222 0.031641 0.040278
0 0.222461 0.338194 0.020703 0.026389
0 0.245508 0.356597 0.024609 0.029861
0 0.255273 0.346528 0.022266 0.026389
0 0.275977 0.359375 0.024609 0.029861
0 0.269141 0.375694 0.025781 0.031944
0 0.256641 0.387847 0.025781 0.027083
0 0.290820 0.377083 0.031641 0.031944
0 0.311719 0.368403 0.028906 0.029861
0 0.304492 0.342708 0.009766 0.015972
0 0.323047 0.357639 0.025781 0.030556
0 0.348828 0.377778 0.031250 0.037500
0 0.335352 0.388542 0.026953 0.034028
0 0.323242 0.401042 0.029297 0.034028
0 0.308594 0.409722 0.025000 0.031944
0 0.449219 0.525347 0.031250 0.043750
0 0.540234 0.459028 0.033594 0.043056
0 0.411328 0.589236 0.042188 0.059028
0 0.377930 0.697569 0.039453 0.050694
0 0.271289 0.739583 0.046484 0.058333
0 0.170117 0.819444 0.041016 0.051389
0 0.122070 0.900000 0.051172 0.065278
0 0.596289 0.395139 0.032422 0.043056
0 0.678125 0.426042 0.022656 0.034028
0 0.635352 0.756944 0.042578 0.056944
0 0.661328 0.843056 0.030469 0.072222
0 0.617969 0.910764 0.039062 0.057639
0 0.651563 0.954514 0.031250 0.054861
0 0.715820 0.977083 0.030859 0.045833
0 0.751172 0.849306 0.046875 0.056944
0 0.962109 0.728819 0.037500 0.039583
0 0.958398 0.758333 0.046484 0.044444
0 0.883594 0.657639 0.037500 0.041667
0 0.906641 0.697917 0.039062 0.044444
0 0.886914 0.709722 0.040234 0.047222
0 0.826758 0.715972 0.040234 0.050000
0 0.851953 0.702778 0.040625 0.052778
0 0.837695 0.671875 0.031641 0.039583
0 0.854102 0.662847 0.033203 0.038194
0 0.822070 0.620833 0.032422 0.037500
0 0.807031 0.627431 0.040625 0.046528
0 0.790039 0.644097 0.036328 0.039583
0 0.753711 0.618750 0.036328 0.040278
0 0.764062 0.600694 0.033594 0.037500
0 0.775391 0.586806 0.039062 0.045833
0 0.893750 0.480903 0.026562 0.035417
0 0.927148 0.417361 0.029297 0.033333
0 0.892773 0.397569 0.028516 0.032639
0 0.868359 0.444444 0.024219 0.052778
0 0.857422 0.363542 0.026562 0.025694
0 0.638477 0.373958 0.029297 0.039583
0 0.683203 0.330556 0.023438 0.027778
0 0.699609 0.272222 0.025781 0.030556
0 0.737695 0.248611 0.025391 0.036111
0 0.791797 0.189236 0.017969 0.031250
0 0.821094 0.207639 0.020313 0.026389
0 0.848437 0.192708 0.022656 0.035417
0 0.876953 0.153125 0.015625 0.020139
0 0.860742 0.133333 0.019922 0.025000
0 0.841602 0.140625 0.018359 0.021528
0 0.816406 0.160764 0.019531 0.024306
0 0.882031 0.099306 0.012500 0.018056
0 0.893750 0.105556 0.012500 0.020833
0 0.912305 0.069097 0.014453 0.017361
0 0.924219 0.072917 0.013281 0.018056
0 0.935742 0.087847 0.015234 0.020139
0 0.972266 0.023958 0.013281 0.018750
0 0.993945 0.021528 0.012109 0.019444
0 0.019922 0.977083 0.028906 0.045833
