2 0.796680 0.654861 0.089453 0.097222
2 0.793750 0.611111 0.117188 0.109722
2 0.513281 0.378819 0.077344 0.057639
0 0.347070 0.296875 0.036328 0.046528
1 0.742578 0.327778 0.035156 0.051389
2 0.837891 0.371181 0.049219 0.046528
2 0.974219 0.054861 0.018750 0.027778
2 0.962109 0.054167 0.014844 0.026389
0 0.175781 0.298958 0.018750 0.025694
0 0.192188 0.308681 0.019531 0.032639
0 0.218555 0.310417 0.022266 0.027778
0 0.229492 0.342361 0.023828 0.031944
0 0.238086 0.327083 0.016797 0.029167
0 0.255078 0.302431 0.019531 0.024306
0 0.258008 0.337847 0.030859 0.047917
0 0.254492 0.365972 0.021484 0.030556
0 0.251953 0.384375 0.024219 0.027083
0 0.278906 0.385069 0.025000 0.031250
0 0.303906 0.404861 0.025000 0.031944
0 0.283789 0.367014 0.021484 0.027083
0 0.314258 0.394097 0.023828 0.029861
0 0.272852 0.315625 0.020703 0.031250
0 0.288672 0.346528 0.021875 0.029167
0 0.308984 0.364931 0.023438 0.032639
0 0.294141 0.331944 0.022656 0.030556
0 0.318359 0.353125 0.022656 0.029861
0 0.340430 0.391667 0.025391 0.037500
0 0.339062 0.366667 0.021875 0.030556
0 0.359570 0.386111 0.023828 0.033333
0 0.550977 0.436806 0.027734 0.036111
0 0.141797 0.883681 0.035156 0.052083
0 0.291406 0.838542 0.039062 0.052083
0 0.379492 0.694097 0.036328 0.043750
0 0.535742 0.546875 0.028516 0.034028
0 0.539648 0.636806 0.038672 0.029167
0 0.634961 0.753819 0.038672 0.049306
0 0.986328 0.773264 0.027344 0.039583
0 0.987695 0.750000 0.024609 0.025000
0 0.949219 0.751389 0.032813 0.037500
0 0.904297 0.717361 0.035937 0.036111
0 0.907422 0.697569 0.034375 0.038194
0 0.860938 0.685417 0.041406 0.051389
0 0.821875 0.620139 0.033594 0.041667
0 0.763281 0.673264 0.039062 0.036806
0 0.718945 0.637847 0.037109 0.036806
0 0.729102 0.627083 0.034766 0.040278
0 0.753711 0.809028 0.041797 0.041667
0 0.750586 0.849653 0.036328 0.043750
0 0.689453 0.876042 0.030469 0.060417
0 0.716016 0.974653 0.021094 0.050694
0 0.652734 0.952778 0.036719 0.052778
0 0.924805 0.416319 0.022266 0.025694
0 0.721875 0.519097 0.031250 0.038194
0 0.659961 0.426042 0.025391 0.039583
0 0.642188 0.372569 0.021094 0.031250
0 0.665625 0.346875 0.022656 0.029861
0 0.894727 0.478125 0.018359 0.029861
0 0.893945 0.396528 0.023828 0.025000
0 0.868164 0.441667 0.015234 0.037500
0 0.857422 0.360764 0.024219 0.029861
0 0.799414 0.238542 0.017578 0.022917
0 0.835156 0.188194 0.019531 0.034722
0 0.850977 0.196875 0.014453 0.022917
0 0.882031 0.166319 0.015625 0.021528
0 0.869922 0.156250 0.013281 0.018056
0 0.894141 0.099653 0.016406 0.022917
0 0.910937 0.118403 0.014063 0.024306
0 0.926367 0.069792 0.011328 0.017361
0 0.941602 0.096528 0.014453 0.031944
0 0.951953 0.087500 0.012500 0.018056
1 0.961914 0.022917 0.012891 0.023611
0 0.969727 0.027431 0.010547 0.011806
0 0.988086 0.012153 0.009766 0.014583
0 0.975000 0.010417 0.010937 0.013889
