2 0.794727 0.653125 0.085547 0.097917
2 0.793750 0.613542 0.117188 0.107639
2 0.837500 0.374653 0.050000 0.042361
2 0.729297 0.310417 0.034375 0.052778
2 0.693750 0.372222 0.047656 0.063889
1 0.727344 0.239583 0.023438 0.034722
1 0.265625 0.889583 0.068750 0.094444
2 0.939844 0.053819 0.018750 0.032639
0 0.072852 0.127778 0.011328 0.015278
0 0.034766 0.088542 0.013281 0.021528
0 0.085352 0.122569 0.013672 0.017361
0 0.146289 0.192708 0.014453 0.018750
0 0.167969 0.293056 0.020313 0.027778
0 0.192773 0.309028 0.022266 0.029167
0 0.217578 0.310764 0.019531 0.031250
0 0.221875 0.337153 0.021875 0.029861
0 0.236914 0.326042 0.016797 0.032639
0 0.253320 0.304861 0.018359 0.029167
0 0.271484 0.316319 0.021094 0.034028
0 0.258594 0.340625 0.028906 0.052083
0 0.254102 0.365625 0.019922 0.027083
0 0.251367 0.384028 0.022266 0.029167
0 0.279492 0.386111 0.023828 0.033333
0 0.284375 0.367361 0.021875 0.033333
0 0.287891 0.348264 0.023438 0.032639
0 0.292578 0.332292 0.021094 0.029861
0 0.317383 0.353819 0.024609 0.031250
0 0.309766 0.365972 0.025000 0.030556
0 0.314258 0.392361 0.023828 0.033333
0 0.301758 0.403472 0.023828 0.033333
0 0.339258 0.368056 0.022266 0.027778
0 0.338477 0.389583 0.026953 0.031944
0 0.358984 0.386458 0.024219 0.029861
0 0.391016 0.756250 0.035156 0.056944
0 0.354102 0.717014 0.030859 0.040972
0 0.383984 0.716319 0.044531 0.070139
0 0.464648 0.626736 0.027734 0.045139
0 0.491406 0.637847 0.030469 0.038194
0 0.615430 0.986111 0.041797 0.027778
0 0.651563 0.957639 0.032813 0.056944
0 0.716602 0.978472 0.023828 0.043056
0 0.750586 0.849653 0.038672 0.039583
0 0.636328 0.754861 0.041406 0.047222
0 0.646094 0.688542 0.039062 0.049306
0 0.987695 0.776389 0.024609 0.041667
0 0.988086 0.750694 0.023828 0.029167
0 0.949023 0.751042 0.030859 0.035417
0 0.904883 0.718750 0.037109 0.034722
0 0.907813 0.697222 0.033594 0.031944
0 0.859961 0.685764 0.043359 0.052083
0 0.822070 0.620833 0.032422 0.037500
0 0.718359 0.637153 0.035937 0.035417
0 0.728711 0.627083 0.034766 0.034722
0 0.754687 0.619792 0.020313 0.029861
0 0.558008 0.550000 0.027734 0.036111
0 0.569531 0.495833 0.033594 0.056944
0 0.639453 0.442361 0.023438 0.026389
0 0.894922 0.480208 0.017969 0.028472
0 0.926562 0.417361 0.022656 0.023611
0 0.893945 0.397222 0.025391 0.026389
0 0.867969 0.446528 0.014063 0.041667
0 0.859570 0.363889 0.024609 0.026389
0 0.644336 0.373264 0.022266 0.024306
0 0.720898 0.271528 0.018359 0.025000
0 0.807422 0.252083 0.017969 0.025000
0 0.866992 0.163889 0.012891 0.022222
0 0.837891 0.153819 0.014844 0.017361
0 0.858984 0.129167 0.014063 0.016667
0 0.920508 0.106944 0.013672 0.018056
0 0.920898 0.063542 0.011328 0.020139
0 0.976758 0.061806 0.011328 0.019444
