2 0.794141 0.650000 0.088281 0.097222
2 0.674805 0.530903 0.111328 0.117361
2 0.837500 0.377083 0.050000 0.041667
2 0.194531 0.190278 0.043750 0.054167
1 0.920703 0.119444 0.019531 0.034722
0 0.176367 0.300347 0.021484 0.027083
0 0.075391 0.114236 0.016406 0.022917
0 0.052734 0.175000 0.012500 0.019444
0 0.199219 0.314236 0.021875 0.029861
0 0.217773 0.308681 0.019141 0.029861
0 0.237891 0.326736 0.020313 0.029861
0 0.237305 0.350347 0.022266 0.028472
0 0.264844 0.374653 0.022656 0.027083
0 0.259570 0.391667 0.023047 0.025000
0 0.320703 0.419097 0.025781 0.029861
0 0.283594 0.360764 0.032031 0.049306
0 0.253906 0.303819 0.019531 0.029861
0 0.271875 0.317361 0.019531 0.031944
0 0.292578 0.332986 0.021094 0.028472
0 0.317773 0.351736 0.022266 0.029861
0 0.338867 0.368403 0.024609 0.029861
0 0.370508 0.393056 0.029297 0.029167
0 0.321680 0.376042 0.026953 0.035417
0 0.361914 0.428819 0.026172 0.035417
0 0.379688 0.423958 0.028125 0.039583
0 0.364844 0.480208 0.028906 0.034028
0 0.413477 0.475347 0.026953 0.039583
0 0.431836 0.513889 0.028516 0.037500
0 0.513867 0.454167 0.026953 0.031944
0 0.170313 0.964583 0.039062 0.050000
0 0.377344 0.694444 0.035156 0.044444
0 0.416211 0.693403 0.032422 0.043750
0 0.369922 0.780903 0.036719 0.043750
0 0.716211 0.977431 0.023828 0.045139
0 0.648633 0.957292 0.039453 0.049306
0 0.624805 0.992361 0.025391 0.015278
0 0.750586 0.850694 0.039453 0.044444
0 0.770898 0.812153 0.040234 0.036806
0 0.635938 0.756597 0.041406 0.046528
0 0.971289 0.763889 0.040234 0.044444
0 0.967969 0.737153 0.033594 0.031250
0 0.912695 0.725694 0.030859 0.034722
0 0.858398 0.689236 0.036328 0.034028
0 0.879492 0.678819 0.034766 0.039583
0 0.739453 0.653472 0.041406 0.034722
0 0.715820 0.618056 0.033984 0.036111
0 0.690234 0.576736 0.030469 0.034028
0 0.658789 0.595833 0.030859 0.037500
0 0.699414 0.537847 0.032422 0.035417
0 0.893555 0.478819 0.016016 0.031250
0 0.924609 0.415278 0.021094 0.025000
0 0.895117 0.396875 0.026953 0.029861
0 0.866992 0.444444 0.018359 0.051389
0 0.857617 0.363194 0.023828 0.031944
0 0.641992 0.374653 0.019141 0.031250
0 0.661523 0.354167 0.022266 0.030556
0 0.667773 0.318403 0.026172 0.039583
0 0.736133 0.250000 0.015234 0.025000
0 0.839648 0.193056 0.013672 0.025000
0 0.878320 0.164931 0.016016 0.024306
0 0.810547 0.182292 0.018750 0.027083
0 0.810547 0.162153 0.021875 0.039583
0 0.834961 0.144097 0.014453 0.022917
0 0.861328 0.134375 0.014844 0.017361
0 0.880859 0.101389 0.012500 0.022222
0 0.891016 0.101736 0.012500 0.022917
0 0.902148 0.078819 0.009766 0.015972
0 0.935352 0.088542 0.012891 0.018750
0 0.934570 0.061458 0.010547 0.015972
0 0.961914 0.075694 0.012109 0.015278
0 0.947461 0.037153 0.011328 0.014583
0 0.973437 0.050000 0.010937 0.016667
0 0.985938 0.029167 0.010937 0.020833
0 0.992383 0.040278 0.009766 0.013889
