2 0.274219 0.335764 0.067969 0.084028
2 0.833398 0.367361 0.069922 0.068056
2 0.723047 0.638194 0.068750 0.077778
2 0.451562 0.674653 0.055469 0.081250
1 0.175391 0.296181 0.039062 0.038194
1 0.195312 0.314236 0.028906 0.031250
1 0.239844 0.298611 0.043750 0.066667
1 0.368164 0.631944 0.051172 0.077778
1 0.237695 0.931944 0.050391 0.066667
1 0.889453 0.079514 0.024219 0.047917
1 0.945898 0.033333 0.028516 0.041667
1 0.965820 0.023958 0.022266 0.029861
1 0.754297 0.248264 0.032813 0.054861
0 0.179492 0.203819 0.020703 0.025694
0 0.192383 0.288194 0.019922 0.023611
0 0.209961 0.304514 0.023828 0.028472
0 0.233594 0.321875 0.031250 0.045139
0 0.218555 0.339236 0.029297 0.034028
0 0.243750 0.358333 0.030469 0.037500
0 0.258203 0.345139 0.025000 0.036111
0 0.275000 0.357639 0.025000 0.037500
0 0.268555 0.375694 0.026172 0.031944
0 0.253711 0.387500 0.027734 0.036111
0 0.302734 0.337500 0.024219 0.033333
0 0.324219 0.357292 0.028906 0.032639
0 0.312695 0.369792 0.022266 0.032639
0 0.350000 0.379514 0.030469 0.036806
0 0.335547 0.384722 0.027344 0.037500
0 0.323437 0.398611 0.027344 0.043056
0 0.308594 0.408333 0.028125 0.044444
0 0.496680 0.388194 0.039453 0.034722
0 0.586719 0.398958 0.034375 0.043750
0 0.485352 0.514931 0.033984 0.053472
0 0.182227 0.802083 0.040234 0.059722
0 0.205273 0.822222 0.039453 0.050000
0 0.278125 0.714931 0.039844 0.053472
0 0.291602 0.824306 0.044141 0.047222
0 0.295117 0.867014 0.048828 0.043750
0 0.351367 0.760417 0.048047 0.059722
0 0.356641 0.792708 0.049219 0.054861
0 0.377344 0.696181 0.035156 0.050694
0 0.410352 0.688889 0.033984 0.054167
0 0.514062 0.601389 0.032813 0.040278
0 0.716992 0.975000 0.033203 0.050000
0 0.637305 0.755208 0.044922 0.061806
0 0.623437 0.658333 0.032813 0.056944
0 0.636328 0.622917 0.030469 0.047222
0 0.674609 0.742708 0.035156 0.067361
0 0.752539 0.847917 0.042578 0.056944
0 0.639648 0.330903 0.024609 0.036806
0 0.657227 0.348611 0.024609 0.044444
0 0.773633 0.584722 0.040234 0.045833
0 0.764258 0.600694 0.036328 0.043056
0 0.754687 0.615972 0.036719 0.047222
0 0.790820 0.643750 0.036328 0.044444
0 0.807422 0.625694 0.042188 0.052778
0 0.818750 0.615278 0.035937 0.047222
0 0.836328 0.679167 0.039844 0.055556
0 0.853125 0.662847 0.034375 0.046528
0 0.887109 0.708681 0.045312 0.053472
0 0.912109 0.701736 0.039062 0.059028
0 0.962500 0.732639 0.032813 0.051389
0 0.894922 0.480903 0.021094 0.042361
0 0.913867 0.447222 0.028516 0.041667
0 0.925391 0.417014 0.023438 0.028472
0 0.891602 0.394097 0.028516 0.029861
0 0.868945 0.442708 0.025391 0.052083
0 0.859570 0.361458 0.033203 0.031250
0 0.718164 0.267014 0.019141 0.028472
0 0.745117 0.236111 0.016797 0.022222
0 0.767578 0.206250 0.016406 0.031944
0 0.795312 0.196181 0.021875 0.036806
0 0.816211 0.156597 0.014453 0.022917
0 0.825195 0.169792 0.017578 0.027083
0 0.835352 0.143750 0.013672 0.027778
0 0.848828 0.150000 0.014844 0.025000
0 0.853711 0.125694 0.010547 0.015278
0 0.875977 0.118056 0.019922 0.029167
0 0.898633 0.098264 0.014453 0.020139
0 0.904883 0.078125 0.009766 0.017361
0 0.910937 0.065625 0.010937 0.020139
0 0.916016 0.076389 0.009375 0.020833
0 0.924219 0.074653 0.010156 0.017361
0 0.935547 0.052431 0.010156 0.018750
0 0.941992 0.042014 0.008203 0.017361
0 0.946680 0.047917 0.012891 0.022222
0 0.953906 0.045486 0.010937 0.017361
0 0.959180 0.030208 0.010547 0.015972
0 0.048633 0.979861 0.048047 0.040278
