2 0.043750 0.087847 0.021094 0.031250
2 0.279883 0.331597 0.051172 0.065972
2 0.648242 0.330903 0.032422 0.057639
2 0.834766 0.594444 0.082031 0.086111
2 0.711914 0.627431 0.061328 0.072917
2 0.700391 0.490972 0.093750 0.120833
2 0.826758 0.371181 0.071484 0.056250
1 0.783984 0.187153 0.034375 0.047917
1 0.660742 0.348264 0.027734 0.049306
1 0.239844 0.306944 0.028906 0.050000
1 0.174414 0.296875 0.026172 0.029861
1 0.206055 0.320833 0.027734 0.034722
0 0.203516 0.220833 0.019531 0.022222
0 0.152734 0.181944 0.014844 0.018056
0 0.096875 0.185417 0.017969 0.023611
0 0.166602 0.269097 0.021484 0.027083
0 0.217969 0.276736 0.021094 0.025694
0 0.216016 0.308681 0.021875 0.024306
0 0.192578 0.291319 0.020313 0.027083
0 0.239648 0.326736 0.025391 0.035417
0 0.233984 0.343750 0.017969 0.019444
0 0.260937 0.351736 0.024219 0.025694
0 0.287891 0.367361 0.023438 0.025000
0 0.290820 0.395833 0.023047 0.031944
0 0.327539 0.360417 0.021484 0.027778
0 0.326367 0.382986 0.028516 0.028472
0 0.350000 0.377083 0.023438 0.030556
0 0.372852 0.417361 0.028516 0.033333
0 0.358203 0.429514 0.027344 0.032639
0 0.346875 0.460764 0.025781 0.035417
0 0.377148 0.467361 0.030859 0.034722
0 0.413867 0.473958 0.030859 0.036806
0 0.306836 0.342014 0.006641 0.018750
0 0.378516 0.698611 0.032031 0.041667
0 0.613672 0.985069 0.043750 0.029861
0 0.651758 0.957639 0.032422 0.051389
0 0.716211 0.978125 0.024609 0.043750
0 0.620703 0.915625 0.043750 0.052083
0 0.662695 0.842708 0.031641 0.061806
0 0.635352 0.757986 0.039453 0.050694
0 0.749805 0.847569 0.041016 0.047917
0 0.964648 0.759722 0.036328 0.037500
0 0.961328 0.731944 0.034375 0.031944
0 0.938672 0.693750 0.033594 0.031944
0 0.929883 0.737500 0.035547 0.036111
0 0.918359 0.656597 0.031250 0.035417
0 0.904297 0.698958 0.034375 0.042361
0 0.890234 0.663194 0.034375 0.033333
0 0.868750 0.694792 0.032031 0.043750
0 0.881055 0.750694 0.036328 0.041667
0 0.838477 0.720486 0.034766 0.039583
0 0.824609 0.664931 0.035937 0.035417
0 0.826758 0.643750 0.031641 0.031944
0 0.830273 0.625000 0.032422 0.031944
0 0.794922 0.693750 0.039062 0.038889
0 0.769141 0.651736 0.032031 0.031250
0 0.769336 0.627431 0.032422 0.034028
0 0.761328 0.597222 0.034375 0.038889
0 0.720703 0.554514 0.030469 0.031250
0 0.689844 0.587500 0.035156 0.029167
0 0.664062 0.531944 0.029687 0.031944
0 0.627148 0.495139 0.031641 0.034722
0 0.603711 0.510417 0.030859 0.034722
0 0.894141 0.480903 0.017188 0.032639
0 0.925195 0.415278 0.019922 0.023611
0 0.893555 0.398264 0.025391 0.028472
0 0.857227 0.363194 0.023047 0.020833
0 0.868164 0.446528 0.014453 0.044444
0 0.609375 0.360764 0.014844 0.025694
0 0.623828 0.338889 0.018750 0.033333
0 0.620703 0.370833 0.017188 0.030556
0 0.639062 0.372917 0.022656 0.037500
0 0.682813 0.329514 0.019531 0.027083
0 0.707031 0.302778 0.021094 0.034722
0 0.736133 0.269097 0.017578 0.025694
0 0.756836 0.246528 0.016797 0.029167
0 0.817969 0.157986 0.017969 0.021528
0 0.902539 0.081944 0.013672 0.019444
0 0.912500 0.117361 0.010937 0.018056
1 0.995703 0.017014 0.008594 0.021528
