2 0.796289 0.653125 0.090234 0.100694
2 0.275195 0.876389 0.090234 0.120833
2 0.300977 0.793750 0.089453 0.101389
2 0.335352 0.295486 0.065234 0.072917
2 0.839844 0.376389 0.053125 0.045833
0 0.066406 0.132292 0.015625 0.017361
0 0.182031 0.202083 0.020313 0.019444
0 0.302344 0.290972 0.026562 0.036111
0 0.349219 0.297569 0.021094 0.027083
0 0.357812 0.347917 0.021094 0.026389
0 0.279883 0.325000 0.021484 0.031944
0 0.305859 0.342708 0.028125 0.032639
0 0.339844 0.369444 0.024219 0.031944
0 0.371875 0.393750 0.025781 0.034722
0 0.405469 0.421528 0.028906 0.034722
0 0.436523 0.443750 0.027734 0.034722
0 0.309570 0.389583 0.023047 0.031944
0 0.308203 0.412153 0.022656 0.031250
0 0.381445 0.423264 0.026172 0.040972
0 0.405469 0.443403 0.024219 0.039583
0 0.437891 0.468750 0.032813 0.041667
0 0.370898 0.433333 0.024609 0.034722
0 0.389453 0.471181 0.030469 0.039583
0 0.449023 0.559375 0.028516 0.039583
0 0.466016 0.541667 0.032813 0.047222
0 0.527930 0.563542 0.032422 0.046528
0 0.458203 0.416319 0.025781 0.025694
0 0.482617 0.402778 0.027734 0.027778
0 0.539648 0.467014 0.036328 0.040972
0 0.575977 0.465972 0.025391 0.030556
0 0.379883 0.697222 0.036328 0.047222
0 0.417383 0.726389 0.033203 0.040278
0 0.182031 0.946181 0.054688 0.077083
0 0.416602 0.692708 0.031641 0.040972
0 0.369727 0.742361 0.033203 0.041667
0 0.716992 0.979167 0.021484 0.041667
0 0.751563 0.850347 0.040625 0.045139
0 0.742188 0.765625 0.035937 0.045139
0 0.746094 0.716319 0.047656 0.070139
0 0.870898 0.809028 0.036328 0.041667
0 0.649023 0.962500 0.036328 0.061111
0 0.637109 0.756944 0.037500 0.048611
0 0.622461 0.654514 0.038672 0.039583
0 0.601758 0.537153 0.034766 0.039583
0 0.617969 0.569792 0.036719 0.034028
0 0.660547 0.598958 0.034375 0.035417
0 0.693750 0.551042 0.029687 0.032639
0 0.720508 0.596181 0.032422 0.039583
0 0.751367 0.550694 0.032422 0.037500
0 0.925195 0.725347 0.047266 0.059028
0 0.919531 0.658681 0.031250 0.034028
0 0.925586 0.415972 0.023047 0.026389
0 0.893750 0.397917 0.024219 0.031944
0 0.894141 0.481944 0.017188 0.033333
0 0.869141 0.445486 0.018750 0.049306
0 0.856445 0.363542 0.025391 0.025694
0 0.634570 0.351389 0.024609 0.040278
0 0.643359 0.373611 0.021875 0.029167
0 0.659766 0.353472 0.019531 0.034722
0 0.663477 0.327083 0.020703 0.029167
0 0.650000 0.311458 0.025781 0.049306
0 0.682813 0.308681 0.020313 0.029861
0 0.688477 0.325347 0.018359 0.031250
0 0.992188 0.022917 0.008594 0.016667
0 0.981445 0.052431 0.009766 0.018750
0 0.952930 0.034375 0.011328 0.017361
0 0.872266 0.127083 0.014063 0.020833
0 0.801562 0.177778 0.014844 0.023611
0 0.785742 0.196875 0.015234 0.022917
0 0.749805 0.221181 0.018359 0.022917
0 0.738672 0.240278 0.014844 0.025000
0 0.735938 0.265278 0.021094 0.031944
0 0.702930 0.264236 0.019922 0.025694
