2 0.793359 0.654861 0.088281 0.097222
2 0.838086 0.375347 0.047266 0.040972
2 0.299805 0.806250 0.085547 0.119444
2 0.247266 0.898611 0.092188 0.105556
2 0.366992 0.315972 0.070703 0.077778
0 0.092383 0.152778 0.012109 0.016667
0 0.216602 0.228472 0.019141 0.020833
0 0.275000 0.322222 0.021875 0.030556
0 0.298633 0.338194 0.020703 0.031944
0 0.333203 0.363889 0.019531 0.027778
0 0.365625 0.390972 0.022656 0.036111
0 0.402930 0.418056 0.028516 0.031944
0 0.435547 0.444444 0.027344 0.029167
0 0.408008 0.381597 0.026953 0.028472
0 0.380859 0.317361 0.018750 0.026389
0 0.344336 0.319444 0.027734 0.033333
0 0.282227 0.364583 0.022266 0.026389
0 0.287305 0.395833 0.027734 0.031944
0 0.341992 0.409722 0.023828 0.034722
0 0.373242 0.418403 0.026172 0.036806
0 0.405273 0.444444 0.026172 0.036111
0 0.438477 0.470486 0.031641 0.039583
0 0.358008 0.446528 0.026172 0.040278
0 0.427930 0.509375 0.032422 0.039583
0 0.472461 0.519097 0.027734 0.042361
0 0.406250 0.518403 0.028125 0.034028
0 0.377930 0.692361 0.033984 0.036111
0 0.417773 0.726042 0.036328 0.036806
0 0.416016 0.693403 0.030469 0.039583
0 0.365820 0.744444 0.033984 0.044444
0 0.152930 0.969792 0.055078 0.060417
0 0.508594 0.451389 0.025000 0.026389
0 0.523633 0.432639 0.027734 0.027778
0 0.715430 0.976042 0.019141 0.047917
0 0.649414 0.959028 0.038672 0.050000
0 0.628125 0.989236 0.023438 0.021528
0 0.558203 0.609028 0.032813 0.038889
0 0.671289 0.664931 0.048047 0.071528
0 0.662500 0.710069 0.035156 0.045139
0 0.635742 0.756250 0.035547 0.043056
0 0.750000 0.848264 0.037500 0.040972
0 0.795312 0.759028 0.032031 0.047222
0 0.898633 0.868750 0.037891 0.044444
0 0.932227 0.862153 0.036328 0.049306
0 0.588281 0.498958 0.031250 0.035417
0 0.599023 0.535069 0.031641 0.038194
0 0.615820 0.567361 0.036328 0.037500
0 0.659766 0.598958 0.037500 0.032639
0 0.620117 0.501042 0.027734 0.029861
0 0.735742 0.582292 0.033203 0.032639
0 0.794141 0.583333 0.034375 0.033333
0 0.805078 0.701389 0.035156 0.033333
0 0.968164 0.751736 0.048828 0.061806
0 0.986914 0.703472 0.026172 0.033333
0 0.924805 0.414236 0.021484 0.021528
0 0.894141 0.481250 0.017969 0.037500
0 0.895508 0.396181 0.026172 0.024306
0 0.867383 0.446181 0.019141 0.042361
0 0.857227 0.362847 0.021484 0.027083
0 0.887305 0.115625 0.013672 0.017361
0 0.814063 0.165625 0.012500 0.021528
0 0.799805 0.186458 0.014453 0.020139
0 0.763477 0.209375 0.016797 0.020139
0 0.753320 0.226389 0.018359 0.022222
0 0.751172 0.246875 0.021875 0.031250
0 0.715625 0.251042 0.017188 0.022917
0 0.700781 0.310764 0.020313 0.029861
0 0.686328 0.302778 0.021094 0.023611
0 0.661328 0.300347 0.025781 0.040972
0 0.662695 0.326736 0.016016 0.022917
0 0.660742 0.352083 0.019922 0.026389
0 0.642188 0.372569 0.020313 0.027083
0 0.634766 0.352431 0.025000 0.039583
0 0.960938 0.024653 0.008594 0.018750
0 0.983203 0.036111 0.009375 0.016667
0 0.974414 0.061111 0.009766 0.018056
