2 0.790625 0.613542 0.121875 0.110417
2 0.575586 0.470833 0.084766 0.069444
2 0.808594 0.154167 0.035156 0.051389
2 0.164648 0.861806 0.075391 0.094444
1 0.338867 0.805556 0.055859 0.070833
1 0.449805 0.468056 0.055859 0.070833
1 0.650977 0.302778 0.041797 0.058333
1 0.649219 0.330903 0.034375 0.057639
1 0.659961 0.345833 0.031641 0.054167
1 0.718164 0.247222 0.026953 0.043056
2 0.830078 0.369097 0.064844 0.057639
0 0.191602 0.255903 0.021484 0.027083
0 0.253711 0.306250 0.020703 0.029167
0 0.292969 0.337153 0.025000 0.032639
0 0.330273 0.366667 0.027734 0.033333
0 0.370508 0.399306 0.025391 0.033333
0 0.388477 0.432986 0.026953 0.042361
0 0.414258 0.433681 0.024609 0.038194
0 0.509375 0.471875 0.034375 0.031250
0 0.504297 0.541319 0.033594 0.034028
0 0.178711 0.812153 0.033203 0.036806
0 0.271680 0.849306 0.037891 0.051389
0 0.365430 0.749653 0.033984 0.042361
0 0.381445 0.769444 0.037109 0.050000
0 0.154102 0.976736 0.041016 0.046528
0 0.201953 0.969792 0.033594 0.052083
0 0.378125 0.697222 0.035156 0.040278
0 0.396484 0.712153 0.032031 0.047917
0 0.416211 0.729167 0.037109 0.041667
0 0.560742 0.531944 0.035547 0.037500
0 0.606055 0.595486 0.033984 0.036806
0 0.652148 0.593403 0.035547 0.039583
0 0.710938 0.522569 0.032031 0.038194
0 0.754492 0.551736 0.032422 0.038194
0 0.634961 0.756250 0.046484 0.051389
0 0.676367 0.744097 0.034766 0.067361
0 0.751367 0.850694 0.044922 0.047222
0 0.716016 0.976389 0.025781 0.047222
0 0.620703 0.911111 0.035156 0.066667
0 0.651758 0.956250 0.033203 0.059722
0 0.612891 0.984722 0.045312 0.030556
0 0.541211 0.984028 0.046484 0.031944
0 0.820312 0.623264 0.032813 0.045139
0 0.895117 0.479861 0.020703 0.037500
0 0.925195 0.417708 0.020703 0.032639
0 0.893750 0.398264 0.027344 0.031250
0 0.856250 0.364931 0.025000 0.025694
0 0.867773 0.446181 0.018359 0.045139
0 0.692773 0.391319 0.022266 0.034028
0 0.687695 0.364931 0.020703 0.029861
0 0.638867 0.371875 0.023828 0.039583
0 0.621484 0.370486 0.023438 0.029861
0 0.607617 0.358681 0.018359 0.024306
0 0.625391 0.339931 0.023438 0.034028
0 0.684570 0.331944 0.022266 0.029167
0 0.671094 0.315278 0.016406 0.025000
0 0.706641 0.303472 0.021875 0.031944
0 0.686914 0.301389 0.020703 0.027778
0 0.677344 0.286458 0.016406 0.025694
0 0.698047 0.268403 0.018750 0.025694
0 0.706641 0.277778 0.019531 0.023611
0 0.724219 0.286111 0.017969 0.025000
0 0.737891 0.269792 0.018750 0.028472
0 0.756055 0.251389 0.019922 0.026389
0 0.737305 0.232986 0.021484 0.025694
0 0.780078 0.261111 0.020313 0.023611
0 0.770898 0.231597 0.016797 0.025694
0 0.782422 0.213194 0.016406 0.026389
0 0.800391 0.193056 0.017188 0.022222
0 0.816016 0.182639 0.018750 0.023611
0 0.836719 0.163889 0.014063 0.022222
0 0.840820 0.142708 0.016797 0.024306
0 0.980078 0.015625 0.017188 0.021528
0 0.742188 0.337847 0.025000 0.031250
0 0.800195 0.377431 0.033984 0.029861
