2 0.456641 0.465278 0.078906 0.088889
2 0.792969 0.616319 0.121094 0.117361
2 0.827734 0.374306 0.067969 0.059722
2 0.848242 0.121528 0.028516 0.052778
2 0.359375 0.649653 0.063281 0.074306
1 0.375781 0.417361 0.053125 0.069444
1 0.660352 0.350347 0.028516 0.054861
1 0.647266 0.328125 0.038281 0.056250
1 0.650977 0.305556 0.040234 0.061111
1 0.717578 0.247917 0.029687 0.041667
0 0.045898 0.109028 0.016797 0.025000
0 0.011914 0.076389 0.012891 0.019444
0 0.125586 0.207639 0.019141 0.020833
0 0.237695 0.295486 0.020703 0.028472
0 0.266211 0.315972 0.019922 0.025000
0 0.295703 0.340625 0.024219 0.027083
0 0.333398 0.364931 0.026953 0.031250
0 0.314063 0.373264 0.025000 0.035417
0 0.363867 0.384722 0.025391 0.026389
0 0.240625 0.739583 0.043750 0.058333
1 0.322656 0.830208 0.048438 0.074306
0 0.364063 0.752083 0.034375 0.045833
0 0.382031 0.771875 0.036719 0.047917
0 0.376563 0.696528 0.033594 0.038889
0 0.396875 0.714931 0.035156 0.040972
0 0.415625 0.730208 0.030469 0.042361
0 0.407813 0.585764 0.028906 0.038194
0 0.540820 0.982986 0.048828 0.034028
0 0.615820 0.985417 0.048047 0.029167
0 0.652148 0.956250 0.033984 0.059722
0 0.716016 0.977083 0.026562 0.045833
0 0.620703 0.912847 0.033594 0.065972
0 0.635156 0.755903 0.040625 0.053472
0 0.749805 0.850000 0.040234 0.048611
0 0.604102 0.652778 0.030859 0.055556
0 0.631641 0.556944 0.037500 0.038889
0 0.685352 0.613194 0.034766 0.037500
0 0.739648 0.656250 0.039453 0.044444
0 0.896484 0.650347 0.034375 0.036806
0 0.774219 0.569792 0.031250 0.034028
0 0.820508 0.620486 0.030859 0.043750
0 0.589258 0.533333 0.034766 0.034722
0 0.625977 0.454861 0.032422 0.037500
0 0.584570 0.449306 0.035547 0.033333
0 0.574219 0.484722 0.035156 0.031944
0 0.671875 0.385417 0.021094 0.031944
0 0.894727 0.428819 0.031641 0.034028
0 0.925000 0.417708 0.025000 0.027083
0 0.893164 0.396875 0.027734 0.029861
0 0.894141 0.481597 0.019531 0.040972
0 0.868164 0.442361 0.020703 0.043056
0 0.858008 0.364236 0.025391 0.029861
0 0.639062 0.372569 0.022656 0.040972
0 0.622070 0.369792 0.022266 0.028472
0 0.608789 0.359722 0.017578 0.022222
0 0.624414 0.338542 0.023828 0.035417
0 0.684180 0.329514 0.018359 0.029861
0 0.671094 0.316667 0.017188 0.026389
0 0.678125 0.285764 0.017188 0.025694
0 0.691992 0.296181 0.019141 0.032639
0 0.706641 0.301736 0.018750 0.035417
0 0.724805 0.285069 0.018359 0.029861
0 0.697656 0.269444 0.021875 0.025000
0 0.738867 0.268403 0.018359 0.028472
0 0.741992 0.243750 0.016797 0.023611
0 0.738672 0.230556 0.017969 0.022222
0 0.757617 0.250000 0.016016 0.023611
0 0.770312 0.232292 0.016406 0.028472
0 0.782813 0.211458 0.016406 0.022917
0 0.800781 0.193056 0.014063 0.025000
0 0.826953 0.168403 0.014063 0.020139
0 0.872656 0.126389 0.010156 0.019444
0 0.880273 0.102083 0.013672 0.022222
0 0.975781 0.046181 0.011719 0.018750
2 0.994727 0.030903 0.010547 0.029861
