2 0.279102 0.328125 0.055078 0.065972
2 0.240430 0.915625 0.133984 0.150694
2 0.726367 0.639583 0.069922 0.080556
2 0.832031 0.371528 0.068750 0.061111
1 0.238477 0.301042 0.042578 0.047917
1 0.176172 0.293403 0.028125 0.036806
1 0.197656 0.317361 0.024219 0.025000
1 0.665430 0.426389 0.041016 0.058333
1 0.868164 0.103819 0.026172 0.040972
1 0.961719 0.033681 0.014063 0.029861
1 0.946484 0.026389 0.014844 0.025000
1 0.680664 0.324653 0.036328 0.049306
0 0.037695 0.104514 0.015234 0.022917
0 0.253711 0.266319 0.022266 0.022917
0 0.433398 0.364236 0.019141 0.021528
0 0.324219 0.354861 0.023438 0.030556
0 0.351367 0.379514 0.026953 0.034028
0 0.306250 0.340972 0.017969 0.027778
0 0.233984 0.322569 0.026562 0.038194
0 0.220703 0.336806 0.019531 0.027778
0 0.246484 0.357986 0.022656 0.028472
0 0.257617 0.346528 0.019141 0.027778
0 0.275781 0.360417 0.021094 0.026389
0 0.268945 0.375347 0.025391 0.028472
0 0.256445 0.388889 0.022266 0.030556
0 0.299023 0.378472 0.019922 0.022222
0 0.323437 0.400347 0.025000 0.032639
0 0.307031 0.411458 0.024219 0.036806
0 0.333789 0.389236 0.025391 0.029861
0 0.468164 0.522917 0.027734 0.045833
0 0.455469 0.628819 0.033594 0.045139
0 0.170508 0.820833 0.042578 0.059722
0 0.380469 0.698264 0.032813 0.045139
0 0.381641 0.761806 0.039844 0.059722
0 0.463281 0.683333 0.040625 0.045833
0 0.502734 0.589931 0.041406 0.054861
0 0.556641 0.647569 0.044531 0.046528
0 0.635547 0.751389 0.042969 0.061111
0 0.678125 0.806250 0.031250 0.068056
0 0.716016 0.977431 0.029687 0.045139
0 0.625586 0.908333 0.039453 0.072222
0 0.723633 0.776736 0.042578 0.056250
0 0.750781 0.848264 0.042188 0.045139
0 0.963477 0.731944 0.038672 0.048611
0 0.906641 0.696875 0.042969 0.045139
0 0.887891 0.711458 0.039844 0.049306
0 0.854102 0.661806 0.036328 0.036111
0 0.835156 0.676042 0.041406 0.042361
0 0.824609 0.618056 0.034375 0.034722
0 0.811328 0.629167 0.039062 0.043056
0 0.791992 0.643750 0.030859 0.036111
0 0.754102 0.614583 0.030859 0.041667
0 0.766602 0.601389 0.032422 0.038889
0 0.774805 0.587500 0.039453 0.037500
0 0.894336 0.479861 0.018359 0.041667
0 0.925000 0.418056 0.025781 0.029167
0 0.893359 0.396181 0.030469 0.031250
0 0.858984 0.361111 0.025781 0.027778
0 0.869141 0.445486 0.016406 0.056250
0 0.817187 0.385764 0.028906 0.029861
0 0.719531 0.360417 0.024219 0.033333
0 0.686328 0.367708 0.025781 0.027083
0 0.640234 0.375694 0.028906 0.043056
0 0.628711 0.430903 0.023047 0.038194
0 0.603906 0.386111 0.028125 0.038889
0 0.640625 0.322917 0.019531 0.034722
0 0.656250 0.330556 0.023438 0.034722
0 0.722461 0.256597 0.018359 0.028472
0 0.734180 0.272222 0.019922 0.031944
0 0.748437 0.229861 0.017188 0.026389
0 0.781836 0.207986 0.015234 0.021528
0 0.785937 0.189583 0.016406 0.020833
0 0.808008 0.182639 0.023047 0.033333
0 0.828516 0.147222 0.015625 0.020833
0 0.839063 0.154861 0.014063 0.019444
0 0.881250 0.115278 0.013281 0.023611
0 0.885156 0.095833 0.010937 0.015278
0 0.895508 0.084722 0.014453 0.015278
0 0.900586 0.097569 0.012109 0.013194
0 0.909180 0.075000 0.012891 0.018056
0 0.928906 0.055208 0.012500 0.013194
0 0.940234 0.041667 0.012500 0.016667
0 0.947461 0.050000 0.009766 0.016667
0 0.964844 0.018403 0.010937 0.013194
0 0.972266 0.025347 0.014063 0.011806
0 0.915625 0.131597 0.014063 0.018750
