2 0.275781 0.329861 0.050000 0.076389
2 0.723633 0.636806 0.066016 0.070833
2 0.982031 0.049653 0.019531 0.040972
2 0.683594 0.296181 0.032813 0.054861
2 0.843555 0.597917 0.119922 0.119444
2 0.826367 0.373264 0.072266 0.056250
2 0.179492 0.180556 0.037891 0.051389
1 0.175781 0.295139 0.027344 0.036111
1 0.196875 0.310417 0.024219 0.026389
1 0.860352 0.114236 0.025391 0.038194
1 0.912305 0.114931 0.017578 0.029861
1 0.660352 0.346528 0.030859 0.050000
0 0.078125 0.173264 0.016406 0.025694
0 0.163867 0.267708 0.019141 0.032639
0 0.205664 0.222569 0.020703 0.025694
0 0.379883 0.342014 0.027734 0.034028
0 0.460547 0.384028 0.034375 0.031944
0 0.190820 0.288542 0.021484 0.025694
0 0.211133 0.304167 0.025391 0.029167
0 0.234375 0.323611 0.027344 0.038889
0 0.223633 0.333681 0.019141 0.021528
0 0.254492 0.344792 0.021484 0.029861
0 0.275586 0.360417 0.024609 0.034722
0 0.267969 0.375694 0.025781 0.037500
0 0.255469 0.386111 0.023438 0.027778
0 0.246484 0.360069 0.022656 0.031250
0 0.298047 0.380556 0.025000 0.030556
0 0.313281 0.369444 0.022656 0.034722
0 0.304102 0.339236 0.012109 0.022917
0 0.320703 0.359028 0.028906 0.033333
0 0.348047 0.377431 0.025781 0.032639
0 0.333594 0.387847 0.027344 0.034028
0 0.322070 0.398611 0.027734 0.034722
0 0.308984 0.410417 0.028125 0.043056
0 0.379102 0.697569 0.034766 0.040972
0 0.014648 0.984028 0.028516 0.031944
0 0.617969 0.916319 0.032813 0.061806
0 0.635547 0.755903 0.039062 0.057639
0 0.662891 0.843403 0.028906 0.070139
0 0.718555 0.975694 0.034766 0.048611
0 0.750000 0.848264 0.035937 0.049306
0 0.614453 0.986458 0.045312 0.027083
0 0.651367 0.955903 0.033984 0.063194
0 0.839453 0.725694 0.033594 0.041667
0 0.880469 0.756250 0.039844 0.047222
0 0.795312 0.694792 0.039844 0.049306
0 0.929102 0.736806 0.034766 0.041667
0 0.965234 0.760764 0.035156 0.038194
0 0.962305 0.731597 0.034766 0.038194
0 0.986133 0.729167 0.027734 0.038889
0 0.897852 0.667361 0.033984 0.030556
0 0.905664 0.700000 0.037109 0.041667
0 0.888672 0.709722 0.037500 0.040278
0 0.858789 0.644792 0.035547 0.036806
0 0.853711 0.663194 0.031641 0.034722
0 0.836914 0.671875 0.030859 0.040972
0 0.819336 0.619792 0.030859 0.038194
0 0.808008 0.629861 0.033203 0.040278
0 0.791211 0.644444 0.033984 0.033333
0 0.779883 0.658333 0.030078 0.034722
0 0.733789 0.622917 0.037109 0.045833
0 0.755273 0.619444 0.027734 0.045833
0 0.766797 0.602431 0.032813 0.040972
0 0.773047 0.587847 0.032813 0.036806
0 0.895117 0.482639 0.020703 0.041667
0 0.926562 0.413542 0.023438 0.027083
0 0.895117 0.396875 0.024609 0.031250
0 0.867188 0.446181 0.017188 0.046528
0 0.855664 0.362500 0.025391 0.029167
0 0.780273 0.267014 0.018359 0.028472
0 0.642383 0.375694 0.024609 0.043056
0 0.634375 0.358333 0.020313 0.031944
0 0.624414 0.342708 0.019141 0.029861
0 0.706836 0.302431 0.019141 0.036806
0 0.683984 0.329514 0.021875 0.031250
0 0.750586 0.256944 0.018359 0.031944
0 0.814844 0.184028 0.015625 0.033333
0 0.883984 0.098958 0.014063 0.027083
0 0.961133 0.064236 0.009766 0.017361
