1 0.875586 0.658333 0.074609 0.080556
1 0.900781 0.709375 0.057813 0.064583
1 0.638477 0.574653 0.066797 0.075694
1 0.622266 0.337500 0.030469 0.051389
1 0.226953 0.888889 0.057031 0.072222
2 0.289648 0.674653 0.080078 0.124306
2 0.313867 0.790625 0.083984 0.124306
2 0.358984 0.784722 0.084375 0.122222
2 0.947266 0.478819 0.048438 0.059028
0 0.088477 0.203472 0.019141 0.023611
0 0.162500 0.269792 0.021094 0.027083
0 0.195117 0.295486 0.021484 0.027083
0 0.246680 0.356597 0.021484 0.034028
0 0.283984 0.364583 0.025000 0.038889
0 0.304883 0.407639 0.024609 0.034722
0 0.319336 0.401042 0.022266 0.038194
0 0.291406 0.421528 0.025781 0.033333
0 0.451367 0.440972 0.030859 0.034722
0 0.155078 0.978125 0.044531 0.043750
0 0.378125 0.693403 0.037500 0.038194
0 0.416406 0.692014 0.031250 0.040972
0 0.417969 0.726736 0.032031 0.040972
0 0.379297 0.724653 0.030469 0.024306
0 0.969727 0.015625 0.012891 0.015972
2 0.976172 0.056597 0.019531 0.029861
0 0.896289 0.086111 0.012109 0.016667
0 0.941992 0.098264 0.012109 0.018750
0 0.915039 0.112500 0.014453 0.018056
0 0.857227 0.140278 0.013672 0.020833
0 0.869336 0.160764 0.012109 0.017361
0 0.891016 0.137847 0.014063 0.017361
0 0.897461 0.148958 0.011328 0.015972
0 0.828320 0.202778 0.016016 0.019444
0 0.796875 0.240625 0.017969 0.024306
0 0.814453 0.239931 0.018750 0.022917
0 0.758789 0.227431 0.017578 0.024306
0 0.742773 0.226042 0.019141 0.022917
0 0.741992 0.244097 0.016797 0.021528
0 0.748828 0.257639 0.017188 0.023611
0 0.728516 0.256944 0.020313 0.026389
0 0.733398 0.275347 0.017578 0.027083
0 0.702344 0.264931 0.018750 0.027083
0 0.711914 0.276042 0.016797 0.025694
0 0.720313 0.292361 0.018750 0.025000
0 0.686719 0.281597 0.016406 0.024306
0 0.697656 0.286806 0.019531 0.026389
0 0.696484 0.311806 0.021094 0.037500
0 0.668164 0.292708 0.017578 0.022917
0 0.680078 0.311111 0.020313 0.029167
0 0.679688 0.332986 0.019531 0.029861
0 0.658203 0.310417 0.018750 0.025000
0 0.663867 0.327431 0.018359 0.025694
0 0.661133 0.353125 0.019141 0.028472
0 0.634961 0.352083 0.024609 0.043056
0 0.642188 0.372917 0.022656 0.029167
0 0.559570 0.450694 0.033984 0.031944
0 0.562891 0.484028 0.036719 0.030556
0 0.619531 0.438889 0.031250 0.029167
0 0.675977 0.435764 0.016797 0.036806
0 0.700195 0.381250 0.019922 0.029167
0 0.745117 0.307639 0.019922 0.029167
0 0.646484 0.963194 0.033594 0.055556
0 0.716797 0.976042 0.023438 0.047917
0 0.750781 0.850347 0.033594 0.042361
0 0.730859 0.812847 0.042969 0.042361
0 0.635742 0.755556 0.039453 0.047222
0 0.950977 0.724306 0.041016 0.037500
0 0.909375 0.748958 0.033594 0.035417
0 0.909570 0.653125 0.039453 0.043750
0 0.803906 0.653819 0.033594 0.040972
0 0.807813 0.628819 0.036719 0.045139
0 0.754297 0.617361 0.033594 0.037500
0 0.762109 0.603472 0.034375 0.041667
0 0.694141 0.500347 0.028125 0.036806
0 0.925586 0.414583 0.022266 0.027778
0 0.895312 0.480556 0.018750 0.031944
0 0.894336 0.400000 0.026953 0.029167
0 0.868359 0.445833 0.017969 0.038889
0 0.845703 0.373264 0.027344 0.031250
0 0.858398 0.363542 0.023828 0.027083
0 0.831836 0.351389 0.026172 0.030556
