2 0.366797 0.406597 0.059375 0.090972
2 0.792773 0.615972 0.119141 0.125000
2 0.827734 0.369444 0.071875 0.062500
2 0.619922 0.571528 0.067187 0.079167
2 0.886523 0.153125 0.026953 0.046528
1 0.325586 0.380208 0.040234 0.064583
1 0.659375 0.347569 0.028906 0.047917
1 0.648633 0.331597 0.037109 0.059028
1 0.649609 0.303472 0.042969 0.059722
1 0.716602 0.246528 0.030078 0.041667
2 0.946680 0.032986 0.021484 0.040972
2 0.991016 0.038194 0.014844 0.034722
0 0.070898 0.124653 0.014453 0.014583
0 0.106250 0.139583 0.016406 0.018056
0 0.102734 0.148958 0.013281 0.014583
0 0.151562 0.167708 0.017188 0.020139
0 0.176367 0.188194 0.019141 0.020833
0 0.182422 0.204861 0.017969 0.022222
0 0.273828 0.271181 0.021094 0.025694
0 0.237305 0.294444 0.021484 0.026389
0 0.262109 0.311806 0.021875 0.030556
0 0.288477 0.332639 0.024609 0.026389
0 0.298047 0.357986 0.023438 0.028472
0 0.409961 0.450000 0.025391 0.031944
0 0.411914 0.427778 0.026172 0.033333
0 0.435547 0.468403 0.027344 0.035417
0 0.444727 0.452431 0.026953 0.034028
0 0.357422 0.759375 0.032813 0.043750
0 0.376172 0.777431 0.032813 0.043750
0 0.378320 0.697569 0.033203 0.045139
0 0.396680 0.714931 0.033984 0.042361
0 0.415430 0.728472 0.033203 0.041667
0 0.538672 0.981597 0.051562 0.036806
0 0.613867 0.985417 0.047266 0.029167
0 0.651758 0.957986 0.033203 0.056250
0 0.716602 0.976042 0.028516 0.047917
0 0.618164 0.910069 0.035547 0.060417
0 0.750195 0.851736 0.039453 0.045139
0 0.635156 0.757292 0.042188 0.049306
0 0.751758 0.714583 0.041016 0.044444
0 0.951953 0.905556 0.039062 0.054167
0 0.945898 0.844444 0.040234 0.051389
0 0.828516 0.718056 0.039844 0.041667
0 0.791992 0.692014 0.033984 0.036806
0 0.820508 0.620139 0.030859 0.040278
0 0.742773 0.656944 0.039453 0.037500
0 0.725781 0.622917 0.036719 0.036111
0 0.671289 0.582292 0.032422 0.036806
0 0.596680 0.524306 0.033984 0.040278
0 0.608008 0.359722 0.015234 0.029167
0 0.621680 0.371875 0.018359 0.036806
0 0.640625 0.372917 0.024219 0.038889
0 0.623828 0.339583 0.021094 0.031944
0 0.683594 0.331250 0.017969 0.029167
0 0.670312 0.316667 0.017188 0.023611
0 0.678906 0.286458 0.017188 0.021528
0 0.699414 0.271181 0.019922 0.027083
0 0.706250 0.302778 0.022656 0.033333
0 0.896289 0.484722 0.024609 0.037500
0 0.924805 0.417014 0.023828 0.029861
0 0.893945 0.398611 0.023047 0.029167
0 0.867578 0.445486 0.017188 0.040972
0 0.856250 0.363542 0.025000 0.028472
0 0.724023 0.287153 0.018359 0.025694
0 0.737500 0.270139 0.016406 0.026389
0 0.757422 0.249306 0.016406 0.022222
0 0.770508 0.232292 0.016797 0.025694
0 0.782813 0.212153 0.013281 0.024306
0 0.778320 0.197222 0.016016 0.023611
0 0.851562 0.179861 0.016406 0.026389
0 0.841797 0.152083 0.017969 0.018056
0 0.857227 0.133681 0.012891 0.018750
0 0.841016 0.136458 0.014844 0.021528
0 0.918555 0.079514 0.012891 0.018750
0 0.949609 0.093403 0.011719 0.018750
0 0.967773 0.034375 0.009766 0.015972
0 0.973633 0.013542 0.009766 0.013194
