2 0.274414 0.331597 0.055078 0.075694
2 0.451562 0.668056 0.096875 0.123611
2 0.831836 0.372917 0.065234 0.059722
2 0.816992 0.153125 0.035547 0.056250
2 0.718359 0.636806 0.072656 0.084722
2 0.848242 0.197917 0.026953 0.043056
1 0.925391 0.047222 0.025000 0.033333
1 0.240820 0.298611 0.037891 0.055556
1 0.176367 0.292014 0.031641 0.036806
1 0.199023 0.315278 0.028516 0.033333
1 0.954688 0.036458 0.018750 0.028472
1 0.657617 0.346528 0.030859 0.050000
0 0.079883 0.145486 0.016797 0.021528
0 0.177344 0.188889 0.018750 0.022222
0 0.193164 0.290278 0.020703 0.026389
0 0.211914 0.305903 0.021484 0.027083
0 0.220703 0.335069 0.020313 0.032639
0 0.254688 0.344792 0.021875 0.027083
0 0.244531 0.356250 0.021875 0.027778
0 0.275977 0.360417 0.023828 0.033333
0 0.269141 0.373611 0.022656 0.030556
0 0.255859 0.385764 0.025781 0.029861
0 0.324609 0.361458 0.023438 0.029861
0 0.310742 0.365625 0.022266 0.025694
0 0.296680 0.379514 0.023047 0.025694
0 0.305273 0.340972 0.010547 0.020833
0 0.349805 0.378472 0.026172 0.030556
0 0.333789 0.387847 0.026172 0.027083
0 0.322266 0.399306 0.026562 0.033333
0 0.307227 0.407292 0.026953 0.035417
0 0.483008 0.370486 0.027734 0.031250
0 0.518359 0.471528 0.025781 0.051389
0 0.278516 0.706250 0.036719 0.047222
0 0.398242 0.606597 0.033203 0.043750
0 0.377734 0.698264 0.038281 0.050694
0 0.580664 0.407292 0.031641 0.038194
0 0.613477 0.485417 0.032422 0.044444
0 0.646680 0.427431 0.037891 0.046528
0 0.638086 0.755556 0.044922 0.055556
0 0.660742 0.840278 0.031641 0.069444
0 0.616602 0.912500 0.039453 0.066667
0 0.715820 0.977431 0.030859 0.045139
0 0.749609 0.847222 0.039844 0.050000
0 0.795898 0.769097 0.043359 0.056250
0 0.940430 0.895833 0.045703 0.066667
0 0.963086 0.733333 0.035547 0.047222
0 0.904102 0.669444 0.033203 0.038889
0 0.905273 0.696528 0.038672 0.043056
0 0.886719 0.710069 0.040625 0.046528
0 0.856055 0.663194 0.033984 0.038889
0 0.835352 0.671181 0.034766 0.042361
0 0.820117 0.616667 0.031641 0.037500
0 0.808398 0.626042 0.037109 0.043750
0 0.788867 0.642708 0.033984 0.035417
0 0.753125 0.616319 0.031250 0.038194
0 0.765234 0.600000 0.032813 0.038889
0 0.772852 0.587153 0.037891 0.042361
0 0.894141 0.480903 0.021875 0.036806
0 0.924219 0.414236 0.025781 0.025694
0 0.893945 0.397222 0.026172 0.029167
0 0.867578 0.443056 0.021875 0.044444
0 0.858594 0.361458 0.027344 0.031250
0 0.766992 0.347222 0.023047 0.034722
0 0.686719 0.363542 0.023438 0.027083
0 0.634766 0.350347 0.024219 0.028472
0 0.636914 0.373611 0.026953 0.033333
0 0.638477 0.328472 0.025391 0.023611
0 0.675391 0.309375 0.023438 0.035417
0 0.683594 0.327778 0.020313 0.029167
0 0.737305 0.254514 0.025391 0.027083
0 0.743359 0.226736 0.020313 0.029861
0 0.836133 0.191319 0.016016 0.024306
0 0.794141 0.196181 0.021875 0.031250
0 0.862500 0.165625 0.011719 0.024306
0 0.874609 0.170486 0.013281 0.022917
0 0.850391 0.142708 0.017188 0.018750
0 0.844141 0.133333 0.012500 0.019444
0 0.870313 0.110069 0.014063 0.022917
0 0.895898 0.087153 0.016797 0.024306
0 0.913086 0.071181 0.015234 0.018750
0 0.943750 0.044792 0.013281 0.015972
0 0.967187 0.031250 0.010937 0.019444
0 0.976953 0.011458 0.010937 0.015972
0 0.993750 0.038542 0.009375 0.015972
