2 0.347852 0.296875 0.051172 0.063194
2 0.274414 0.331597 0.052734 0.072917
2 0.787695 0.196875 0.023047 0.045139
2 0.723633 0.640972 0.066016 0.079167
2 0.828125 0.373264 0.072656 0.065972
1 0.889648 0.071528 0.022266 0.034722
2 0.910937 0.128125 0.029687 0.046528
1 0.782617 0.255556 0.031641 0.045833
1 0.660352 0.347569 0.028516 0.054861
1 0.238477 0.303472 0.037109 0.052778
1 0.173437 0.295139 0.029687 0.036111
1 0.199023 0.312500 0.025391 0.027778
0 0.067187 0.187153 0.025000 0.039583
0 0.326367 0.684028 0.036328 0.050000
0 0.380273 0.700347 0.035547 0.046528
0 0.526758 0.445139 0.031641 0.047222
0 0.435352 0.354514 0.027734 0.032639
0 0.235352 0.325694 0.027734 0.041667
0 0.212891 0.306944 0.020313 0.030556
0 0.192383 0.290972 0.019141 0.027778
0 0.256055 0.387847 0.028516 0.029861
0 0.245898 0.358333 0.023828 0.031944
0 0.256250 0.343403 0.023438 0.032639
0 0.275391 0.359028 0.024219 0.030556
0 0.267188 0.374306 0.026562 0.034722
0 0.294922 0.380208 0.025781 0.027083
0 0.306836 0.408681 0.027734 0.034028
0 0.323242 0.401736 0.023828 0.036806
0 0.332031 0.388194 0.025000 0.030556
0 0.348242 0.381597 0.026953 0.035417
0 0.324219 0.360417 0.025781 0.031944
0 0.312695 0.372569 0.024609 0.028472
0 0.306055 0.341319 0.016016 0.028472
0 0.636328 0.756944 0.046875 0.051389
0 0.659961 0.841319 0.028516 0.063194
0 0.715820 0.971181 0.033984 0.057639
0 0.651367 0.958681 0.041797 0.049306
0 0.615039 0.985417 0.049609 0.029167
0 0.616602 0.913194 0.033984 0.062500
0 0.748828 0.853472 0.040625 0.052778
0 0.976953 0.815972 0.042969 0.044444
0 0.964844 0.759722 0.037500 0.043056
0 0.963281 0.728472 0.037500 0.036111
0 0.929688 0.689236 0.034375 0.039583
0 0.930469 0.738542 0.035937 0.043750
0 0.905469 0.698611 0.035937 0.044444
0 0.886523 0.709028 0.033984 0.044444
0 0.839844 0.721875 0.035937 0.038194
0 0.881836 0.657986 0.036328 0.040972
0 0.853906 0.666319 0.031250 0.043750
0 0.834961 0.673611 0.033984 0.044444
0 0.795508 0.696181 0.043359 0.045139
0 0.795117 0.670139 0.033203 0.033333
0 0.790234 0.642708 0.034375 0.038194
0 0.808594 0.629861 0.038281 0.044444
0 0.817383 0.617014 0.033203 0.045139
0 0.773047 0.586806 0.036719 0.038889
0 0.765820 0.600347 0.033203 0.031250
0 0.755469 0.618750 0.029687 0.034722
0 0.733789 0.618750 0.041016 0.044444
0 0.631250 0.337500 0.025781 0.033333
0 0.640234 0.374653 0.027344 0.042361
0 0.675195 0.295833 0.022266 0.031944
0 0.684180 0.329514 0.023828 0.029861
0 0.714258 0.295139 0.024609 0.041667
0 0.739258 0.235069 0.016797 0.025694
0 0.763477 0.231250 0.020703 0.026389
0 0.767578 0.203472 0.019531 0.026389
0 0.817383 0.178819 0.019922 0.022917
0 0.866602 0.166667 0.019922 0.022222
0 0.882422 0.112847 0.015625 0.024306
0 0.920508 0.061458 0.016797 0.018750
0 0.955469 0.066319 0.016406 0.018750
0 0.982617 0.048958 0.017578 0.020139
0 0.858594 0.363194 0.024219 0.027778
0 0.926367 0.419097 0.027734 0.029861
0 0.893555 0.398611 0.028516 0.034722
0 0.894922 0.480903 0.026562 0.045139
0 0.869141 0.445486 0.022656 0.045139
0 0.684961 0.470139 0.030078 0.040278
