2 0.275781 0.330208 0.052344 0.072917
2 0.649609 0.332639 0.029687 0.054167
2 0.826367 0.369097 0.070703 0.057639
2 0.861719 0.614236 0.082031 0.089583
2 0.709180 0.510764 0.098828 0.117361
2 0.713477 0.632639 0.066016 0.076389
2 0.059961 0.104514 0.026172 0.031250
0 0.079883 0.178125 0.017578 0.029861
1 0.240820 0.305208 0.032422 0.046528
1 0.204297 0.321181 0.029687 0.038194
1 0.178516 0.297917 0.023438 0.027778
1 0.795703 0.172917 0.029687 0.043056
1 0.662109 0.346528 0.025000 0.050000
1 0.988086 0.030903 0.011328 0.022917
0 0.026953 0.153125 0.009375 0.014583
0 0.180664 0.202431 0.018359 0.018750
0 0.233203 0.245486 0.021875 0.027083
0 0.204687 0.267014 0.021094 0.025694
0 0.167187 0.268403 0.019531 0.022917
0 0.192578 0.291319 0.018750 0.029861
0 0.214648 0.309722 0.019141 0.029167
0 0.235742 0.325347 0.025391 0.042361
0 0.225977 0.337847 0.022266 0.025694
0 0.191406 0.291667 0.017969 0.029167
0 0.258594 0.352778 0.023438 0.027778
0 0.280273 0.363889 0.019922 0.026389
0 0.278320 0.384722 0.024609 0.031944
0 0.319336 0.377431 0.022266 0.032639
0 0.304102 0.340278 0.008203 0.020833
0 0.325781 0.360069 0.021094 0.028472
0 0.350195 0.378125 0.021484 0.029861
0 0.360547 0.409028 0.026562 0.031944
0 0.379492 0.446528 0.028516 0.043056
0 0.357031 0.452083 0.027344 0.043056
0 0.318750 0.442014 0.025781 0.036806
0 0.338086 0.418056 0.026172 0.040278
0 0.378320 0.698264 0.038672 0.045139
0 0.616602 0.986111 0.042578 0.027778
0 0.621875 0.915972 0.037500 0.062500
0 0.661914 0.843750 0.029297 0.062500
0 0.635938 0.761111 0.041406 0.056944
0 0.715625 0.977083 0.025781 0.045833
0 0.750391 0.852083 0.039062 0.050000
0 0.881641 0.754167 0.039844 0.043056
0 0.965625 0.760764 0.032031 0.045139
0 0.963281 0.729514 0.038281 0.036806
0 0.940820 0.698611 0.035547 0.036111
0 0.948633 0.677778 0.033203 0.037500
0 0.931445 0.737847 0.032422 0.042361
0 0.906055 0.700694 0.037109 0.044444
0 0.895117 0.668750 0.031641 0.036111
0 0.872852 0.700694 0.034766 0.038889
0 0.830859 0.671875 0.035156 0.039583
0 0.841602 0.657639 0.032422 0.036111
0 0.846680 0.635417 0.033203 0.031944
0 0.781641 0.608681 0.039062 0.036806
0 0.782422 0.638542 0.036719 0.032639
0 0.779102 0.657639 0.031641 0.027778
0 0.796289 0.695833 0.039453 0.048611
0 0.838477 0.726042 0.033203 0.040972
0 0.607227 0.359722 0.016797 0.026389
0 0.625781 0.338542 0.021094 0.035417
0 0.621484 0.371181 0.017969 0.028472
0 0.638867 0.372222 0.022266 0.043056
0 0.684766 0.328472 0.016406 0.025000
0 0.706250 0.301736 0.019531 0.034028
0 0.693945 0.553472 0.030078 0.037500
0 0.665039 0.521528 0.030859 0.036111
0 0.641016 0.537500 0.032031 0.036111
0 0.754492 0.577083 0.030859 0.038889
0 0.895508 0.478819 0.019922 0.036806
0 0.925195 0.414583 0.022266 0.022222
0 0.893555 0.397917 0.023047 0.027778
0 0.868555 0.444792 0.015234 0.042361
0 0.856445 0.363542 0.024609 0.029861
0 0.736523 0.269792 0.021484 0.024306
0 0.761719 0.242014 0.014844 0.025694
0 0.828125 0.149306 0.015625 0.022222
0 0.896094 0.135069 0.014844 0.020139
0 0.916797 0.069444 0.016406 0.022222
