2 0.293945 0.343056 0.055078 0.079167
2 0.826758 0.368750 0.069922 0.054167
2 0.785937 0.563889 0.084375 0.077778
2 0.684570 0.468750 0.076953 0.122222
2 0.650000 0.327778 0.034375 0.051389
1 0.245703 0.309375 0.034375 0.054861
1 0.220898 0.336111 0.026172 0.034722
1 0.180469 0.297917 0.030469 0.034722
2 0.015820 0.072222 0.023047 0.033333
1 0.755859 0.207639 0.039062 0.050000
0 0.089453 0.208333 0.017969 0.030556
0 0.098242 0.145486 0.017578 0.021528
0 0.146680 0.181944 0.015234 0.022222
0 0.121484 0.206250 0.018750 0.023611
0 0.166406 0.269097 0.020313 0.024306
0 0.196875 0.294444 0.019531 0.030556
0 0.223047 0.314583 0.021094 0.020833
0 0.255078 0.363889 0.025000 0.034722
0 0.251367 0.336458 0.027734 0.042361
0 0.276367 0.363194 0.020703 0.029167
0 0.322266 0.394097 0.023438 0.029861
0 0.330078 0.362153 0.022656 0.031250
0 0.356055 0.382292 0.025391 0.031250
0 0.354102 0.405903 0.029297 0.035417
0 0.394531 0.435069 0.032813 0.038194
1 0.294531 0.418056 0.057031 0.076389
0 0.420312 0.476389 0.035156 0.033333
0 0.429688 0.507639 0.028906 0.036111
0 0.408008 0.512847 0.024609 0.039583
0 0.509375 0.553125 0.033594 0.040972
0 0.516797 0.449653 0.029687 0.034028
0 0.532617 0.430208 0.028516 0.032639
0 0.593555 0.485417 0.031641 0.037500
0 0.633203 0.493056 0.031250 0.036111
0 0.378711 0.697569 0.037891 0.040972
0 0.635547 0.756597 0.042188 0.053472
0 0.658008 0.852778 0.028516 0.069444
0 0.587500 0.954514 0.038281 0.060417
0 0.614648 0.985764 0.044922 0.028472
0 0.651172 0.956944 0.037500 0.055556
0 0.716016 0.976736 0.027344 0.046528
0 0.750977 0.849306 0.037891 0.051389
0 0.886328 0.756597 0.045312 0.045139
0 0.683594 0.329167 0.018750 0.030556
0 0.965039 0.759028 0.037109 0.040278
0 0.953516 0.727083 0.034375 0.034722
0 0.958984 0.685417 0.035156 0.038889
0 0.922070 0.685417 0.035547 0.041667
0 0.888672 0.689583 0.037500 0.040278
0 0.872266 0.630903 0.032031 0.038194
0 0.861523 0.648958 0.033203 0.035417
0 0.850000 0.685417 0.035156 0.041667
0 0.840625 0.724653 0.035937 0.032639
0 0.793750 0.643750 0.036719 0.034722
0 0.785742 0.688542 0.044141 0.043750
0 0.771680 0.588542 0.033984 0.035417
0 0.781250 0.615278 0.032813 0.029167
0 0.721680 0.593750 0.032422 0.029167
0 0.729492 0.623611 0.033984 0.030556
2 0.703516 0.625000 0.060937 0.070833
0 0.697656 0.554514 0.039844 0.043750
0 0.655273 0.565972 0.037891 0.043056
0 0.926172 0.415972 0.025000 0.026389
0 0.895703 0.481597 0.017188 0.036806
0 0.867188 0.447917 0.017188 0.050000
0 0.893164 0.396875 0.026953 0.034028
0 0.856641 0.362847 0.021875 0.021528
0 0.608789 0.360417 0.014453 0.027778
0 0.620508 0.369792 0.013672 0.038194
0 0.639453 0.373264 0.022656 0.042361
0 0.624219 0.340972 0.019531 0.033333
0 0.706250 0.300694 0.021094 0.033333
0 0.681641 0.329861 0.020313 0.029167
0 0.749023 0.252431 0.017578 0.028472
0 0.734766 0.272569 0.016406 0.022917
0 0.796094 0.179167 0.011719 0.019444
0 0.872070 0.111458 0.011328 0.020139
0 0.943359 0.080556 0.013281 0.016667
0 0.972461 0.012847 0.009766 0.013194
