2 0.796094 0.657292 0.088281 0.106250
2 0.792383 0.615972 0.116016 0.112500
2 0.831445 0.374653 0.062109 0.053472
2 0.156250 0.164583 0.038281 0.045833
2 0.344141 0.753472 0.071875 0.095833
2 0.250781 0.854167 0.092969 0.129167
1 0.536719 0.651736 0.047656 0.047917
0 0.070117 0.173958 0.012891 0.021528
0 0.230273 0.224306 0.016797 0.022222
0 0.150391 0.271181 0.019531 0.032639
0 0.084180 0.199653 0.012891 0.024306
0 0.070508 0.207986 0.016016 0.017361
0 0.210742 0.271875 0.019922 0.028472
0 0.201758 0.320833 0.020703 0.034722
0 0.241602 0.295486 0.022266 0.032639
0 0.235937 0.325000 0.019531 0.034722
0 0.258008 0.338194 0.030859 0.052778
0 0.253516 0.364931 0.025000 0.027083
0 0.250000 0.383681 0.022656 0.035417
0 0.291406 0.332639 0.021875 0.031944
0 0.283984 0.366319 0.021094 0.029861
0 0.279883 0.386111 0.021484 0.033333
0 0.303125 0.406250 0.023438 0.034722
0 0.313477 0.394097 0.026172 0.034028
0 0.310352 0.368056 0.023047 0.034722
0 0.317773 0.352431 0.023828 0.031250
0 0.338867 0.366667 0.024609 0.030556
0 0.339453 0.392014 0.024219 0.032639
0 0.360547 0.388542 0.024219 0.034028
0 0.350781 0.302431 0.026562 0.039583
0 0.140039 0.986806 0.037891 0.026389
0 0.180078 0.980903 0.041406 0.038194
0 0.249219 0.918056 0.028906 0.036111
0 0.326953 0.833681 0.035156 0.046528
0 0.421289 0.727778 0.035547 0.044444
0 0.421875 0.585069 0.026562 0.039583
0 0.467773 0.385069 0.031641 0.028472
0 0.440625 0.540972 0.031250 0.037500
0 0.498242 0.590278 0.022266 0.041667
0 0.525977 0.384028 0.025391 0.029167
0 0.560937 0.507639 0.025000 0.036111
0 0.615625 0.985764 0.042969 0.028472
0 0.636133 0.755903 0.039453 0.045139
0 0.652734 0.959375 0.032813 0.059028
0 0.716797 0.976736 0.022656 0.046528
0 0.750586 0.851042 0.039453 0.047917
0 0.744922 0.727431 0.039062 0.040972
0 0.988477 0.775694 0.023047 0.044444
0 0.988477 0.751389 0.023047 0.031944
0 0.949414 0.750694 0.032422 0.043056
0 0.904297 0.718403 0.035937 0.038194
0 0.909180 0.697569 0.034766 0.036806
0 0.859570 0.685069 0.044922 0.060417
0 0.822070 0.621181 0.034766 0.045139
0 0.719922 0.638542 0.036719 0.039583
0 0.728320 0.627431 0.033984 0.042361
0 0.754492 0.620486 0.019922 0.031250
0 0.894727 0.481597 0.018359 0.032639
0 0.924805 0.415625 0.022266 0.024306
0 0.894727 0.399653 0.026953 0.032639
0 0.867578 0.444444 0.016406 0.041667
0 0.857031 0.364931 0.023438 0.028472
0 0.615820 0.351389 0.023047 0.026389
0 0.694336 0.275347 0.020703 0.027083
0 0.698828 0.351389 0.019531 0.026389
0 0.708594 0.372222 0.020313 0.031944
0 0.729102 0.280903 0.018359 0.027083
0 0.813867 0.223611 0.018359 0.020833
0 0.899414 0.079514 0.015234 0.027083
0 0.973242 0.067014 0.012891 0.021528
0 0.990430 0.031944 0.008984 0.019444
0 0.970703 0.024306 0.010937 0.013889
