2 0.793359 0.651736 0.088281 0.097917
2 0.648242 0.512847 0.105078 0.100694
2 0.837891 0.376389 0.049219 0.043056
2 0.168750 0.174653 0.039062 0.049306
1 0.930469 0.108333 0.018750 0.026389
0 0.057813 0.098611 0.017188 0.026389
0 0.072266 0.191319 0.014844 0.020139
0 0.178125 0.300000 0.021875 0.025000
0 0.205859 0.319097 0.025000 0.027083
0 0.219727 0.311458 0.021484 0.029861
0 0.241016 0.330556 0.021094 0.030556
0 0.243164 0.355556 0.024609 0.030556
0 0.274805 0.381250 0.023047 0.027778
0 0.274805 0.402431 0.020703 0.032639
0 0.254688 0.302778 0.018750 0.026389
0 0.271680 0.315972 0.022266 0.031944
0 0.293555 0.332639 0.021484 0.027778
0 0.318750 0.353472 0.025781 0.026389
0 0.344531 0.373611 0.025781 0.030556
0 0.375586 0.398264 0.024609 0.028472
0 0.457617 0.414236 0.026172 0.028472
0 0.289062 0.344792 0.014844 0.017361
0 0.299219 0.370486 0.030469 0.049306
0 0.333398 0.387153 0.024609 0.032639
0 0.345508 0.440972 0.025391 0.033333
0 0.388672 0.451042 0.025781 0.036806
0 0.393359 0.435417 0.032031 0.038889
0 0.442773 0.499306 0.025391 0.040278
0 0.410156 0.513889 0.031250 0.033333
0 0.477930 0.550000 0.030859 0.041667
0 0.213672 0.918750 0.039844 0.050000
0 0.394531 0.753819 0.034375 0.042361
0 0.376953 0.695486 0.034375 0.042361
0 0.416602 0.692361 0.033984 0.041667
0 0.649805 0.956944 0.041016 0.050000
0 0.716602 0.978472 0.023828 0.043056
0 0.635938 0.757639 0.040625 0.051389
0 0.752148 0.847917 0.042578 0.038889
0 0.807617 0.827778 0.039453 0.045833
0 0.951367 0.747917 0.034766 0.048611
0 0.949219 0.722917 0.031250 0.033333
0 0.891211 0.710417 0.032422 0.038889
0 0.858398 0.665278 0.032422 0.036111
0 0.842187 0.672569 0.012500 0.025694
0 0.738867 0.601042 0.041016 0.047917
0 0.719922 0.642708 0.034375 0.035417
0 0.703711 0.609028 0.030859 0.037500
0 0.647070 0.589236 0.034766 0.038194
0 0.637109 0.540972 0.028906 0.029167
0 0.674219 0.520139 0.028125 0.037500
0 0.893555 0.479514 0.019922 0.032639
0 0.925586 0.415972 0.024609 0.027778
0 0.895117 0.398958 0.023828 0.027083
0 0.868555 0.444792 0.016797 0.039583
0 0.858984 0.362847 0.022656 0.029861
0 0.642969 0.373611 0.020313 0.030556
0 0.660547 0.352431 0.022656 0.034028
0 0.655469 0.331944 0.025000 0.038889
0 0.722266 0.265625 0.017969 0.028472
0 0.796680 0.197917 0.017578 0.022222
0 0.795898 0.173611 0.019922 0.034722
0 0.820703 0.156944 0.016406 0.022222
0 0.849023 0.146528 0.013672 0.022222
0 0.858398 0.171875 0.011328 0.022917
0 0.890234 0.154167 0.015625 0.023611
0 0.879102 0.115278 0.016016 0.025000
0 0.867578 0.111806 0.010937 0.022222
0 0.888086 0.093750 0.012891 0.019444
0 0.923828 0.074653 0.011719 0.018750
0 0.947656 0.074306 0.010156 0.018056
0 0.934375 0.050347 0.010937 0.014583
0 0.971484 0.063194 0.010156 0.016667
0 0.982617 0.040625 0.008984 0.014583
0 0.994727 0.021181 0.010547 0.020139
0 0.998242 0.030556 0.003516 0.013889
0 0.987891 0.007292 0.006250 0.009028
