2 0.366797 0.405556 0.059375 0.086111
2 0.677148 0.417014 0.026953 0.092361
2 0.837500 0.205903 0.033594 0.054861
2 0.890234 0.131944 0.034375 0.061111
2 0.633398 0.576389 0.066016 0.070833
2 0.825781 0.372222 0.073438 0.062500
1 0.323047 0.369792 0.042188 0.060417
1 0.813086 0.809722 0.062109 0.072222
1 0.647461 0.328472 0.033203 0.051389
1 0.659570 0.346528 0.027734 0.048611
1 0.650195 0.300000 0.041797 0.050000
1 0.768945 0.199306 0.022266 0.034722
1 0.244531 0.214931 0.039062 0.050694
0 0.064258 0.106597 0.019922 0.020139
0 0.061133 0.131944 0.013672 0.020833
0 0.088477 0.139931 0.016797 0.018750
0 0.117383 0.145833 0.018359 0.022222
0 0.118164 0.163542 0.014453 0.018750
0 0.130078 0.181250 0.015625 0.020833
0 0.159180 0.190278 0.018359 0.023611
0 0.182617 0.193750 0.017578 0.020833
0 0.156250 0.281597 0.020313 0.024306
0 0.174609 0.280903 0.020313 0.028472
0 0.214844 0.277778 0.018750 0.027778
0 0.234375 0.243403 0.020313 0.022917
0 0.247266 0.270486 0.021094 0.024306
0 0.265820 0.259028 0.021484 0.025000
0 0.226367 0.324653 0.024609 0.029861
0 0.245703 0.297222 0.022656 0.025000
0 0.251953 0.319792 0.022656 0.027083
0 0.285156 0.331250 0.027344 0.030556
0 0.300391 0.384028 0.026562 0.031944
0 0.377148 0.360417 0.026953 0.027778
0 0.423438 0.364931 0.025000 0.028472
0 0.412695 0.426736 0.026172 0.036806
0 0.409961 0.450347 0.026953 0.032639
0 0.434766 0.471528 0.028906 0.034722
0 0.443945 0.451389 0.028516 0.034722
0 0.378711 0.697222 0.037891 0.044444
0 0.414258 0.731597 0.033203 0.042361
0 0.502930 0.547569 0.033984 0.043750
0 0.504687 0.422222 0.031250 0.034722
0 0.538086 0.466319 0.030078 0.038194
0 0.583984 0.465278 0.032813 0.036111
0 0.600000 0.525694 0.035937 0.044444
0 0.591016 0.597917 0.035156 0.045833
0 0.541016 0.980208 0.046094 0.039583
0 0.619727 0.910417 0.033203 0.061111
0 0.618164 0.985764 0.048047 0.028472
0 0.651367 0.955208 0.033984 0.054861
0 0.714844 0.977778 0.025781 0.044444
0 0.750781 0.850694 0.042188 0.047222
0 0.635547 0.755208 0.042188 0.053472
0 0.824023 0.760764 0.041797 0.049306
0 0.856250 0.669097 0.039062 0.045139
0 0.827930 0.718403 0.036328 0.034028
0 0.792578 0.691667 0.035156 0.040278
0 0.747656 0.660417 0.039844 0.045833
0 0.680469 0.587153 0.028906 0.031250
0 0.704688 0.563194 0.033594 0.038889
0 0.717578 0.550347 0.032813 0.038194
0 0.703125 0.497222 0.027344 0.041667
0 0.894336 0.480903 0.020703 0.034028
0 0.924805 0.416319 0.021484 0.025694
0 0.893359 0.396528 0.026562 0.027778
0 0.868359 0.445833 0.019531 0.041667
0 0.857617 0.362153 0.023828 0.027083
0 0.695898 0.375694 0.016797 0.029167
0 0.607812 0.361111 0.016406 0.026389
0 0.620313 0.369444 0.017969 0.030556
0 0.639844 0.372917 0.023438 0.045833
0 0.622070 0.340972 0.018359 0.033333
0 0.683789 0.329514 0.018359 0.031250
0 0.766016 0.300694 0.020313 0.029167
0 0.677148 0.287153 0.017578 0.031250
0 0.698633 0.271181 0.021484 0.032639
0 0.706445 0.301736 0.024609 0.038194
0 0.723633 0.285764 0.020703 0.025694
0 0.738086 0.267708 0.018359 0.029861
0 0.739648 0.240278 0.017578 0.029167
0 0.758008 0.249653 0.015234 0.022917
0 0.783984 0.216667 0.017188 0.025000
0 0.858984 0.137153 0.017188 0.027083
0 0.964258 0.023958 0.012109 0.022917
