1 0.876172 0.659722 0.078906 0.077778
1 0.900195 0.707639 0.056641 0.068056
1 0.579883 0.550694 0.069141 0.068056
1 0.228320 0.893056 0.055859 0.080556
1 0.623633 0.339931 0.030078 0.046528
2 0.239453 0.731250 0.083594 0.130556
2 0.312891 0.791319 0.083594 0.128472
2 0.359961 0.784028 0.080859 0.123611
2 0.989648 0.040625 0.017578 0.032639
2 0.959375 0.481250 0.057813 0.054167
0 0.014063 0.135764 0.017188 0.025694
0 0.110742 0.221875 0.018359 0.027083
0 0.200977 0.298264 0.024609 0.028472
0 0.228125 0.319444 0.025781 0.030556
0 0.263086 0.371181 0.023828 0.034028
0 0.283594 0.364583 0.023438 0.037500
0 0.305078 0.407639 0.026562 0.037500
0 0.320117 0.398611 0.024609 0.034722
0 0.289648 0.419444 0.023828 0.031944
0 0.156445 0.976389 0.041797 0.043056
0 0.551367 0.451042 0.034766 0.035417
0 0.378711 0.691667 0.033984 0.038889
0 0.417578 0.726389 0.035156 0.040278
0 0.416406 0.691667 0.035156 0.040278
0 0.377734 0.727431 0.028125 0.032639
0 0.716992 0.978472 0.024609 0.043056
0 0.662695 0.938542 0.033984 0.057639
0 0.635938 0.754514 0.039062 0.043750
0 0.750977 0.849653 0.040234 0.045139
0 0.792578 0.819792 0.046875 0.043750
0 0.942383 0.718750 0.037109 0.045833
0 0.804492 0.678472 0.032422 0.040278
0 0.802148 0.650347 0.031641 0.036806
0 0.807031 0.629167 0.037500 0.038889
0 0.832617 0.604167 0.044922 0.045833
0 0.752734 0.619444 0.034375 0.034722
0 0.762891 0.602083 0.039062 0.036111
0 0.895508 0.481597 0.019922 0.036806
0 0.925781 0.414583 0.023438 0.022222
0 0.895117 0.396875 0.026953 0.032639
0 0.869141 0.444792 0.016406 0.046528
0 0.848242 0.374306 0.027734 0.031944
0 0.858008 0.363542 0.022266 0.025694
0 0.832617 0.350000 0.022266 0.027778
0 0.680078 0.469444 0.021875 0.036111
0 0.607617 0.470486 0.034766 0.034028
0 0.622070 0.430556 0.028516 0.023611
0 0.985352 0.012153 0.007422 0.010417
0 0.980078 0.006944 0.007812 0.011111
0 0.970313 0.015972 0.011719 0.015278
0 0.954688 0.028819 0.010156 0.014583
0 0.964258 0.069444 0.009766 0.016667
0 0.930469 0.094792 0.013281 0.017361
0 0.927148 0.115278 0.012891 0.019444
0 0.912500 0.114236 0.013281 0.017361
0 0.901367 0.129167 0.013672 0.018056
0 0.864844 0.164931 0.017188 0.020139
0 0.838867 0.190625 0.015234 0.020139
0 0.849219 0.197222 0.015625 0.019444
0 0.794727 0.246181 0.016797 0.022917
0 0.733594 0.339931 0.022656 0.027083
0 0.694531 0.389931 0.022656 0.031250
0 0.664062 0.396528 0.025000 0.029167
0 0.758789 0.228472 0.019141 0.027778
0 0.748437 0.258333 0.017188 0.023611
0 0.742969 0.243750 0.017969 0.027778
0 0.725586 0.239583 0.022266 0.023611
0 0.728516 0.257292 0.021094 0.028472
0 0.733203 0.275000 0.017969 0.025000
0 0.703711 0.264583 0.020703 0.026389
0 0.713086 0.275347 0.016797 0.022917
0 0.720117 0.293056 0.019922 0.022222
0 0.686328 0.282292 0.016406 0.025694
0 0.696875 0.285764 0.018750 0.027083
0 0.695703 0.311111 0.021094 0.034722
0 0.668945 0.293056 0.018359 0.026389
0 0.680078 0.309375 0.020313 0.025694
0 0.679297 0.331597 0.021875 0.029861
0 0.658203 0.311111 0.019531 0.025000
0 0.663672 0.326736 0.021094 0.025694
0 0.660352 0.353472 0.018359 0.029167
0 0.634766 0.351042 0.025781 0.035417
0 0.643359 0.375347 0.021875 0.031250
