2 0.663477 0.291319 0.051953 0.050694
2 0.380273 0.762500 0.067578 0.090278
2 0.834375 0.369444 0.077344 0.063889
1 0.793945 0.198958 0.026953 0.039583
1 0.955859 0.850000 0.054688 0.075000
1 0.892383 0.078472 0.021484 0.034722
1 0.855859 0.136458 0.018750 0.025694
1 0.754492 0.213542 0.030078 0.038194
1 0.165039 0.287500 0.027734 0.036111
2 0.007812 0.110417 0.013281 0.036111
0 0.101562 0.190972 0.017188 0.030556
0 0.180664 0.245833 0.017578 0.029167
0 0.260156 0.259375 0.020313 0.022917
0 0.210547 0.302083 0.018750 0.020833
0 0.215820 0.334028 0.019922 0.029167
0 0.237695 0.324653 0.030078 0.045139
0 0.282227 0.323611 0.017578 0.022222
0 0.322656 0.356944 0.030469 0.026389
0 0.350000 0.380208 0.018750 0.024306
0 0.334570 0.390625 0.022266 0.024306
0 0.321289 0.401736 0.023047 0.025694
0 0.310156 0.413194 0.022656 0.030556
0 0.302344 0.379514 0.024219 0.025694
0 0.276758 0.359722 0.024609 0.027778
0 0.270117 0.379167 0.024609 0.029167
0 0.256836 0.346181 0.019141 0.022917
0 0.246680 0.359722 0.022266 0.027778
0 0.237891 0.327431 0.032031 0.046528
0 0.088281 0.912847 0.035937 0.059028
0 0.287695 0.878472 0.045703 0.045833
0 0.328516 0.825694 0.039844 0.054167
0 0.354102 0.755208 0.028516 0.040972
0 0.404883 0.699653 0.030078 0.045139
0 0.426758 0.710417 0.031641 0.041667
0 0.171289 0.270486 0.018359 0.024306
0 0.543750 0.421875 0.019531 0.042361
0 0.569922 0.431944 0.022656 0.034722
0 0.593164 0.637153 0.028516 0.054861
0 0.632422 0.754514 0.051562 0.060417
0 0.683203 0.796875 0.035937 0.047917
0 0.653320 0.954861 0.027734 0.058333
0 0.714063 0.976389 0.035156 0.047222
0 0.748633 0.845486 0.036328 0.045139
0 0.857227 0.782292 0.029297 0.039583
0 0.911719 0.701042 0.034375 0.038194
0 0.962891 0.736111 0.040625 0.052778
0 0.856055 0.660764 0.030078 0.036806
0 0.837500 0.674306 0.034375 0.050000
0 0.823047 0.617361 0.035156 0.033333
0 0.809375 0.626736 0.042969 0.049306
0 0.793945 0.645833 0.035547 0.044444
0 0.775391 0.586111 0.036719 0.047222
0 0.766992 0.600694 0.036328 0.037500
0 0.755273 0.617014 0.032422 0.039583
0 0.894727 0.480903 0.021484 0.035417
0 0.923828 0.417361 0.019531 0.022222
0 0.895508 0.398611 0.029297 0.036111
0 0.869336 0.446181 0.021484 0.045139
0 0.856055 0.360069 0.016797 0.029861
0 0.608398 0.355903 0.021484 0.027083
0 0.859766 0.170486 0.012500 0.017361
0 0.670508 0.317014 0.024609 0.029861
0 0.645117 0.346181 0.020703 0.029861
0 0.690039 0.300694 0.018359 0.020833
0 0.708398 0.256944 0.018359 0.020833
0 0.708984 0.284722 0.019531 0.025000
0 0.723437 0.265278 0.015625 0.020833
0 0.732422 0.230903 0.014063 0.017361
0 0.738086 0.248264 0.013672 0.017361
0 0.754883 0.234375 0.016016 0.014583
0 0.765430 0.219792 0.013672 0.018750
0 0.776953 0.217361 0.012500 0.020833
0 0.777734 0.191319 0.014844 0.017361
0 0.803906 0.172569 0.011719 0.015972
0 0.807617 0.189583 0.013672 0.020833
0 0.819727 0.177431 0.012891 0.017361
0 0.829492 0.167361 0.012891 0.012500
0 0.813477 0.161458 0.015234 0.017361
0 0.823242 0.147569 0.013672 0.013194
0 0.836914 0.157639 0.017578 0.020833
0 0.843359 0.138542 0.014844 0.017361
0 0.877344 0.114583 0.010937 0.016667
0 0.889258 0.110069 0.010547 0.015972
0 0.870703 0.112847 0.014844 0.017361
0 0.918359 0.067014 0.008594 0.015972
0 0.906836 0.075694 0.008984 0.012500
0 0.939063 0.056250 0.012500 0.012500
0 0.931250 0.053819 0.007031 0.014583
0 0.945312 0.037500 0.009375 0.015278
0 0.960352 0.030556 0.008984 0.019444
0 0.951758 0.049306 0.008984 0.012500
