2 0.757617 0.625347 0.080078 0.090972
2 0.693750 0.480556 0.049219 0.086111
2 0.358594 0.780556 0.083594 0.123611
2 0.301172 0.805556 0.082812 0.120833
1 0.227930 0.892361 0.055078 0.079167
1 0.621680 0.344097 0.027734 0.057639
2 0.865820 0.387153 0.047266 0.045139
0 0.058203 0.197222 0.015625 0.022222
0 0.116406 0.229861 0.017969 0.029167
0 0.317578 0.353819 0.023438 0.031250
0 0.340625 0.371875 0.025000 0.036806
0 0.362891 0.387500 0.021875 0.031944
0 0.387891 0.409028 0.025000 0.034722
0 0.415820 0.429861 0.030078 0.033333
0 0.455469 0.459375 0.032031 0.038194
0 0.382617 0.428125 0.023828 0.039583
0 0.405273 0.444097 0.026172 0.038194
0 0.443750 0.475694 0.035937 0.044444
0 0.156250 0.979514 0.045312 0.040972
0 0.378711 0.694444 0.034766 0.044444
0 0.417187 0.693750 0.031250 0.043056
0 0.419336 0.727431 0.032422 0.038194
0 0.581250 0.526042 0.037500 0.032639
0 0.598437 0.561458 0.039844 0.039583
0 0.641992 0.586458 0.038672 0.032639
0 0.709766 0.635069 0.033594 0.036806
0 0.813867 0.635764 0.037109 0.038194
0 0.626367 0.985764 0.022266 0.028472
0 0.635742 0.756250 0.041797 0.047222
0 0.649414 0.960069 0.037109 0.056250
0 0.715820 0.976736 0.022266 0.046528
0 0.750586 0.848264 0.038672 0.047917
0 0.894141 0.480208 0.020313 0.029861
0 0.925586 0.415625 0.020703 0.025694
0 0.896094 0.398264 0.026562 0.029861
0 0.867188 0.445486 0.014844 0.043750
0 0.856445 0.360069 0.019922 0.025694
0 0.976758 0.019097 0.011328 0.015972
0 0.982812 0.050000 0.011719 0.013889
0 0.940430 0.058333 0.014453 0.019444
0 0.888867 0.107292 0.014453 0.021528
0 0.794727 0.239931 0.018359 0.028472
0 0.754687 0.232639 0.019531 0.029167
0 0.772656 0.277431 0.016406 0.025694
0 0.747266 0.294792 0.017969 0.025694
0 0.704297 0.260764 0.016406 0.022917
0 0.712109 0.275694 0.017969 0.023611
0 0.721094 0.293056 0.017188 0.023611
0 0.733203 0.273611 0.015625 0.026389
0 0.687695 0.281944 0.016797 0.025000
0 0.698242 0.287153 0.018359 0.024306
0 0.696680 0.310764 0.020703 0.032639
0 0.668359 0.293750 0.017188 0.025000
0 0.680078 0.309375 0.021094 0.025694
0 0.679883 0.332986 0.020703 0.028472
0 0.658398 0.309028 0.019922 0.020833
0 0.662891 0.326736 0.019531 0.024306
0 0.660547 0.352431 0.021094 0.027083
0 0.634766 0.350347 0.025781 0.038194
0 0.642969 0.375000 0.022656 0.027778
