1 0.900781 0.711111 0.059375 0.068056
1 0.875195 0.665625 0.071484 0.089583
1 0.229297 0.895486 0.052344 0.082639
1 0.352148 0.656597 0.065234 0.088194
1 0.623633 0.337500 0.027734 0.054167
2 0.314258 0.789931 0.082422 0.118750
2 0.359570 0.783681 0.086328 0.115972
0 0.166406 0.267014 0.021094 0.043750
0 0.210352 0.308333 0.022266 0.031944
0 0.236523 0.329861 0.026172 0.027778
0 0.264453 0.350000 0.021094 0.027778
0 0.284961 0.365972 0.026172 0.038889
0 0.318945 0.398611 0.023828 0.034722
0 0.274805 0.379167 0.025391 0.034722
0 0.304297 0.408333 0.025000 0.030556
0 0.262695 0.392708 0.023828 0.031250
0 0.289648 0.421875 0.026953 0.032639
0 0.157227 0.977431 0.047266 0.045139
0 0.230859 0.943403 0.040625 0.029861
0 0.285742 0.882639 0.039453 0.040278
0 0.417383 0.692708 0.034766 0.042361
0 0.417383 0.728472 0.036328 0.036111
0 0.377539 0.728125 0.031641 0.029861
0 0.464648 0.595486 0.028516 0.042361
0 0.930469 0.887153 0.039062 0.049306
0 0.651563 0.957639 0.038281 0.051389
0 0.717773 0.976389 0.023828 0.043056
0 0.750391 0.849653 0.039062 0.053472
0 0.636523 0.755903 0.040234 0.049306
0 0.579297 0.468056 0.019531 0.036111
0 0.942187 0.720139 0.035156 0.047222
0 0.803516 0.654514 0.034375 0.034028
0 0.805273 0.630208 0.034766 0.042361
0 0.734766 0.630208 0.032031 0.036806
0 0.753906 0.619444 0.034375 0.034722
0 0.763672 0.601389 0.037500 0.037500
0 0.925195 0.415625 0.023828 0.025694
2 0.922266 0.463194 0.050000 0.058333
0 0.894336 0.477083 0.023047 0.033333
0 0.866211 0.446528 0.014453 0.041667
0 0.894727 0.398611 0.023828 0.029167
0 0.845508 0.373264 0.025391 0.027083
0 0.858594 0.363889 0.025781 0.030556
0 0.830664 0.352431 0.026953 0.028472
0 0.990234 0.006597 0.010937 0.011806
0 0.973633 0.062847 0.010547 0.017361
0 0.967773 0.016319 0.009766 0.015972
0 0.937305 0.059028 0.013672 0.019444
0 0.947852 0.078819 0.012891 0.015972
0 0.938867 0.085764 0.010547 0.014583
0 0.932227 0.096528 0.013672 0.019444
0 0.920117 0.107292 0.012891 0.017361
0 0.904687 0.087500 0.015625 0.026389
0 0.886523 0.098264 0.016016 0.020139
0 0.886719 0.111806 0.012500 0.018056
0 0.890039 0.151736 0.012109 0.021528
0 0.863867 0.116667 0.015234 0.018056
0 0.857812 0.136806 0.013281 0.018056
0 0.868555 0.159375 0.012109 0.017361
0 0.868750 0.177778 0.015625 0.015278
0 0.848242 0.182639 0.014453 0.019444
0 0.818359 0.221181 0.018750 0.025694
0 0.798047 0.261111 0.016406 0.023611
0 0.769727 0.274306 0.018359 0.025000
0 0.689844 0.388542 0.021875 0.040972
0 0.759961 0.227778 0.020703 0.025000
0 0.765234 0.241319 0.017969 0.027083
0 0.743555 0.226042 0.017578 0.021528
0 0.741992 0.242361 0.013672 0.023611
0 0.748437 0.259028 0.020313 0.027778
0 0.720313 0.245833 0.019531 0.027778
0 0.728906 0.259028 0.021094 0.025000
0 0.733203 0.274653 0.020313 0.025694
0 0.702539 0.267014 0.018359 0.031250
0 0.713281 0.277431 0.019531 0.025694
0 0.721094 0.293056 0.019531 0.027778
0 0.688086 0.282986 0.020703 0.027083
0 0.697266 0.286111 0.019531 0.026389
0 0.692773 0.316667 0.023047 0.040278
0 0.668359 0.294444 0.019531 0.026389
0 0.680859 0.307639 0.022656 0.027778
0 0.654687 0.314236 0.019531 0.028472
0 0.664453 0.329167 0.021094 0.025000
0 0.651172 0.362500 0.022656 0.036111
0 0.635742 0.353125 0.022266 0.039583
