2 0.277148 0.330208 0.055078 0.072917
2 0.673438 0.398958 0.064062 0.090972
2 0.689258 0.263889 0.041797 0.066667
2 0.927734 0.064583 0.016406 0.031944
2 0.719531 0.639236 0.068750 0.079861
2 0.827344 0.370833 0.074219 0.061111
1 0.242383 0.304167 0.041016 0.051389
1 0.176758 0.289583 0.025391 0.034722
1 0.199414 0.314236 0.026172 0.038194
1 0.658984 0.343403 0.029687 0.049306
1 0.891016 0.069444 0.030469 0.041667
1 0.956445 0.674653 0.065234 0.074306
0 0.263281 0.244444 0.025000 0.029167
0 0.191406 0.291667 0.022656 0.022222
0 0.212500 0.306250 0.022656 0.026389
0 0.234570 0.322569 0.030859 0.039583
0 0.219727 0.334722 0.024609 0.034722
0 0.255469 0.345833 0.023438 0.030556
0 0.274023 0.358333 0.023828 0.030556
0 0.245508 0.359028 0.020703 0.022222
0 0.270313 0.374306 0.024219 0.029167
0 0.255078 0.384722 0.025000 0.033333
0 0.304102 0.338194 0.010547 0.020833
0 0.322266 0.356597 0.025781 0.034028
0 0.311133 0.367361 0.023828 0.023611
0 0.349805 0.377431 0.030859 0.029861
0 0.336133 0.388889 0.024609 0.033333
0 0.322656 0.400000 0.026562 0.040278
0 0.307617 0.407639 0.027734 0.038889
0 0.469336 0.535764 0.040234 0.052083
0 0.345117 0.630903 0.030859 0.038194
0 0.356055 0.653472 0.037891 0.051389
0 0.376758 0.696528 0.035547 0.048611
0 0.264258 0.723958 0.037109 0.052083
0 0.096875 0.937847 0.035937 0.045139
0 0.553711 0.405208 0.021484 0.036806
0 0.568750 0.422569 0.025781 0.038194
0 0.704883 0.505556 0.033984 0.040278
0 0.637891 0.756250 0.043750 0.058333
0 0.662500 0.841667 0.032031 0.072222
0 0.714648 0.970486 0.030859 0.059028
0 0.619141 0.915625 0.039062 0.060417
0 0.647656 0.961806 0.036719 0.052778
0 0.750391 0.849306 0.041406 0.054167
0 0.990430 0.796181 0.019141 0.043750
0 0.962695 0.730556 0.041797 0.047222
0 0.916992 0.767361 0.048828 0.052778
0 0.905469 0.696528 0.041406 0.037500
0 0.889062 0.711458 0.041406 0.049306
0 0.884570 0.657639 0.032422 0.040278
0 0.855859 0.663889 0.033594 0.041667
0 0.835547 0.675347 0.039062 0.043750
0 0.819727 0.615278 0.035547 0.043056
0 0.809180 0.628125 0.041016 0.050694
0 0.791406 0.643056 0.035156 0.040278
0 0.755078 0.617014 0.037500 0.040972
0 0.764258 0.601736 0.037891 0.045139
0 0.774023 0.586111 0.039453 0.044444
0 0.895312 0.484375 0.025000 0.042361
0 0.925781 0.417014 0.023438 0.038194
0 0.892188 0.397222 0.031250 0.034722
0 0.867188 0.446181 0.021875 0.049306
0 0.859375 0.362153 0.031250 0.035417
0 0.800195 0.251389 0.026172 0.047222
0 0.765039 0.276389 0.027734 0.041667
0 0.841406 0.209375 0.023438 0.032639
0 0.891406 0.137500 0.016406 0.023611
0 0.639648 0.372917 0.030859 0.041667
0 0.684375 0.330208 0.025781 0.025694
0 0.688672 0.295486 0.025000 0.029861
0 0.753906 0.226736 0.028125 0.031250
0 0.791406 0.189583 0.022656 0.029167
0 0.825391 0.153472 0.022656 0.027778
0 0.845508 0.136458 0.021484 0.029861
0 0.878516 0.105208 0.019531 0.025694
0 0.894531 0.104514 0.016406 0.027083
0 0.914453 0.080556 0.011719 0.019444
0 0.911914 0.069444 0.008203 0.016667
0 0.941602 0.054861 0.012109 0.020833
0 0.961523 0.056944 0.007422 0.016667
2 0.972656 0.064236 0.012500 0.024306
0 0.985547 0.047569 0.009375 0.013194
0 0.984180 0.037500 0.011328 0.015278
