2 0.794336 0.613542 0.119922 0.120139
1 0.828125 0.384375 0.035156 0.039583
1 0.649609 0.330903 0.033594 0.050694
1 0.650391 0.308681 0.039062 0.056250
1 0.716992 0.242361 0.026953 0.040278
1 0.346094 0.802083 0.049219 0.063889
2 0.124219 0.964236 0.102344 0.071528
2 0.232031 0.876389 0.076563 0.104167
2 0.763672 0.200000 0.039844 0.061111
0 0.086914 0.137500 0.018359 0.018056
0 0.304883 0.405556 0.026953 0.034722
0 0.358008 0.388542 0.026953 0.031250
0 0.290234 0.835417 0.034375 0.051389
0 0.295312 0.864236 0.035156 0.039583
0 0.233008 0.936806 0.042578 0.033333
0 0.192578 0.980903 0.032813 0.038194
0 0.323633 0.790278 0.028516 0.044444
0 0.364844 0.748264 0.035156 0.039583
0 0.383984 0.764931 0.030469 0.036806
0 0.401562 0.711111 0.033594 0.043056
0 0.414062 0.729167 0.030469 0.041667
0 0.543555 0.983333 0.045703 0.033333
0 0.616602 0.986111 0.044141 0.027778
0 0.620898 0.911111 0.030859 0.066667
0 0.652344 0.959028 0.035156 0.061111
0 0.715430 0.977083 0.024609 0.045833
0 0.751172 0.851389 0.038281 0.047222
0 0.864453 0.808333 0.037500 0.047222
0 0.942969 0.927083 0.039844 0.063889
0 0.846875 0.686111 0.035937 0.036111
0 0.820312 0.619792 0.034375 0.045139
0 0.680664 0.802083 0.019141 0.056944
0 0.655664 0.847917 0.030859 0.069444
0 0.635742 0.755903 0.040234 0.053472
0 0.894922 0.479167 0.017188 0.030556
0 0.925000 0.416319 0.020313 0.024306
0 0.893359 0.399306 0.026562 0.027778
0 0.875977 0.418056 0.024609 0.029167
0 0.867188 0.446181 0.015625 0.039583
0 0.857617 0.361806 0.022266 0.025000
2 0.831836 0.375000 0.061328 0.043056
0 0.790430 0.340972 0.015234 0.029167
0 0.684375 0.403472 0.017969 0.033333
0 0.579102 0.461111 0.019141 0.031944
0 0.575781 0.534722 0.014063 0.048611
0 0.620898 0.373611 0.019141 0.029167
0 0.608789 0.360069 0.012891 0.027083
0 0.624414 0.340972 0.020703 0.034722
0 0.664648 0.355556 0.023047 0.026389
0 0.671875 0.319444 0.018750 0.034722
0 0.677148 0.287500 0.016016 0.029167
0 0.687891 0.303472 0.019531 0.031944
0 0.702539 0.286806 0.018359 0.025000
0 0.696289 0.274306 0.019922 0.029167
0 0.728516 0.259375 0.016406 0.025694
0 0.737305 0.231597 0.017578 0.021528
0 0.760352 0.242708 0.019141 0.025694
0 0.797656 0.202778 0.016406 0.020833
0 0.785156 0.191319 0.016406 0.021528
0 0.797266 0.179167 0.013281 0.020833
0 0.823828 0.174653 0.014844 0.017361
0 0.832227 0.154861 0.016016 0.027778
0 0.836328 0.136111 0.014844 0.019444
0 0.849609 0.131944 0.011719 0.018056
0 0.847461 0.149306 0.014453 0.020833
0 0.855859 0.139583 0.011719 0.012500
0 0.879883 0.102083 0.012891 0.018056
0 0.859375 0.184028 0.013281 0.018056
0 0.981836 0.040278 0.009766 0.013889
0 0.960938 0.063542 0.010937 0.010417
