2 0.795117 0.653819 0.086328 0.099306
2 0.792773 0.612500 0.115234 0.112500
2 0.834766 0.373958 0.053906 0.047917
2 0.564453 0.496181 0.062500 0.084028
2 0.633789 0.411806 0.042578 0.058333
1 0.795508 0.180208 0.022266 0.038194
1 0.097070 0.126042 0.016797 0.031250
0 0.151562 0.182986 0.017188 0.022917
0 0.174023 0.181597 0.015234 0.020139
0 0.243359 0.263194 0.019531 0.020833
0 0.168164 0.291667 0.019922 0.026389
0 0.192188 0.309028 0.024219 0.031944
0 0.215820 0.309028 0.022266 0.030556
0 0.221875 0.338194 0.020313 0.030556
0 0.236328 0.328125 0.018750 0.029861
0 0.252734 0.304514 0.018750 0.028472
0 0.271875 0.316667 0.021875 0.034722
0 0.258203 0.339236 0.028906 0.050694
0 0.251758 0.385069 0.022266 0.029861
0 0.254297 0.368403 0.023438 0.032639
0 0.277734 0.339236 0.022656 0.029861
0 0.293359 0.333681 0.021875 0.032639
0 0.283594 0.369444 0.022656 0.037500
0 0.278906 0.387153 0.023438 0.036806
0 0.301563 0.405903 0.023438 0.034028
0 0.313086 0.394097 0.025391 0.036806
0 0.309570 0.368403 0.024609 0.032639
0 0.316992 0.352778 0.023828 0.030556
0 0.338477 0.366667 0.024609 0.031944
0 0.339062 0.393403 0.028906 0.031250
0 0.359570 0.387153 0.027734 0.032639
0 0.082812 0.909722 0.046094 0.051389
0 0.226367 0.855556 0.043359 0.045833
0 0.226172 0.892014 0.053125 0.075694
0 0.251758 0.908681 0.044922 0.053472
0 0.314258 0.799306 0.040234 0.051389
0 0.364063 0.787153 0.036719 0.043750
0 0.429688 0.709722 0.035156 0.045833
0 0.428125 0.662847 0.044531 0.072917
0 0.494531 0.598611 0.030469 0.040278
0 0.494922 0.658681 0.038281 0.043750
0 0.614844 0.985069 0.041406 0.029861
0 0.650195 0.957292 0.033984 0.061806
0 0.635938 0.755556 0.039844 0.047222
0 0.716797 0.979514 0.025781 0.040972
0 0.750977 0.850694 0.036328 0.047222
0 0.745898 0.748264 0.041797 0.043750
0 0.944727 0.868056 0.039453 0.050000
0 0.988281 0.774306 0.023438 0.043056
0 0.988281 0.751042 0.023438 0.031250
0 0.949805 0.748611 0.033203 0.040278
0 0.905469 0.719792 0.035156 0.038194
0 0.908203 0.696875 0.033594 0.038194
0 0.858984 0.685417 0.046094 0.059722
0 0.821484 0.620486 0.032813 0.043750
0 0.754492 0.620139 0.016797 0.029167
0 0.717773 0.638889 0.037109 0.037500
0 0.729492 0.627083 0.033984 0.038889
0 0.925781 0.417361 0.023438 0.023611
0 0.894727 0.396528 0.023828 0.030556
0 0.895117 0.481597 0.018359 0.032639
0 0.868555 0.443403 0.016016 0.039583
0 0.856641 0.363194 0.019531 0.029167
0 0.642969 0.371875 0.021094 0.025694
0 0.695703 0.385764 0.022656 0.027083
0 0.797266 0.240972 0.013281 0.023611
0 0.813086 0.181944 0.014453 0.022222
0 0.860352 0.169097 0.010547 0.018750
0 0.902539 0.096181 0.012109 0.021528
0 0.932813 0.110417 0.013281 0.018056
0 0.955664 0.069097 0.011328 0.014583
0 0.927148 0.069444 0.012109 0.016667
0 0.963281 0.022917 0.010156 0.015278
1 0.982812 0.006597 0.014063 0.011806
