2 0.794727 0.652431 0.087109 0.092361
2 0.793945 0.613542 0.119141 0.110417
2 0.833789 0.373611 0.057422 0.044444
2 0.555859 0.504167 0.048438 0.077778
2 0.477148 0.599653 0.069922 0.092361
1 0.927734 0.884722 0.053906 0.068056
2 0.010156 0.062847 0.019531 0.038194
0 0.158984 0.286806 0.019531 0.030556
0 0.224609 0.235069 0.022656 0.020139
0 0.256055 0.240278 0.017578 0.022222
0 0.193359 0.310417 0.024219 0.033333
0 0.196484 0.294097 0.019531 0.034028
0 0.221680 0.337500 0.019922 0.033333
0 0.234375 0.306944 0.022656 0.033333
0 0.236328 0.328472 0.020313 0.034722
0 0.254688 0.304167 0.017969 0.025000
0 0.272461 0.317708 0.023828 0.031250
0 0.258203 0.337500 0.030469 0.047222
0 0.255078 0.367361 0.025000 0.031944
0 0.248633 0.382986 0.022266 0.029861
0 0.277930 0.384722 0.025391 0.036111
0 0.283594 0.369097 0.023438 0.039583
0 0.292969 0.334375 0.022656 0.029861
0 0.309375 0.367014 0.025000 0.032639
0 0.317188 0.352431 0.024219 0.028472
0 0.301953 0.405903 0.023438 0.028472
0 0.313281 0.396181 0.024219 0.038194
0 0.339062 0.391319 0.027344 0.034028
0 0.338086 0.369444 0.026172 0.027778
0 0.359570 0.386806 0.023828 0.034722
0 0.335742 0.327083 0.023828 0.022222
1 0.119531 0.984722 0.048438 0.030556
0 0.088086 0.992361 0.025391 0.015278
0 0.195898 0.935417 0.042578 0.052778
0 0.337695 0.646181 0.030859 0.045139
0 0.314063 0.792014 0.050000 0.071528
0 0.344336 0.806944 0.033203 0.051389
0 0.386523 0.719444 0.030859 0.041667
0 0.401172 0.738542 0.035156 0.050694
0 0.598242 0.509028 0.025391 0.033333
0 0.616406 0.985764 0.041406 0.028472
0 0.715625 0.977431 0.024219 0.045139
0 0.651367 0.961111 0.033984 0.059722
0 0.635352 0.756944 0.040234 0.048611
0 0.749414 0.850347 0.038672 0.043750
0 0.751563 0.739583 0.039062 0.038889
0 0.989062 0.777083 0.021875 0.041667
0 0.988867 0.748958 0.022266 0.029861
0 0.948828 0.751042 0.031250 0.034028
0 0.905664 0.718750 0.036328 0.034722
0 0.908789 0.697222 0.034766 0.036111
0 0.859766 0.687153 0.046094 0.056250
0 0.820898 0.619444 0.034766 0.038889
0 0.717969 0.639236 0.035156 0.038194
0 0.728516 0.626736 0.033594 0.038194
0 0.894922 0.481944 0.021094 0.036111
0 0.925195 0.413542 0.022266 0.024306
0 0.893945 0.397569 0.025391 0.028472
0 0.868359 0.443403 0.013281 0.040972
0 0.858008 0.363889 0.023047 0.026389
0 0.642773 0.373611 0.022266 0.029167
0 0.729492 0.318750 0.014453 0.025000
0 0.797852 0.235417 0.014453 0.025000
1 0.830078 0.146181 0.017188 0.027083
0 0.858594 0.137847 0.014844 0.020139
0 0.890039 0.160417 0.016016 0.023611
0 0.908203 0.122569 0.013281 0.022917
0 0.983789 0.038542 0.009766 0.014583
0 0.964258 0.032986 0.011328 0.017361
0 0.940625 0.056597 0.010937 0.020139
