2 0.789062 0.262847 0.044531 0.064583
2 0.792969 0.618403 0.121094 0.117361
2 0.831055 0.371528 0.072266 0.059722
1 0.650586 0.435069 0.050391 0.064583
1 0.345898 0.803125 0.055078 0.072917
1 0.650195 0.302778 0.045703 0.054167
1 0.649219 0.334028 0.038281 0.061111
1 0.662109 0.345833 0.028906 0.054167
2 0.767773 0.197569 0.031641 0.065972
1 0.718945 0.241667 0.028516 0.044444
0 0.307617 0.344792 0.024609 0.028472
0 0.164648 0.823611 0.037109 0.047222
0 0.178906 0.848958 0.036719 0.050694
0 0.292969 0.717361 0.034375 0.043056
0 0.191602 0.978125 0.048047 0.042361
0 0.232813 0.935417 0.040625 0.040278
0 0.293945 0.867014 0.041016 0.043750
0 0.287305 0.835417 0.037891 0.050000
0 0.325391 0.787500 0.034375 0.041667
0 0.363867 0.750347 0.034766 0.040972
0 0.383789 0.771528 0.030078 0.041667
0 0.414648 0.729861 0.036328 0.040278
0 0.397852 0.712153 0.037109 0.040972
0 0.379297 0.694097 0.036719 0.036806
0 0.360352 0.391319 0.029297 0.035417
0 0.420508 0.434375 0.033203 0.039583
0 0.478906 0.453819 0.035156 0.038194
0 0.556836 0.470833 0.037891 0.031944
0 0.600391 0.465625 0.030469 0.036806
0 0.821289 0.620833 0.034766 0.044444
0 0.682227 0.794444 0.023828 0.058333
0 0.635742 0.754167 0.042578 0.047222
0 0.546289 0.981944 0.042578 0.036111
0 0.615039 0.986458 0.044141 0.027083
0 0.652344 0.957986 0.032031 0.060417
0 0.620898 0.912500 0.035547 0.063889
0 0.715430 0.977431 0.028516 0.045139
0 0.750977 0.850347 0.042578 0.049306
0 0.654297 0.849306 0.038281 0.065278
0 0.894336 0.479167 0.018359 0.034722
0 0.925977 0.418056 0.024609 0.029167
0 0.893359 0.398264 0.024219 0.027083
0 0.868555 0.443056 0.016797 0.040278
0 0.857422 0.362153 0.025000 0.027083
0 0.684570 0.414931 0.012109 0.034028
0 0.703516 0.378125 0.021875 0.031250
0 0.737695 0.311458 0.021484 0.025694
0 0.790039 0.342014 0.017578 0.034028
0 0.639453 0.373958 0.024219 0.040972
0 0.623047 0.371181 0.022656 0.031250
0 0.608789 0.360764 0.014453 0.025694
0 0.624414 0.339583 0.021484 0.034722
0 0.684180 0.330556 0.019141 0.029167
0 0.671094 0.317361 0.016406 0.029167
0 0.678320 0.286111 0.018359 0.026389
0 0.688086 0.300000 0.017578 0.027778
0 0.706836 0.304167 0.021484 0.036111
0 0.707031 0.279167 0.019531 0.022222
0 0.723633 0.283681 0.016016 0.024306
0 0.696680 0.268750 0.017578 0.023611
0 0.753711 0.255208 0.018359 0.028472
0 0.738672 0.232292 0.017188 0.024306
0 0.770312 0.230208 0.015625 0.027083
0 0.784570 0.214583 0.018359 0.022222
0 0.792188 0.178472 0.013281 0.022222
0 0.801758 0.196528 0.016797 0.025000
0 0.812695 0.183681 0.013672 0.021528
0 0.825977 0.170833 0.015234 0.022222
0 0.864648 0.129514 0.020703 0.031250
0 0.908008 0.137500 0.015234 0.023611
0 0.884766 0.097569 0.013281 0.020139
0 0.920703 0.108681 0.017188 0.018750
0 0.950195 0.089931 0.011328 0.020139
0 0.971289 0.054861 0.012109 0.023611
0 0.934375 0.053125 0.014844 0.027083
0 0.977148 0.019444 0.012891 0.015278
