2 0.792383 0.613542 0.118359 0.117361
2 0.763281 0.202431 0.039062 0.056250
2 0.229297 0.873958 0.082031 0.102083
2 0.119922 0.964236 0.112500 0.071528
2 0.830078 0.371181 0.067187 0.049306
1 0.993359 0.036458 0.010156 0.028472
1 0.858984 0.402083 0.033594 0.044444
1 0.936523 0.851736 0.051172 0.088194
1 0.649219 0.329861 0.034375 0.052778
1 0.651953 0.306944 0.038281 0.059722
1 0.718164 0.243750 0.026953 0.043056
0 0.280859 0.277778 0.021094 0.025000
0 0.283203 0.387153 0.021094 0.035417
0 0.358594 0.388542 0.021875 0.031250
0 0.193164 0.978472 0.033203 0.043056
0 0.231445 0.933681 0.041016 0.031250
0 0.288867 0.832639 0.033203 0.040278
0 0.294336 0.862847 0.040234 0.035417
0 0.325195 0.786111 0.031641 0.045833
1 0.345508 0.801389 0.044922 0.062500
0 0.366406 0.747222 0.035937 0.040278
0 0.384375 0.769792 0.035156 0.038194
0 0.397266 0.713542 0.034375 0.047917
0 0.415625 0.730208 0.032031 0.039583
0 0.579883 0.480556 0.016797 0.038889
0 0.583203 0.550000 0.021875 0.056944
0 0.542383 0.980556 0.041797 0.038889
0 0.616406 0.984028 0.044531 0.031944
0 0.716211 0.977778 0.027734 0.044444
0 0.652930 0.955208 0.028516 0.057639
0 0.619336 0.911111 0.030078 0.062500
0 0.653711 0.848264 0.034766 0.067361
0 0.681641 0.802431 0.020313 0.063194
0 0.636914 0.755903 0.040234 0.054861
0 0.749023 0.848264 0.040234 0.052083
0 0.791016 0.788889 0.039844 0.040278
0 0.837109 0.772569 0.038281 0.050694
0 0.814648 0.594097 0.036328 0.035417
0 0.822461 0.619792 0.030859 0.042361
0 0.895312 0.477778 0.018750 0.033333
0 0.868750 0.445486 0.020313 0.043750
0 0.896484 0.443056 0.022656 0.036111
0 0.925977 0.416667 0.024609 0.023611
0 0.894336 0.396875 0.024609 0.034028
0 0.856641 0.363889 0.025781 0.023611
0 0.716406 0.362847 0.022656 0.029861
0 0.790430 0.340972 0.016797 0.033333
0 0.636133 0.376736 0.018359 0.034028
0 0.621094 0.369444 0.022656 0.030556
0 0.609961 0.360764 0.017578 0.025694
0 0.624219 0.339236 0.019531 0.036806
0 0.671875 0.318403 0.017188 0.031250
0 0.677734 0.286806 0.015625 0.023611
0 0.687695 0.301736 0.018359 0.028472
0 0.695898 0.271528 0.022266 0.025000
0 0.701367 0.284375 0.017578 0.028472
0 0.724805 0.286806 0.016797 0.027778
0 0.728320 0.257986 0.015234 0.020139
0 0.737305 0.231597 0.017578 0.025694
0 0.759766 0.243403 0.018750 0.024306
0 0.801562 0.194097 0.016406 0.020139
0 0.787891 0.191319 0.017188 0.029861
0 0.813477 0.184722 0.013672 0.020833
0 0.812109 0.161806 0.014063 0.018056
0 0.826367 0.170833 0.014453 0.018056
0 0.832812 0.154861 0.016406 0.025000
0 0.836523 0.135417 0.014453 0.019444
0 0.848633 0.131597 0.015234 0.015972
0 0.848047 0.150000 0.014063 0.019444
0 0.856641 0.139236 0.013281 0.015972
0 0.895898 0.131944 0.012891 0.019444
0 0.921484 0.107292 0.011719 0.018750
0 0.952930 0.086806 0.012109 0.018056
0 0.947852 0.076042 0.010547 0.014583
0 0.967383 0.056250 0.010547 0.018056
0 0.935937 0.050347 0.014844 0.014583
