2 0.602344 0.360764 0.064062 0.057639
2 0.379883 0.763542 0.061328 0.079861
2 0.832422 0.368403 0.082031 0.059028
2 0.099805 0.191667 0.042578 0.075000
1 0.046680 0.160417 0.038672 0.041667
1 0.196680 0.312500 0.029297 0.037500
1 0.297852 0.819792 0.052734 0.056250
1 0.732227 0.234028 0.038672 0.034722
1 0.791602 0.193403 0.017578 0.031250
1 0.850586 0.138889 0.029297 0.025000
1 0.894922 0.076042 0.022656 0.029861
0 0.089844 0.134028 0.015625 0.018056
0 0.199219 0.259028 0.023438 0.027778
0 0.188477 0.285417 0.018359 0.025000
0 0.248047 0.298264 0.021875 0.031250
0 0.212891 0.306250 0.017188 0.025000
0 0.234766 0.321528 0.025781 0.040278
0 0.218750 0.334028 0.018750 0.025000
0 0.297852 0.340278 0.020703 0.026389
0 0.323633 0.354514 0.021484 0.028472
0 0.351758 0.380556 0.020703 0.025000
0 0.310547 0.366667 0.022656 0.020833
0 0.334180 0.388889 0.023828 0.027778
0 0.323047 0.396528 0.021094 0.029167
0 0.307227 0.409028 0.020703 0.033333
0 0.300391 0.382639 0.022656 0.025000
0 0.275977 0.357639 0.015234 0.022222
0 0.258008 0.347917 0.019141 0.025000
0 0.244727 0.357639 0.020703 0.026389
0 0.256055 0.387153 0.023828 0.036806
0 0.267969 0.377431 0.023438 0.028472
0 0.265430 0.759028 0.047266 0.050000
0 0.322266 0.763542 0.035937 0.042361
0 0.198047 0.932639 0.047656 0.048611
0 0.179102 0.985764 0.044922 0.028472
0 0.427344 0.709028 0.029687 0.038889
0 0.404883 0.697917 0.033984 0.040278
0 0.354102 0.759028 0.027734 0.040278
0 0.330469 0.827778 0.042969 0.058333
0 0.287305 0.876042 0.042578 0.045139
0 0.670508 0.924653 0.037891 0.060417
0 0.716016 0.978125 0.028125 0.043750
0 0.714844 0.807639 0.046875 0.047222
0 0.666797 0.749653 0.039844 0.054861
0 0.639258 0.759028 0.045703 0.055556
0 0.752930 0.615278 0.037891 0.045833
0 0.769141 0.604167 0.033594 0.040278
0 0.774219 0.585417 0.035937 0.036111
0 0.789258 0.644792 0.033984 0.032639
0 0.806641 0.624653 0.042188 0.042361
0 0.822266 0.618403 0.032031 0.042361
0 0.835938 0.676042 0.034375 0.046528
0 0.856055 0.662153 0.030859 0.043750
0 0.911133 0.701389 0.037109 0.047222
0 0.913477 0.732292 0.041016 0.043750
0 0.963086 0.738542 0.035547 0.050694
0 0.895508 0.480903 0.018359 0.032639
0 0.927344 0.418403 0.022656 0.022917
0 0.895508 0.398264 0.028516 0.031250
0 0.867383 0.445139 0.019141 0.040278
0 0.858008 0.363542 0.021484 0.022917
0 0.540430 0.463889 0.025391 0.038889
0 0.452344 0.370139 0.032813 0.027778
0 0.648047 0.321528 0.019531 0.023611
0 0.612305 0.378125 0.029297 0.043750
0 0.676172 0.313542 0.022656 0.031250
0 0.646680 0.348264 0.023828 0.029861
0 0.691797 0.272917 0.022656 0.025000
0 0.706055 0.282639 0.020703 0.026389
0 0.729883 0.258681 0.020703 0.029861
0 0.748047 0.241667 0.017969 0.026389
0 0.759375 0.229514 0.015625 0.020139
0 0.772852 0.218403 0.016797 0.020139
0 0.777344 0.196528 0.017969 0.022222
0 0.808008 0.188542 0.018359 0.024306
0 0.801758 0.174653 0.012891 0.018750
0 0.813672 0.164931 0.014844 0.018750
0 0.821094 0.177778 0.014063 0.026389
0 0.827930 0.171528 0.012891 0.016667
0 0.809766 0.163542 0.011719 0.015972
0 0.823438 0.152431 0.014844 0.018750
0 0.834766 0.157639 0.016406 0.023611
0 0.848047 0.124653 0.011719 0.014583
0 0.855469 0.135417 0.010937 0.012500
0 0.870508 0.124653 0.012891 0.014583
0 0.861133 0.119792 0.014453 0.018750
0 0.873633 0.110764 0.018359 0.021528
0 0.878125 0.104167 0.009375 0.012500
0 0.885547 0.112153 0.012500 0.017361
0 0.896680 0.102778 0.008984 0.015278
0 0.912305 0.084028 0.010547 0.020833
0 0.902930 0.079167 0.006641 0.013889
0 0.913672 0.068403 0.010156 0.015972
0 0.925586 0.072917 0.007422 0.009722
0 0.936719 0.060764 0.014063 0.017361
0 0.944922 0.040278 0.009375 0.011111
0 0.965430 0.020139 0.008984 0.013889
0 0.953516 0.068750 0.011719 0.012500
0 0.750391 0.851389 0.039844 0.040278
0 0.354883 0.625000 0.037891 0.048611
