2 0.368750 0.405903 0.059375 0.089583
2 0.505469 0.395139 0.061719 0.070833
2 0.761328 0.547222 0.078125 0.087500
2 0.826367 0.369097 0.070703 0.057639
2 0.720703 0.340278 0.039844 0.069444
2 0.808594 0.221528 0.048438 0.077778
1 0.320898 0.368056 0.040234 0.059722
1 0.455273 0.533333 0.046484 0.050000
2 0.650586 0.585417 0.061328 0.070833
1 0.979688 0.955208 0.040625 0.065972
1 0.650977 0.302083 0.045703 0.052778
1 0.645898 0.331597 0.035547 0.056250
1 0.659766 0.346528 0.029687 0.050000
1 0.847266 0.134028 0.021094 0.041667
0 0.074023 0.194444 0.016016 0.025000
0 0.025977 0.169444 0.015234 0.022222
0 0.111523 0.225347 0.017578 0.024306
0 0.157227 0.241319 0.020703 0.027083
0 0.159570 0.266667 0.021484 0.025000
0 0.184961 0.292361 0.021484 0.030556
0 0.191211 0.256597 0.019922 0.029861
0 0.219531 0.278819 0.018750 0.027083
0 0.020313 0.100694 0.014844 0.019444
0 0.068359 0.111806 0.019531 0.022222
0 0.102344 0.137153 0.014844 0.021528
0 0.018164 0.077431 0.008984 0.015972
0 0.172461 0.181944 0.015234 0.016667
0 0.205078 0.206250 0.019531 0.027778
0 0.220703 0.248264 0.017969 0.021528
0 0.246289 0.235764 0.020703 0.021528
0 0.252344 0.252778 0.016406 0.022222
0 0.260742 0.311806 0.022266 0.026389
0 0.276758 0.363542 0.023828 0.035417
0 0.297266 0.335069 0.022656 0.031250
0 0.311133 0.301736 0.022266 0.031250
0 0.333984 0.286111 0.024219 0.022222
0 0.350195 0.324306 0.025391 0.029167
0 0.361133 0.348958 0.025391 0.031250
0 0.402930 0.360764 0.022266 0.024306
0 0.460547 0.394444 0.025000 0.027778
0 0.499023 0.438194 0.029297 0.033333
0 0.409570 0.423958 0.026953 0.029861
0 0.338086 0.415278 0.026172 0.031944
0 0.409961 0.448264 0.028516 0.034028
0 0.425586 0.485069 0.028516 0.039583
0 0.435742 0.468056 0.029297 0.034722
0 0.445508 0.453125 0.032422 0.038194
0 0.348438 0.807292 0.039062 0.042361
0 0.381250 0.697222 0.035156 0.043056
0 0.554688 0.484028 0.034375 0.036111
0 0.538867 0.570833 0.030859 0.041667
0 0.600195 0.526389 0.036328 0.047222
0 0.639453 0.675694 0.046094 0.056944
0 0.638867 0.756250 0.042578 0.047222
0 0.619922 0.912847 0.034375 0.057639
0 0.539453 0.982986 0.048438 0.034028
0 0.612891 0.985764 0.051562 0.028472
0 0.651953 0.956597 0.034375 0.056250
0 0.715625 0.978125 0.025000 0.043750
0 0.881445 0.859375 0.041797 0.049306
0 0.750586 0.851042 0.033984 0.038194
0 0.831250 0.758681 0.050781 0.070139
0 0.964063 0.739236 0.039844 0.046528
0 0.898438 0.689931 0.036719 0.043750
0 0.854297 0.689931 0.038281 0.042361
0 0.827148 0.716319 0.039453 0.039583
0 0.791992 0.691319 0.036328 0.043750
0 0.747266 0.660764 0.039062 0.042361
0 0.755078 0.638889 0.032031 0.034722
0 0.795312 0.626042 0.039062 0.042361
0 0.846484 0.612153 0.032031 0.043750
0 0.686133 0.572917 0.033203 0.041667
0 0.683398 0.545833 0.033984 0.036111
0 0.703516 0.510764 0.028906 0.042361
0 0.675195 0.431944 0.016797 0.033333
0 0.894922 0.482292 0.018750 0.039583
0 0.923047 0.414583 0.021094 0.027778
0 0.867188 0.446875 0.017969 0.043750
0 0.893555 0.397917 0.024609 0.027778
0 0.856250 0.361806 0.021094 0.025000
0 0.607617 0.361111 0.016016 0.029167
0 0.620313 0.370486 0.015625 0.032639
0 0.640625 0.375694 0.025000 0.040278
0 0.623633 0.337847 0.019922 0.031250
0 0.682617 0.329861 0.018359 0.025000
0 0.676758 0.288194 0.016797 0.030556
0 0.706055 0.304167 0.019141 0.036111
0 0.698828 0.272222 0.020313 0.030556
0 0.722656 0.287500 0.017188 0.029167
0 0.737500 0.268056 0.017969 0.027778
0 0.783984 0.218056 0.013281 0.025000
0 0.813281 0.163542 0.014063 0.027083
0 0.874219 0.122569 0.015625 0.022917
0 0.957812 0.038542 0.012500 0.014583
