2 0.275781 0.330208 0.059375 0.082639
2 0.831641 0.372222 0.073438 0.054167
2 0.726367 0.634375 0.069922 0.082639
2 0.430078 0.707639 0.053906 0.070833
1 0.175000 0.294444 0.028906 0.037500
1 0.198047 0.313542 0.025000 0.029861
1 0.023828 0.971875 0.044531 0.056250
1 0.233398 0.937153 0.062109 0.056250
1 0.422266 0.582292 0.053125 0.067361
1 0.892383 0.079514 0.026172 0.047917
1 0.946484 0.035764 0.014844 0.029861
1 0.970117 0.021875 0.016016 0.031250
1 0.763477 0.235764 0.032422 0.049306
1 0.241406 0.301042 0.039062 0.054861
0 0.192578 0.289236 0.017188 0.025694
0 0.203711 0.219792 0.020703 0.027083
0 0.213281 0.304861 0.019531 0.030556
0 0.219727 0.334722 0.021484 0.034722
0 0.233398 0.320139 0.026953 0.045833
0 0.243750 0.357986 0.022656 0.032639
0 0.255859 0.345139 0.022656 0.036111
0 0.276562 0.360764 0.023438 0.031250
0 0.266602 0.375347 0.025391 0.032639
0 0.254492 0.385764 0.023828 0.032639
0 0.302344 0.339931 0.014844 0.024306
0 0.323633 0.359375 0.023828 0.031250
0 0.350195 0.378819 0.030859 0.034028
0 0.313086 0.366319 0.022266 0.028472
0 0.336328 0.389931 0.025000 0.034028
0 0.321875 0.399653 0.024219 0.035417
0 0.307812 0.410764 0.027344 0.039583
0 0.525391 0.389583 0.032813 0.037500
0 0.529102 0.465972 0.029297 0.041667
0 0.333594 0.649653 0.029687 0.043750
0 0.245898 0.738542 0.030078 0.045139
0 0.275977 0.743056 0.033984 0.054167
0 0.119141 0.905903 0.040625 0.047917
0 0.276562 0.841667 0.039844 0.050000
0 0.287695 0.873611 0.044141 0.044444
0 0.334180 0.781597 0.044922 0.068750
0 0.345508 0.809722 0.039453 0.055556
0 0.378320 0.695833 0.030859 0.045833
0 0.391016 0.713542 0.028125 0.045139
0 0.444336 0.652083 0.033203 0.044444
0 0.482812 0.634028 0.032031 0.048611
0 0.599609 0.572569 0.030469 0.052083
0 0.599609 0.617014 0.032813 0.053472
0 0.652148 0.704167 0.035547 0.054167
0 0.636914 0.755208 0.041797 0.050694
0 0.715430 0.976042 0.028516 0.047917
0 0.751758 0.848611 0.042578 0.051389
0 0.962305 0.732639 0.038672 0.054167
0 0.911133 0.701389 0.039453 0.052778
0 0.888867 0.711111 0.040234 0.052778
0 0.854297 0.666319 0.038281 0.049306
0 0.837109 0.676042 0.037500 0.047917
0 0.818945 0.618750 0.034766 0.045833
0 0.809180 0.632292 0.037891 0.054861
0 0.790625 0.645833 0.037500 0.050000
0 0.753906 0.619097 0.036719 0.047917
0 0.766211 0.602778 0.033984 0.048611
0 0.774023 0.586458 0.036328 0.045139
0 0.926172 0.456944 0.028906 0.037500
0 0.924805 0.416319 0.026172 0.032639
0 0.892188 0.398611 0.029687 0.034722
0 0.866602 0.443403 0.021484 0.054861
0 0.894531 0.480556 0.017188 0.043056
0 0.855469 0.361458 0.030469 0.034028
0 0.618750 0.363194 0.024219 0.043056
0 0.671289 0.336458 0.028516 0.039583
0 0.668750 0.302083 0.017969 0.034722
0 0.737305 0.242014 0.017578 0.032639
0 0.779102 0.283681 0.020703 0.027083
0 0.781055 0.192014 0.017578 0.028472
0 0.805078 0.186806 0.017969 0.029167
0 0.828125 0.147222 0.014063 0.023611
0 0.831055 0.163194 0.019141 0.029167
0 0.841406 0.138194 0.017188 0.027778
0 0.853320 0.140278 0.016016 0.027778
0 0.859961 0.121181 0.014453 0.021528
0 0.882812 0.113542 0.015625 0.027083
0 0.904883 0.094097 0.015234 0.022917
0 0.904492 0.077431 0.012891 0.020139
0 0.911133 0.066319 0.012891 0.024306
0 0.917383 0.076042 0.012109 0.025694
0 0.925977 0.073264 0.009766 0.015972
0 0.936719 0.049306 0.011719 0.019444
0 0.942773 0.040972 0.009766 0.015278
0 0.946875 0.050347 0.010156 0.020139
0 0.952734 0.043056 0.008594 0.013889
0 0.958594 0.026042 0.010156 0.015972
