2 0.798047 0.656597 0.084375 0.097917
2 0.794336 0.610417 0.116016 0.104167
2 0.830859 0.372222 0.063281 0.051389
2 0.283594 0.251736 0.047656 0.064583
2 0.250195 0.857292 0.076953 0.109028
2 0.142383 0.951736 0.105078 0.096528
0 0.493359 0.380556 0.040625 0.041667
1 0.081445 0.129167 0.022266 0.031944
1 0.417969 0.721181 0.044531 0.064583
0 0.006641 0.069097 0.008594 0.014583
0 0.012305 0.136806 0.011328 0.018056
0 0.120313 0.200347 0.015625 0.020139
0 0.077344 0.210069 0.020313 0.025694
0 0.122070 0.252083 0.021484 0.029167
0 0.153711 0.225694 0.019922 0.025000
0 0.188477 0.288194 0.019922 0.027778
0 0.212305 0.327431 0.022266 0.032639
0 0.246094 0.297222 0.021094 0.030556
0 0.245508 0.327778 0.027734 0.048611
0 0.251172 0.383333 0.021875 0.029167
0 0.304102 0.342708 0.022266 0.032639
0 0.372266 0.325347 0.025000 0.022917
0 0.293164 0.354861 0.022266 0.031944
0 0.284375 0.366319 0.019531 0.034028
0 0.279102 0.385069 0.023047 0.028472
0 0.303125 0.404861 0.023438 0.033333
0 0.313477 0.394097 0.023828 0.034028
0 0.337500 0.389931 0.028125 0.038194
0 0.338867 0.369792 0.025391 0.031250
0 0.359961 0.389236 0.023047 0.032639
0 0.192969 0.978125 0.035156 0.039583
0 0.250781 0.917708 0.035937 0.042361
0 0.298242 0.862153 0.038672 0.045139
0 0.347070 0.773611 0.030859 0.044444
0 0.408984 0.693750 0.026562 0.036111
0 0.500977 0.654167 0.033203 0.030556
0 0.517578 0.563194 0.027344 0.037500
0 0.552930 0.561111 0.026953 0.033333
0 0.581445 0.411806 0.023828 0.031944
0 0.613086 0.455903 0.023828 0.034028
0 0.617578 0.985417 0.039062 0.029167
0 0.605273 0.932639 0.033984 0.051389
0 0.637109 0.756597 0.039062 0.046528
0 0.650195 0.956944 0.033984 0.059722
0 0.716797 0.978472 0.021875 0.043056
0 0.717383 0.638889 0.036328 0.040278
0 0.749414 0.848611 0.038672 0.045833
0 0.728711 0.626389 0.034766 0.034722
0 0.755469 0.622917 0.021094 0.031944
0 0.860547 0.686806 0.042188 0.056944
0 0.905664 0.718750 0.034766 0.034722
0 0.907422 0.697222 0.032813 0.036111
0 0.948633 0.751042 0.030078 0.039583
0 0.988477 0.775000 0.023047 0.040278
0 0.988281 0.750694 0.023438 0.030556
0 0.894336 0.479861 0.016016 0.031944
0 0.925391 0.414583 0.023438 0.023611
0 0.893555 0.396875 0.024609 0.027083
0 0.867773 0.446181 0.016016 0.042361
0 0.857617 0.363194 0.022266 0.027778
0 0.604688 0.362847 0.023438 0.031250
0 0.654297 0.336806 0.019531 0.029167
0 0.642773 0.321875 0.016797 0.029861
0 0.730273 0.238542 0.017578 0.022917
0 0.816602 0.161111 0.015234 0.022222
0 0.825781 0.170139 0.011719 0.023611
0 0.913477 0.130556 0.015234 0.019444
0 0.932813 0.093750 0.012500 0.020833
0 0.916211 0.058333 0.018359 0.025000
0 0.978711 0.058681 0.008984 0.014583
0 0.971875 0.045833 0.012500 0.022222
