1 0.405469 0.356597 0.057031 0.065972
1 0.622266 0.341667 0.028906 0.045833
1 0.681250 0.452431 0.029687 0.065972
1 0.845898 0.181250 0.022266 0.029167
1 0.344922 0.801042 0.043750 0.072917
1 0.141211 0.876389 0.066016 0.104167
2 0.231445 0.879861 0.075391 0.111111
2 0.126953 0.964236 0.098437 0.071528
2 0.793750 0.615972 0.122656 0.119444
2 0.831445 0.372917 0.067578 0.052778
2 0.726953 0.235764 0.039062 0.065972
0 0.046484 0.153125 0.015625 0.029861
0 0.022266 0.147917 0.014063 0.026389
0 0.289648 0.374653 0.018359 0.027083
0 0.302148 0.404514 0.022266 0.031250
0 0.359766 0.386806 0.022656 0.029167
0 0.191211 0.791319 0.042578 0.060417
0 0.317773 0.669444 0.033203 0.045833
0 0.192773 0.977778 0.037891 0.044444
0 0.234961 0.932639 0.046484 0.029167
0 0.288477 0.833681 0.033984 0.045139
0 0.294141 0.865278 0.041406 0.036111
0 0.323828 0.787847 0.030469 0.045139
0 0.364844 0.750347 0.035156 0.039583
0 0.384961 0.765278 0.031641 0.040278
0 0.401172 0.708333 0.035937 0.043056
0 0.415234 0.729861 0.030469 0.045833
0 0.398438 0.608681 0.032031 0.046528
0 0.440820 0.559722 0.030859 0.038889
0 0.472266 0.380208 0.032031 0.022917
0 0.493164 0.493750 0.027734 0.041667
0 0.551758 0.381250 0.030859 0.029167
0 0.561133 0.423611 0.030859 0.051389
0 0.583203 0.450347 0.019531 0.032639
0 0.598828 0.567361 0.025781 0.040278
0 0.666211 0.667014 0.034766 0.045139
0 0.538086 0.985069 0.042578 0.029861
0 0.615234 0.985764 0.043750 0.028472
0 0.717969 0.979514 0.021875 0.040972
0 0.750781 0.848264 0.042188 0.052083
0 0.680469 0.805556 0.018750 0.051389
0 0.653906 0.849306 0.032813 0.065278
0 0.619531 0.913194 0.029687 0.055556
0 0.652344 0.957292 0.035937 0.054861
0 0.634766 0.756250 0.044531 0.047222
0 0.970313 0.889931 0.047656 0.056250
0 0.989453 0.775000 0.021094 0.050000
0 0.952344 0.751389 0.035937 0.041667
0 0.925000 0.706597 0.036719 0.039583
0 0.904883 0.719444 0.033984 0.040278
0 0.858398 0.686111 0.044922 0.058333
0 0.813086 0.662847 0.037109 0.039583
0 0.820898 0.621528 0.036328 0.041667
0 0.762695 0.625694 0.034766 0.034722
0 0.769922 0.563889 0.035156 0.040278
0 0.729297 0.626389 0.034375 0.040278
0 0.717969 0.637847 0.039844 0.045139
0 0.895117 0.477083 0.020703 0.034722
0 0.924414 0.416667 0.024609 0.027778
0 0.894336 0.398264 0.024609 0.027083
0 0.868359 0.447917 0.016406 0.043056
0 0.858203 0.363889 0.025000 0.026389
0 0.790625 0.339931 0.016406 0.027083
0 0.776563 0.292361 0.017969 0.027778
0 0.844727 0.212153 0.017578 0.024306
0 0.628516 0.365972 0.019531 0.034722
0 0.670898 0.339236 0.023828 0.043750
0 0.656250 0.314931 0.023438 0.031250
0 0.760352 0.222222 0.015234 0.025000
0 0.780859 0.194097 0.017188 0.024306
0 0.807422 0.167708 0.021094 0.032639
0 0.821484 0.156250 0.014063 0.022222
0 0.831641 0.147917 0.014844 0.023611
0 0.884961 0.097569 0.014453 0.020139
0 0.970313 0.014931 0.010156 0.017361
0 0.987695 0.036806 0.010547 0.012500
