2 0.761719 0.630208 0.084375 0.093750
2 0.358984 0.780556 0.084375 0.113889
2 0.299609 0.809722 0.088281 0.122222
1 0.229102 0.894097 0.055859 0.072917
1 0.181836 0.198611 0.026172 0.041667
1 0.623437 0.340625 0.024219 0.047917
0 0.055664 0.104167 0.014453 0.016667
0 0.073242 0.139583 0.014453 0.016667
0 0.121875 0.147222 0.017969 0.016667
0 0.319531 0.353819 0.025000 0.034028
0 0.340625 0.369792 0.025000 0.042361
0 0.362891 0.384722 0.022656 0.033333
0 0.386523 0.406597 0.030078 0.036806
0 0.412109 0.425000 0.024219 0.031944
0 0.439258 0.446181 0.027734 0.034028
0 0.383594 0.426736 0.025000 0.038194
0 0.405273 0.444444 0.026953 0.037500
0 0.439063 0.470833 0.033594 0.044444
0 0.378516 0.694792 0.035156 0.042361
0 0.416992 0.693056 0.033203 0.044444
0 0.417383 0.728125 0.034766 0.043750
0 0.154883 0.979167 0.047266 0.041667
0 0.194141 0.983333 0.035937 0.033333
0 0.627539 0.988194 0.025391 0.023611
0 0.716602 0.976736 0.022266 0.046528
0 0.751563 0.849306 0.039062 0.047222
0 0.649414 0.960417 0.041016 0.061111
0 0.637500 0.753125 0.042188 0.049306
0 0.723047 0.643056 0.035156 0.037500
0 0.662305 0.599306 0.036328 0.034722
0 0.612305 0.567361 0.033984 0.040278
0 0.601367 0.535764 0.033984 0.036806
0 0.670898 0.468056 0.022266 0.040278
0 0.676562 0.393750 0.016406 0.033333
0 0.926172 0.416667 0.025781 0.027778
0 0.896094 0.480903 0.017969 0.034028
0 0.894141 0.397917 0.025781 0.027778
0 0.868945 0.445139 0.014453 0.044444
0 0.858984 0.363889 0.026562 0.026389
2 0.838477 0.373958 0.047266 0.045139
0 0.965039 0.029167 0.009766 0.015278
0 0.917969 0.109028 0.013281 0.019444
0 0.869336 0.179167 0.014453 0.023611
0 0.870117 0.128125 0.018359 0.025694
0 0.820117 0.157986 0.013672 0.024306
0 0.783008 0.371181 0.023828 0.025694
0 0.746094 0.256944 0.016406 0.023611
0 0.712891 0.274653 0.018750 0.024306
0 0.721289 0.292708 0.016797 0.027083
0 0.686914 0.281597 0.017578 0.024306
0 0.697070 0.286806 0.016797 0.029167
0 0.696484 0.312153 0.023438 0.035417
0 0.668359 0.292361 0.017188 0.019444
0 0.679297 0.309028 0.019531 0.025000
0 0.678711 0.332292 0.020703 0.032639
0 0.657422 0.310069 0.017969 0.027083
0 0.661328 0.327431 0.017188 0.022917
0 0.661133 0.352431 0.019922 0.028472
0 0.642383 0.372222 0.021484 0.026389
0 0.634766 0.350347 0.024219 0.038194
