2 0.077148 0.107639 0.023047 0.027778
2 0.277148 0.332639 0.055078 0.070833
2 0.647852 0.328125 0.027734 0.056250
2 0.722656 0.521875 0.105469 0.118750
2 0.891406 0.633333 0.082031 0.094444
2 0.716602 0.634375 0.059766 0.072917
2 0.825977 0.372917 0.069922 0.059722
1 0.177148 0.297917 0.027734 0.034722
1 0.199609 0.317361 0.024219 0.034722
1 0.241797 0.306250 0.032813 0.051389
1 0.807227 0.162153 0.032422 0.047917
1 0.976172 0.038889 0.014844 0.026389
0 0.065625 0.167708 0.015625 0.021528
0 0.210352 0.222917 0.018359 0.025000
0 0.264844 0.269097 0.021875 0.024306
0 0.187109 0.252778 0.019531 0.026389
0 0.166016 0.269444 0.019531 0.027778
0 0.190625 0.290972 0.019531 0.027778
0 0.209961 0.306944 0.021484 0.025000
0 0.236328 0.322917 0.025000 0.036111
0 0.226953 0.339931 0.021094 0.018750
0 0.256250 0.347917 0.022656 0.029167
0 0.277344 0.361111 0.019531 0.029167
0 0.271484 0.376389 0.023438 0.033333
0 0.320312 0.400694 0.025000 0.033333
0 0.312500 0.369097 0.021094 0.027083
0 0.303711 0.340625 0.009766 0.022917
0 0.323437 0.359722 0.025000 0.026389
0 0.348828 0.377083 0.023438 0.029167
0 0.349805 0.402083 0.029297 0.030556
0 0.356445 0.428472 0.026172 0.038889
0 0.341016 0.436458 0.024219 0.040972
0 0.300000 0.423264 0.023438 0.031250
0 0.378516 0.698958 0.035937 0.036806
0 0.608398 0.360417 0.013672 0.027778
0 0.620117 0.369792 0.016016 0.035417
0 0.638477 0.373611 0.023828 0.038889
0 0.627344 0.335069 0.017969 0.034028
0 0.685156 0.331250 0.017969 0.027778
1 0.662109 0.345833 0.020313 0.047222
0 0.705078 0.302083 0.018750 0.037500
0 0.635156 0.756597 0.039844 0.053472
0 0.659961 0.842361 0.033984 0.068056
0 0.618555 0.914583 0.033984 0.056944
0 0.618555 0.986458 0.045703 0.027083
0 0.652148 0.956597 0.033203 0.053472
0 0.716211 0.978472 0.027734 0.043056
0 0.750000 0.849306 0.036719 0.047222
0 0.983008 0.697569 0.030859 0.047917
0 0.963086 0.729861 0.036328 0.034722
0 0.940430 0.694444 0.033203 0.036111
0 0.964063 0.759722 0.036719 0.038889
0 0.930078 0.734375 0.035937 0.040972
0 0.906250 0.701736 0.035156 0.042361
0 0.878516 0.702778 0.033594 0.037500
0 0.882812 0.754167 0.037500 0.038889
0 0.857227 0.643056 0.031641 0.037500
0 0.849805 0.661806 0.029297 0.037500
0 0.833203 0.672917 0.035937 0.044444
0 0.840234 0.724306 0.033594 0.040278
0 0.795703 0.693750 0.039062 0.045833
0 0.779883 0.659722 0.030078 0.033333
0 0.790234 0.643056 0.034375 0.037500
0 0.796289 0.621528 0.041797 0.045833
0 0.778711 0.592361 0.030859 0.031944
0 0.726758 0.575694 0.033984 0.036111
0 0.717383 0.606944 0.033203 0.040278
0 0.675195 0.561806 0.031641 0.033333
0 0.697461 0.540972 0.035547 0.038889
0 0.893945 0.482639 0.016797 0.037500
0 0.925391 0.415278 0.024219 0.027778
0 0.893945 0.399306 0.023828 0.025000
0 0.866406 0.445833 0.018750 0.036111
0 0.856641 0.365278 0.023438 0.026389
0 0.737695 0.269097 0.018359 0.024306
0 0.765820 0.232986 0.014453 0.027083
0 0.837109 0.140625 0.017188 0.021528
0 0.878516 0.155903 0.015625 0.022917
0 0.931836 0.057292 0.014453 0.022917
