2 0.633789 0.443403 0.065234 0.081250
2 0.792969 0.618750 0.122656 0.120833
2 0.797070 0.165625 0.030859 0.054861
2 0.025586 0.981597 0.050391 0.036806
0 0.218555 0.276389 0.023047 0.034722
0 0.268750 0.320139 0.025000 0.033333
0 0.311914 0.352083 0.026172 0.034722
0 0.346094 0.380556 0.025000 0.034722
0 0.399023 0.424306 0.026953 0.036111
0 0.425977 0.460764 0.030859 0.036806
0 0.450000 0.453125 0.028906 0.040972
1 0.493359 0.482986 0.063281 0.057639
1 0.344141 0.802083 0.045312 0.063889
1 0.651367 0.301736 0.046484 0.049306
1 0.647656 0.330903 0.033594 0.057639
1 0.658984 0.345833 0.029687 0.054167
1 0.715820 0.245833 0.031641 0.043056
2 0.829492 0.373611 0.071484 0.061111
0 0.229492 0.898264 0.033984 0.046528
0 0.253906 0.913194 0.039062 0.048611
0 0.311914 0.803472 0.031641 0.044444
0 0.376758 0.698611 0.035547 0.038889
0 0.363867 0.748611 0.033984 0.040278
0 0.382812 0.768403 0.032031 0.043750
0 0.395898 0.712500 0.033203 0.043056
0 0.415039 0.729167 0.031641 0.041667
0 0.458008 0.563889 0.032422 0.037500
0 0.501172 0.539583 0.037500 0.034722
0 0.561133 0.463889 0.030859 0.026389
0 0.541211 0.981597 0.047266 0.036806
0 0.615820 0.985764 0.043359 0.028472
0 0.650781 0.956944 0.035156 0.048611
0 0.618945 0.913194 0.032422 0.062500
0 0.715820 0.977431 0.025391 0.045139
0 0.679297 0.791319 0.021875 0.067361
0 0.635352 0.755208 0.040234 0.049306
0 0.749414 0.850347 0.039453 0.045139
0 0.593555 0.639583 0.023047 0.047222
0 0.603711 0.573264 0.040234 0.036806
0 0.693164 0.498958 0.025391 0.032639
0 0.722656 0.529861 0.027344 0.033333
0 0.821094 0.621875 0.032031 0.043750
0 0.894336 0.482639 0.016797 0.034722
0 0.925000 0.414931 0.022656 0.027083
0 0.894141 0.395833 0.027344 0.030556
0 0.868555 0.445139 0.018359 0.040278
0 0.787305 0.360417 0.018359 0.033333
0 0.742773 0.334028 0.016016 0.030556
0 0.742773 0.297917 0.017578 0.023611
0 0.639648 0.372222 0.023828 0.041667
0 0.622852 0.370139 0.016016 0.027778
0 0.608398 0.359375 0.016797 0.029861
0 0.624805 0.341667 0.024609 0.033333
0 0.683984 0.332986 0.019531 0.028472
0 0.670703 0.317708 0.017969 0.027083
0 0.687305 0.301736 0.018359 0.031250
0 0.677344 0.288889 0.017969 0.029167
0 0.706250 0.304167 0.021094 0.034722
0 0.707227 0.280208 0.017578 0.022917
0 0.698438 0.271181 0.019531 0.027083
0 0.724414 0.286806 0.018359 0.029167
0 0.737305 0.270139 0.015234 0.031944
0 0.754687 0.248264 0.016406 0.022917
0 0.736523 0.233333 0.019922 0.022222
0 0.770898 0.232292 0.015234 0.024306
0 0.782617 0.213194 0.014453 0.027778
0 0.795703 0.268056 0.018750 0.027778
0 0.828906 0.203125 0.016406 0.024306
0 0.813281 0.183333 0.014063 0.022222
0 0.800195 0.195833 0.015234 0.019444
0 0.826953 0.170486 0.014063 0.018750
0 0.823828 0.153472 0.015625 0.019444
0 0.959961 0.034028 0.014453 0.020833
0 0.964648 0.022222 0.010547 0.015278
0 0.855859 0.363194 0.025781 0.025000
