2 0.794922 0.613542 0.117188 0.110417
2 0.867773 0.706250 0.090234 0.094444
2 0.830859 0.372917 0.063281 0.052778
2 0.365039 0.307639 0.055859 0.061111
2 0.231055 0.879861 0.074609 0.106944
2 0.123828 0.964236 0.107031 0.071528
1 0.033008 0.093403 0.026172 0.029861
1 0.152930 0.179514 0.031641 0.036806
1 0.371484 0.774653 0.044531 0.065972
0 0.027930 0.164583 0.014453 0.023611
0 0.058398 0.159722 0.018359 0.022222
0 0.057031 0.103125 0.010937 0.014583
0 0.065039 0.097569 0.014453 0.014583
0 0.094336 0.183681 0.018359 0.018750
0 0.060742 0.198958 0.016797 0.025694
0 0.120703 0.232986 0.019531 0.029861
0 0.185547 0.280208 0.027344 0.042361
0 0.184766 0.249653 0.019531 0.029861
0 0.250781 0.320139 0.022656 0.031944
0 0.254688 0.304514 0.022656 0.029861
0 0.252148 0.384375 0.021484 0.027083
0 0.279687 0.384028 0.022656 0.030556
0 0.284766 0.364931 0.021094 0.032639
0 0.303125 0.403819 0.022656 0.031250
0 0.313086 0.394444 0.023828 0.034722
0 0.327930 0.384028 0.026953 0.034722
0 0.338086 0.369444 0.022266 0.031944
0 0.359766 0.387500 0.026562 0.030556
0 0.468750 0.375694 0.028906 0.029167
0 0.142187 0.880208 0.039844 0.054861
0 0.239453 0.929514 0.037500 0.036806
0 0.193750 0.980903 0.035937 0.036806
0 0.293750 0.864931 0.039062 0.038194
0 0.291016 0.831597 0.036719 0.045139
0 0.340625 0.770486 0.032031 0.040972
0 0.422852 0.682639 0.033984 0.033333
0 0.432812 0.712500 0.035156 0.040278
0 0.471680 0.665625 0.030859 0.042361
0 0.486914 0.605903 0.031641 0.039583
0 0.637305 0.756944 0.041016 0.048611
0 0.749414 0.848958 0.039453 0.043750
0 0.716602 0.977778 0.020703 0.044444
0 0.615234 0.985764 0.043750 0.028472
0 0.651758 0.957986 0.034766 0.060417
0 0.621484 0.915625 0.032031 0.056250
0 0.949609 0.750347 0.032813 0.039583
0 0.988281 0.775694 0.023438 0.040278
0 0.988672 0.749306 0.022656 0.027778
0 0.909766 0.694097 0.032813 0.032639
0 0.916016 0.721528 0.016406 0.029167
0 0.810547 0.663194 0.037500 0.040278
0 0.821094 0.618750 0.032813 0.037500
0 0.760938 0.624306 0.035937 0.031944
0 0.728320 0.626736 0.033984 0.038194
0 0.718164 0.638194 0.033984 0.038889
0 0.894336 0.480556 0.016016 0.034722
0 0.925977 0.416319 0.020703 0.025694
0 0.894727 0.399653 0.023828 0.028472
0 0.867383 0.446528 0.018359 0.045833
0 0.858398 0.362847 0.023047 0.028472
0 0.585352 0.371875 0.035547 0.039583
0 0.648828 0.344792 0.022656 0.032639
0 0.658398 0.310417 0.019922 0.029167
0 0.703516 0.262500 0.015625 0.026389
0 0.772852 0.219792 0.018359 0.024306
0 0.874414 0.173958 0.015234 0.022917
0 0.889648 0.142708 0.013672 0.020139
0 0.866211 0.117014 0.013672 0.020139
0 0.876367 0.120833 0.011328 0.019444
0 0.935937 0.090625 0.017969 0.029861
0 0.956445 0.086806 0.013672 0.015278
0 0.931250 0.058333 0.022656 0.023611
