2 0.614648 0.347917 0.051953 0.069444
2 0.378711 0.761806 0.060547 0.075000
2 0.830469 0.369444 0.069531 0.056944
2 0.079883 0.178472 0.037109 0.056944
1 0.035547 0.156597 0.028125 0.038194
1 0.286523 0.830556 0.051953 0.048611
1 0.194141 0.313889 0.027344 0.036111
1 0.791016 0.193056 0.023438 0.034722
1 0.739648 0.223611 0.033984 0.036111
1 0.894922 0.077083 0.022656 0.034722
1 0.849414 0.143750 0.017578 0.026389
0 0.157031 0.973264 0.050781 0.053472
0 0.285938 0.876389 0.042969 0.040278
0 0.328906 0.830556 0.042969 0.041667
0 0.282031 0.796528 0.031250 0.022222
0 0.353906 0.760764 0.042188 0.059028
0 0.339258 0.678472 0.040234 0.050000
0 0.394336 0.578472 0.029297 0.048611
0 0.406250 0.698611 0.031250 0.041667
0 0.424609 0.704514 0.035156 0.046528
0 0.635742 0.754861 0.044922 0.056944
0 0.664453 0.742708 0.039844 0.060417
0 0.698047 0.798958 0.042969 0.052083
0 0.663477 0.933681 0.033984 0.060417
0 0.718164 0.976042 0.033984 0.047917
0 0.749023 0.844444 0.044922 0.062500
0 0.963672 0.734722 0.042969 0.048611
0 0.910156 0.699306 0.035156 0.036111
0 0.922266 0.729861 0.035937 0.048611
0 0.854883 0.661806 0.033984 0.041667
0 0.838867 0.675000 0.037109 0.047222
0 0.811523 0.628819 0.041016 0.052083
0 0.823047 0.618403 0.035156 0.045139
0 0.791992 0.644792 0.033203 0.038194
0 0.752734 0.615972 0.039062 0.047222
0 0.764062 0.599306 0.034375 0.041667
0 0.774414 0.582986 0.033203 0.043750
0 0.894922 0.478819 0.016406 0.039583
0 0.924805 0.416319 0.017578 0.029861
0 0.891406 0.398264 0.031250 0.031250
0 0.855469 0.357986 0.023438 0.031250
0 0.869922 0.448611 0.019531 0.055556
0 0.113281 0.151042 0.017969 0.021528
0 0.184180 0.250000 0.022266 0.031944
0 0.237500 0.290625 0.023438 0.025694
0 0.299805 0.340278 0.023828 0.027778
0 0.321680 0.355556 0.022266 0.027778
0 0.350195 0.381250 0.022266 0.036111
0 0.334961 0.390278 0.019922 0.027778
0 0.312305 0.367014 0.017578 0.022917
0 0.320898 0.395833 0.026172 0.031944
0 0.300586 0.378472 0.017578 0.025000
0 0.307227 0.408333 0.022266 0.034722
0 0.274805 0.357986 0.026172 0.031250
0 0.270117 0.373264 0.022266 0.031250
0 0.255469 0.386111 0.024219 0.029167
0 0.244531 0.357639 0.022656 0.034722
0 0.253320 0.342708 0.022266 0.029861
0 0.235742 0.325000 0.026172 0.041667
0 0.219531 0.335069 0.023438 0.028472
0 0.216602 0.307292 0.021484 0.027083
0 0.187695 0.287500 0.017578 0.022222
0 0.566797 0.434722 0.030469 0.036111
0 0.484570 0.380208 0.033203 0.027083
0 0.626367 0.362847 0.026172 0.031250
0 0.662500 0.332292 0.022656 0.025694
0 0.660352 0.303819 0.017578 0.020139
0 0.687500 0.301389 0.021875 0.029167
0 0.701758 0.261111 0.020703 0.026389
0 0.713867 0.273611 0.021484 0.029167
0 0.734375 0.254861 0.017188 0.027778
0 0.748828 0.238542 0.015625 0.022917
0 0.761719 0.227431 0.014063 0.021528
0 0.773047 0.217014 0.012500 0.020139
0 0.778516 0.195139 0.011719 0.019444
0 0.801367 0.171875 0.012891 0.014583
0 0.808984 0.191667 0.014844 0.026389
0 0.819336 0.176736 0.011328 0.017361
0 0.829492 0.169444 0.012891 0.019444
0 0.813477 0.162847 0.015234 0.017361
0 0.822852 0.150347 0.014453 0.015972
0 0.834570 0.155903 0.014453 0.024306
0 0.849219 0.125347 0.012500 0.010417
0 0.874023 0.122917 0.011328 0.013889
0 0.887109 0.113194 0.010937 0.013889
0 0.897852 0.099653 0.014453 0.011806
0 0.861328 0.117014 0.009375 0.015972
0 0.916992 0.079861 0.012109 0.016667
0 0.905664 0.075347 0.005078 0.011806
0 0.918945 0.064583 0.012109 0.013889
0 0.940820 0.053472 0.010547 0.020833
0 0.950000 0.038194 0.007812 0.009722
0 0.971094 0.014236 0.008594 0.010417
0 0.931055 0.052778 0.008984 0.012500
