1 0.874414 0.659375 0.075391 0.082639
1 0.900391 0.709375 0.058594 0.064583
1 0.373828 0.630903 0.062500 0.075694
1 0.227930 0.892014 0.055078 0.072917
1 0.622656 0.337500 0.029687 0.058333
2 0.936133 0.468750 0.059766 0.052778
2 0.358594 0.781597 0.083594 0.118750
2 0.312500 0.790278 0.084375 0.120833
0 0.154883 0.259722 0.026172 0.044444
0 0.206055 0.302778 0.026172 0.034722
0 0.235156 0.332639 0.028906 0.034722
0 0.262305 0.349306 0.028516 0.034722
0 0.284570 0.363194 0.030859 0.036111
0 0.271875 0.382292 0.024219 0.038194
0 0.256250 0.387847 0.028125 0.036806
0 0.321289 0.399306 0.027734 0.036111
0 0.303711 0.408681 0.031641 0.040972
0 0.289258 0.421875 0.028516 0.038194
0 0.156250 0.976736 0.045312 0.046528
0 0.446484 0.621181 0.032813 0.046528
0 0.414844 0.691319 0.034375 0.045139
0 0.418164 0.730208 0.037109 0.046528
0 0.376172 0.729167 0.037500 0.027778
0 0.941602 0.718403 0.041016 0.056250
0 0.879883 0.850000 0.037891 0.051389
0 0.750586 0.849306 0.037891 0.043056
0 0.718555 0.976736 0.022266 0.046528
0 0.650195 0.957292 0.036328 0.057639
0 0.635156 0.755903 0.047656 0.054861
0 0.735352 0.627778 0.031641 0.033333
0 0.753320 0.620833 0.037891 0.043056
0 0.759961 0.600347 0.032422 0.038194
0 0.806445 0.625694 0.041797 0.043056
0 0.801758 0.651736 0.037891 0.038194
0 0.898047 0.486458 0.029687 0.047917
0 0.925391 0.412847 0.028906 0.029861
0 0.895117 0.398611 0.031641 0.037500
0 0.869141 0.442361 0.014844 0.045833
0 0.847266 0.375347 0.030469 0.031250
0 0.858398 0.362500 0.026953 0.025000
0 0.829102 0.349653 0.026172 0.029861
0 0.977930 0.007639 0.013672 0.013889
0 0.947656 0.050000 0.012500 0.020833
0 0.966797 0.072569 0.011719 0.015972
0 0.945312 0.079514 0.012500 0.017361
0 0.937891 0.088889 0.014063 0.019444
0 0.929102 0.094792 0.011328 0.015972
0 0.918750 0.112847 0.015625 0.020139
0 0.877148 0.165972 0.013672 0.019444
0 0.854297 0.177083 0.014844 0.018056
0 0.855078 0.195486 0.018750 0.015972
0 0.829688 0.201389 0.017969 0.018056
0 0.801367 0.240625 0.017578 0.021528
0 0.778320 0.286111 0.019141 0.027778
0 0.748633 0.301736 0.021484 0.028472
0 0.680273 0.411458 0.020703 0.045139
0 0.589453 0.440625 0.020313 0.038194
0 0.918945 0.074653 0.012891 0.022917
0 0.893945 0.088542 0.013672 0.015972
0 0.900000 0.099306 0.010937 0.016667
0 0.871289 0.107292 0.010547 0.018750
0 0.872852 0.120486 0.012109 0.018750
0 0.746094 0.223958 0.019531 0.022917
0 0.758203 0.227083 0.017969 0.025000
0 0.764258 0.238889 0.014453 0.022222
0 0.742188 0.243056 0.016406 0.025000
0 0.749219 0.259375 0.016406 0.024306
0 0.720703 0.245486 0.020313 0.029861
0 0.729102 0.257986 0.020703 0.027083
0 0.732812 0.275000 0.017969 0.029167
0 0.702539 0.263889 0.018359 0.027778
0 0.712305 0.276736 0.017578 0.025694
0 0.719727 0.294097 0.016797 0.025694
0 0.686914 0.284028 0.017578 0.029167
0 0.697266 0.289583 0.017188 0.029167
0 0.696289 0.311806 0.022266 0.038889
0 0.668945 0.293403 0.017578 0.022917
0 0.679297 0.310764 0.020313 0.028472
0 0.655078 0.313889 0.020313 0.025000
0 0.663281 0.329861 0.021094 0.027778
0 0.662109 0.350347 0.021094 0.031250
0 0.635938 0.350694 0.022656 0.034722
0 0.637109 0.376736 0.021094 0.029861
