2 0.792773 0.616667 0.119141 0.120833
2 0.756250 0.303819 0.038281 0.064583
2 0.772461 0.192361 0.037109 0.062500
1 0.652344 0.306944 0.039062 0.059722
1 0.649609 0.333333 0.037500 0.059722
1 0.659961 0.347569 0.027734 0.047917
1 0.623633 0.457986 0.050391 0.064583
1 0.344531 0.802083 0.050000 0.075000
0 0.286328 0.329167 0.023438 0.030556
0 0.331250 0.370486 0.025781 0.029861
0 0.376758 0.403472 0.027734 0.033333
0 0.432422 0.438889 0.030469 0.037500
0 0.268359 0.748611 0.032031 0.048611
0 0.297852 0.692708 0.035547 0.047917
0 0.380859 0.627778 0.033594 0.045833
0 0.193164 0.979861 0.044141 0.040278
0 0.231836 0.936806 0.039453 0.043056
0 0.288281 0.834028 0.032031 0.043056
0 0.293945 0.866319 0.040234 0.042361
0 0.326367 0.790278 0.033203 0.044444
0 0.366211 0.748958 0.032422 0.042361
0 0.383594 0.769097 0.030469 0.042361
0 0.413867 0.728125 0.032422 0.043750
0 0.396289 0.715278 0.030859 0.047222
0 0.378125 0.697917 0.031250 0.037500
0 0.516211 0.472917 0.035547 0.034722
0 0.572656 0.481944 0.032813 0.031944
0 0.595508 0.445139 0.016797 0.031944
0 0.680273 0.415972 0.018359 0.033333
0 0.681250 0.454861 0.015625 0.031944
0 0.822070 0.622917 0.030859 0.043056
0 0.681055 0.772222 0.022266 0.052778
0 0.636328 0.755903 0.041406 0.049306
0 0.750586 0.850000 0.038672 0.045833
0 0.543555 0.982986 0.043359 0.034028
0 0.612305 0.986111 0.049609 0.027778
0 0.651953 0.959028 0.034375 0.055556
0 0.716211 0.978472 0.023047 0.043056
0 0.620703 0.911458 0.032813 0.059028
0 0.656250 0.845833 0.032813 0.072222
0 0.893945 0.479514 0.016797 0.036806
0 0.926172 0.417361 0.022656 0.023611
0 0.894141 0.399653 0.027344 0.031250
0 0.857031 0.364236 0.023438 0.025694
2 0.830273 0.369792 0.063672 0.052083
0 0.791016 0.340278 0.017188 0.031944
0 0.693359 0.360764 0.021875 0.027083
1 0.717773 0.244792 0.026953 0.038194
0 0.638672 0.372222 0.025000 0.036111
0 0.622852 0.370486 0.023828 0.032639
0 0.608789 0.359722 0.016016 0.026389
0 0.622656 0.341319 0.019531 0.035417
0 0.683984 0.330556 0.017969 0.027778
0 0.669727 0.313194 0.014453 0.023611
0 0.686914 0.300347 0.016016 0.027083
0 0.706836 0.301736 0.020703 0.031250
0 0.677930 0.284722 0.017578 0.029167
0 0.697852 0.270486 0.018359 0.022917
0 0.704492 0.278472 0.017578 0.023611
0 0.723242 0.287500 0.021484 0.029167
0 0.736719 0.268403 0.016406 0.025694
0 0.753711 0.255208 0.018359 0.027083
0 0.737891 0.231597 0.018750 0.027083
0 0.771875 0.231250 0.017969 0.026389
0 0.783203 0.214931 0.013281 0.025694
0 0.800391 0.195486 0.017969 0.024306
0 0.798633 0.174306 0.016016 0.022222
0 0.813672 0.185417 0.015625 0.020833
0 0.826562 0.171528 0.014844 0.022222
0 0.875391 0.177083 0.014844 0.018056
0 0.887109 0.142361 0.011719 0.018056
0 0.888477 0.106250 0.013672 0.025000
0 0.908008 0.076042 0.014453 0.015972
0 0.942578 0.082292 0.014844 0.017361
0 0.920508 0.127778 0.014453 0.019444
0 0.950195 0.035069 0.016797 0.021528
