2 0.276367 0.331597 0.051172 0.072917
2 0.275781 0.247222 0.050000 0.062500
2 0.723633 0.633681 0.071484 0.074306
2 0.826953 0.375694 0.073438 0.061111
2 0.742188 0.242361 0.028906 0.052778
2 0.944531 0.093403 0.028125 0.046528
1 0.240430 0.306944 0.033203 0.052778
1 0.175195 0.292708 0.031641 0.038194
1 0.198633 0.314236 0.022266 0.031250
1 0.880664 0.086111 0.021484 0.041667
1 0.842578 0.179514 0.025000 0.032639
1 0.661914 0.347222 0.031641 0.051389
0 0.058594 0.946875 0.053125 0.065972
0 0.114844 0.229167 0.022656 0.029167
0 0.328711 0.301736 0.024609 0.034028
0 0.191211 0.289236 0.018359 0.024306
0 0.211914 0.307986 0.024609 0.032639
0 0.234180 0.322569 0.026953 0.039583
0 0.255273 0.346528 0.021484 0.029167
0 0.242969 0.356597 0.021875 0.028472
0 0.253906 0.384028 0.027344 0.037500
0 0.268750 0.376736 0.025781 0.031250
0 0.274414 0.358333 0.020703 0.031944
0 0.298438 0.379861 0.025781 0.029167
0 0.304297 0.341667 0.012500 0.023611
0 0.321680 0.358333 0.024609 0.031944
0 0.311328 0.369444 0.020313 0.030556
0 0.306250 0.409375 0.026562 0.035417
0 0.321875 0.402083 0.025000 0.041667
0 0.334180 0.389931 0.026953 0.038194
0 0.350000 0.381250 0.027344 0.031944
0 0.537695 0.386806 0.034766 0.036111
0 0.351172 0.632986 0.035937 0.049306
0 0.380859 0.699306 0.037500 0.043056
0 0.633789 0.758333 0.041797 0.056944
0 0.661914 0.842708 0.030859 0.067361
0 0.752148 0.853125 0.044141 0.054861
0 0.717969 0.972917 0.032031 0.054167
0 0.651172 0.953125 0.035937 0.057639
0 0.615039 0.985069 0.050391 0.029861
0 0.619531 0.916319 0.039844 0.065972
0 0.964648 0.761111 0.037891 0.044444
0 0.891992 0.761111 0.044141 0.044444
2 0.977930 0.686458 0.044141 0.075694
0 0.965234 0.733333 0.036719 0.034722
0 0.931836 0.736806 0.040234 0.048611
0 0.912695 0.679861 0.037109 0.038889
0 0.903906 0.699653 0.038281 0.043750
0 0.886523 0.708333 0.036328 0.037500
0 0.840820 0.725694 0.038672 0.041667
0 0.835352 0.674306 0.036328 0.041667
0 0.853711 0.664583 0.032422 0.044444
0 0.864648 0.645486 0.034766 0.034028
0 0.798047 0.696181 0.042188 0.042361
0 0.779687 0.661806 0.029687 0.034722
0 0.791992 0.640972 0.033984 0.033333
0 0.808398 0.630903 0.037891 0.045139
0 0.821289 0.621875 0.026953 0.042361
0 0.772656 0.586806 0.035937 0.041667
0 0.765430 0.600347 0.033984 0.039583
0 0.756641 0.619097 0.028906 0.036806
0 0.734766 0.618750 0.032813 0.044444
0 0.894531 0.479861 0.016406 0.036111
0 0.925781 0.418056 0.027344 0.033333
0 0.894727 0.397917 0.023828 0.033333
0 0.869336 0.444444 0.017578 0.045833
0 0.859961 0.362847 0.026172 0.025694
0 0.614648 0.352778 0.028516 0.038889
0 0.687305 0.381250 0.021484 0.033333
0 0.683789 0.328819 0.020703 0.031250
0 0.706836 0.300000 0.021484 0.031944
0 0.699609 0.292708 0.017188 0.022917
0 0.687500 0.279861 0.016406 0.023611
0 0.724609 0.241319 0.016406 0.027083
0 0.786328 0.212500 0.018750 0.027778
0 0.851758 0.140278 0.017578 0.025000
0 0.911133 0.118403 0.011328 0.018750
0 0.906445 0.074306 0.014453 0.022222
0 0.982227 0.038889 0.012891 0.016667
