1 0.963086 0.715278 0.072266 0.076389
1 0.981055 0.765972 0.037891 0.051389
1 0.229297 0.895486 0.052344 0.075694
1 0.621680 0.340972 0.027734 0.051389
2 0.778320 0.278125 0.036328 0.057639
2 0.944531 0.459722 0.029687 0.058333
2 0.640430 0.549306 0.080078 0.077778
2 0.358008 0.779861 0.084766 0.119444
2 0.314258 0.793056 0.086328 0.122222
0 0.046484 0.150000 0.016406 0.023611
0 0.052148 0.171181 0.014453 0.024306
0 0.078320 0.172222 0.017578 0.023611
0 0.113672 0.198611 0.016406 0.020833
0 0.195703 0.315972 0.021875 0.030556
0 0.303906 0.384375 0.022656 0.029861
0 0.363477 0.392708 0.024609 0.032639
0 0.410156 0.424653 0.028906 0.034028
0 0.469922 0.440972 0.029687 0.031944
0 0.463867 0.465278 0.034766 0.034722
0 0.301367 0.683333 0.033984 0.043056
0 0.377734 0.624653 0.033594 0.045139
0 0.447461 0.579167 0.034766 0.036111
0 0.378125 0.693403 0.036719 0.038194
0 0.416797 0.692014 0.033594 0.042361
0 0.418555 0.726042 0.033984 0.036806
0 0.156055 0.978819 0.044141 0.042361
0 0.230273 0.944792 0.037891 0.028472
0 0.283789 0.882639 0.037109 0.036111
0 0.626367 0.987500 0.023047 0.025000
0 0.649414 0.961806 0.037109 0.055556
0 0.717187 0.977431 0.021094 0.045139
0 0.751758 0.848958 0.041016 0.046528
0 0.635742 0.755903 0.039453 0.047917
0 0.840039 0.677431 0.033984 0.035417
0 0.811523 0.632986 0.038672 0.039583
0 0.753711 0.620833 0.034766 0.038889
0 0.761523 0.602083 0.034766 0.034722
0 0.893945 0.479514 0.016016 0.032639
0 0.924805 0.414931 0.022266 0.027083
0 0.894727 0.398264 0.023828 0.027083
0 0.868359 0.443056 0.016406 0.040278
0 0.857617 0.363889 0.023828 0.029167
0 0.846289 0.374653 0.026953 0.028472
0 0.832422 0.353472 0.028125 0.031944
0 0.541211 0.447569 0.034766 0.031250
0 0.556836 0.485417 0.029297 0.029167
0 0.587695 0.452778 0.030859 0.031944
0 0.633789 0.444097 0.026953 0.035417
0 0.660742 0.400347 0.023047 0.029861
0 0.927734 0.096528 0.010937 0.016667
0 0.905078 0.126042 0.012500 0.017361
0 0.885547 0.143056 0.014063 0.018056
0 0.880469 0.112153 0.013281 0.020139
0 0.822266 0.177083 0.013281 0.022222
0 0.796484 0.192361 0.016406 0.023611
0 0.729102 0.257986 0.018359 0.028472
0 0.733008 0.275000 0.017578 0.025000
0 0.720703 0.292361 0.016406 0.023611
0 0.711914 0.274306 0.016016 0.022222
0 0.703125 0.265278 0.017188 0.025000
0 0.688086 0.282986 0.018359 0.024306
0 0.698438 0.287500 0.017188 0.023611
0 0.696289 0.312500 0.020703 0.034722
0 0.668750 0.293403 0.017188 0.024306
0 0.678906 0.310764 0.017969 0.027083
0 0.657617 0.308681 0.016016 0.024306
0 0.662109 0.328472 0.017188 0.026389
0 0.680078 0.332639 0.019531 0.029167
0 0.661133 0.353472 0.017578 0.027778
0 0.634766 0.351042 0.023438 0.038194
0 0.642969 0.373264 0.019531 0.025694
0 0.641992 0.589583 0.034766 0.031944
