2 0.367773 0.404514 0.061328 0.088194
2 0.622656 0.572222 0.059375 0.069444
2 0.803516 0.623611 0.117969 0.119444
2 0.816602 0.224306 0.037891 0.051389
2 0.951758 0.083681 0.022266 0.038194
2 0.827148 0.373958 0.070703 0.056250
1 0.326953 0.378819 0.037500 0.059028
1 0.650977 0.299653 0.041797 0.049306
1 0.649609 0.330903 0.035156 0.049306
1 0.662695 0.350694 0.030078 0.052778
1 0.718164 0.245833 0.026953 0.041667
0 0.032422 0.097917 0.013281 0.015278
0 0.010742 0.097222 0.012891 0.019444
0 0.052734 0.099653 0.013281 0.014583
0 0.091992 0.151736 0.019141 0.015972
0 0.182422 0.205208 0.021094 0.020139
0 0.193750 0.198611 0.019531 0.022222
0 0.211328 0.227778 0.023438 0.029167
0 0.256836 0.244792 0.024609 0.027083
0 0.235156 0.291667 0.019531 0.025000
0 0.263086 0.311806 0.024609 0.029167
0 0.297070 0.272569 0.022266 0.022917
0 0.312109 0.298958 0.021875 0.025694
0 0.290039 0.335417 0.026953 0.029167
0 0.298047 0.358681 0.022656 0.031250
0 0.435352 0.385069 0.030078 0.029861
0 0.413672 0.428819 0.027344 0.032639
0 0.409570 0.450694 0.027734 0.036111
0 0.435547 0.468056 0.032031 0.034722
0 0.444141 0.452431 0.026562 0.040972
0 0.447852 0.501042 0.031641 0.045139
0 0.245703 0.886458 0.041406 0.045139
0 0.297070 0.861806 0.038672 0.040278
0 0.378320 0.693750 0.028516 0.040278
0 0.396875 0.712500 0.031250 0.040278
0 0.413867 0.729167 0.031641 0.041667
0 0.556641 0.618750 0.038281 0.043056
0 0.587695 0.600694 0.033984 0.040278
0 0.601953 0.523611 0.039844 0.040278
0 0.544336 0.981944 0.042578 0.036111
0 0.613086 0.986458 0.050391 0.027083
0 0.717383 0.977778 0.026953 0.044444
0 0.651172 0.956944 0.035937 0.055556
0 0.619922 0.910764 0.035156 0.060417
0 0.635742 0.755903 0.042578 0.050694
0 0.698828 0.700000 0.039062 0.050000
0 0.750781 0.848264 0.035937 0.045139
0 0.896484 0.840972 0.039062 0.052778
0 0.827930 0.717361 0.040234 0.043056
0 0.791602 0.692014 0.034766 0.039583
0 0.767383 0.653472 0.037891 0.043056
0 0.746289 0.661806 0.037109 0.043056
0 0.671680 0.581597 0.030078 0.038194
0 0.893359 0.481250 0.018750 0.034722
0 0.926172 0.416667 0.024219 0.027778
0 0.894336 0.398264 0.024609 0.031250
0 0.870117 0.448958 0.019141 0.050694
0 0.858203 0.363542 0.025000 0.031250
0 0.775586 0.273264 0.016016 0.029861
0 0.639844 0.368403 0.021875 0.040972
0 0.621875 0.371875 0.018750 0.032639
0 0.608203 0.360069 0.015625 0.024306
0 0.624023 0.340972 0.023047 0.036111
0 0.683594 0.331597 0.018750 0.032639
0 0.672266 0.314931 0.014063 0.020139
0 0.678320 0.287847 0.018359 0.029861
0 0.700000 0.270486 0.021094 0.034028
0 0.705664 0.301736 0.021484 0.035417
0 0.724805 0.288194 0.020703 0.029167
0 0.739453 0.269444 0.019531 0.029167
0 0.758203 0.251389 0.017188 0.025000
0 0.771484 0.235069 0.014844 0.029861
0 0.786328 0.209722 0.016406 0.022222
0 0.836719 0.195833 0.012500 0.016667
0 0.851758 0.130208 0.015234 0.027083
0 0.898438 0.149306 0.017969 0.025000
0 0.897266 0.097222 0.012500 0.019444
0 0.900000 0.085069 0.011719 0.025694
0 0.911133 0.084722 0.011328 0.016667
0 0.962695 0.033333 0.008984 0.016667
2 0.977539 0.010417 0.014453 0.018056
