2 0.796094 0.653819 0.088281 0.099306
2 0.793359 0.611111 0.116406 0.105556
2 0.836523 0.375347 0.057422 0.047917
2 0.600195 0.461458 0.055859 0.074306
2 0.657031 0.385417 0.042969 0.054167
1 0.779492 0.190278 0.021484 0.031944
0 0.079297 0.117014 0.016406 0.025694
0 0.217383 0.244792 0.019141 0.020139
0 0.167383 0.293056 0.019922 0.026389
0 0.193164 0.309375 0.021484 0.031250
0 0.221875 0.337153 0.021875 0.029861
0 0.216992 0.310764 0.020703 0.031250
0 0.238086 0.329167 0.016797 0.029167
0 0.254102 0.305208 0.022266 0.027083
0 0.258008 0.340972 0.030078 0.050000
0 0.254492 0.367014 0.023828 0.027083
0 0.250391 0.384375 0.020313 0.029861
0 0.271289 0.317361 0.023047 0.027778
0 0.293555 0.334722 0.021484 0.027778
0 0.284570 0.344792 0.022266 0.029861
0 0.284570 0.368403 0.022266 0.034028
0 0.279883 0.384375 0.023828 0.029861
0 0.302148 0.404861 0.023828 0.031944
0 0.313867 0.395833 0.025391 0.038889
0 0.309180 0.366319 0.021484 0.034028
0 0.318164 0.352778 0.024609 0.023611
0 0.339258 0.367708 0.022266 0.027083
0 0.340039 0.391667 0.029297 0.029167
0 0.359766 0.388194 0.022656 0.030556
1 0.166992 0.986806 0.034766 0.026389
0 0.265820 0.846528 0.051172 0.070833
0 0.268945 0.812500 0.039453 0.040278
0 0.289844 0.862847 0.039062 0.049306
0 0.354297 0.755556 0.035937 0.050000
0 0.394141 0.754167 0.034375 0.041667
0 0.463477 0.620486 0.041797 0.060417
0 0.461719 0.671528 0.032813 0.044444
0 0.531250 0.556944 0.025000 0.029167
0 0.644141 0.371875 0.023438 0.024306
0 0.726953 0.351736 0.019531 0.025694
0 0.817187 0.218056 0.016406 0.022222
0 0.795117 0.199653 0.016016 0.020139
0 0.886914 0.109028 0.013672 0.019444
0 0.877734 0.151736 0.014063 0.022917
0 0.911523 0.082986 0.012891 0.014583
2 0.974414 0.011111 0.016016 0.020833
0 0.953906 0.033333 0.010937 0.019444
0 0.968945 0.055903 0.009766 0.014583
0 0.944531 0.097222 0.011719 0.018056
0 0.856641 0.363889 0.022656 0.026389
0 0.892188 0.398611 0.026562 0.030556
0 0.925000 0.415972 0.018750 0.020833
0 0.894336 0.480903 0.014453 0.034028
0 0.868750 0.446875 0.015625 0.043750
0 0.717187 0.640278 0.035937 0.037500
0 0.728711 0.628472 0.032422 0.041667
0 0.752344 0.621181 0.019531 0.027083
0 0.822266 0.623264 0.032813 0.042361
0 0.859375 0.687847 0.044531 0.056250
0 0.904102 0.720486 0.035547 0.034028
0 0.908203 0.698611 0.033594 0.036111
0 0.947461 0.750694 0.030859 0.033333
0 0.988281 0.773611 0.023438 0.040278
0 0.987500 0.749653 0.025000 0.031250
0 0.828711 0.807292 0.038672 0.039583
0 0.750586 0.850347 0.036328 0.039583
0 0.635547 0.756597 0.039844 0.042361
0 0.529492 0.647222 0.034766 0.034722
0 0.716211 0.977431 0.021484 0.045139
0 0.651367 0.955903 0.035547 0.052083
0 0.615234 0.985764 0.039844 0.028472
