2 0.366406 0.402083 0.062500 0.084722
2 0.740430 0.529167 0.080859 0.084722
2 0.745508 0.311806 0.042578 0.059722
2 0.823633 0.202083 0.042578 0.068056
2 0.827344 0.371528 0.074219 0.059722
2 0.649023 0.587847 0.066016 0.072917
2 0.459375 0.361458 0.058594 0.065972
1 0.322852 0.373611 0.039453 0.058333
1 0.501563 0.566319 0.051562 0.060417
1 0.650586 0.300000 0.043359 0.048611
1 0.647656 0.330208 0.036719 0.047917
1 0.660547 0.348264 0.027344 0.047917
1 0.834570 0.142014 0.020703 0.032639
0 0.092969 0.210417 0.017188 0.026389
0 0.177930 0.187153 0.018359 0.025694
0 0.126562 0.237500 0.020313 0.023611
0 0.173828 0.255208 0.020313 0.028472
0 0.190039 0.226042 0.018359 0.021528
0 0.208789 0.210417 0.016797 0.019444
0 0.217578 0.230556 0.021875 0.020833
0 0.195312 0.261458 0.021094 0.024306
0 0.207422 0.310417 0.022656 0.034722
0 0.225195 0.282292 0.024609 0.032639
0 0.273828 0.272222 0.021875 0.023611
0 0.286719 0.255903 0.020313 0.024306
0 0.262695 0.314583 0.025391 0.027778
0 0.302539 0.339931 0.023828 0.024306
0 0.319141 0.318056 0.021875 0.023611
0 0.313672 0.296181 0.022656 0.022917
0 0.358984 0.332986 0.022656 0.024306
0 0.418750 0.369097 0.023438 0.027083
0 0.455273 0.404514 0.026953 0.031250
0 0.411133 0.425347 0.029297 0.032639
0 0.368555 0.441319 0.030078 0.036806
0 0.304492 0.387500 0.024609 0.034722
0 0.409570 0.450000 0.023828 0.030556
0 0.436523 0.468056 0.030078 0.034722
0 0.443750 0.451736 0.029687 0.038194
0 0.498437 0.445139 0.035156 0.037500
0 0.472266 0.514583 0.029687 0.037500
0 0.379492 0.696528 0.034766 0.045833
0 0.363867 0.788889 0.037109 0.040278
0 0.600586 0.527431 0.033984 0.046528
0 0.637305 0.517361 0.029297 0.038889
0 0.634766 0.536458 0.032031 0.039583
0 0.606250 0.617014 0.035937 0.047917
0 0.690820 0.490278 0.029297 0.034722
0 0.679883 0.408333 0.015234 0.036111
0 0.635156 0.755903 0.039062 0.052083
0 0.705664 0.725000 0.050391 0.058333
0 0.750195 0.850694 0.041016 0.044444
0 0.714648 0.976736 0.027734 0.046528
0 0.617773 0.986806 0.051953 0.026389
0 0.651367 0.956944 0.033984 0.061111
0 0.618750 0.913889 0.031250 0.059722
0 0.541797 0.982292 0.049219 0.035417
0 0.980469 0.926042 0.039062 0.054861
0 0.926758 0.826042 0.048828 0.074306
0 0.983008 0.718403 0.033984 0.038194
0 0.932422 0.719444 0.036719 0.040278
0 0.828125 0.719444 0.038281 0.040278
0 0.855859 0.662153 0.035937 0.042361
0 0.803320 0.651389 0.035547 0.040278
0 0.792188 0.690972 0.032031 0.043056
0 0.748437 0.664583 0.042969 0.051389
0 0.741211 0.628819 0.034766 0.034028
0 0.749414 0.594444 0.037109 0.038889
0 0.818750 0.590625 0.034375 0.046528
0 0.893359 0.480903 0.018750 0.038194
0 0.925391 0.414931 0.022656 0.031250
0 0.893359 0.397569 0.030469 0.036806
0 0.865430 0.441667 0.016797 0.047222
0 0.857031 0.360417 0.022656 0.027778
0 0.607812 0.359375 0.016406 0.028472
0 0.621680 0.371528 0.018359 0.034722
0 0.638086 0.372222 0.021484 0.044444
0 0.623437 0.340278 0.017188 0.030556
0 0.683594 0.330208 0.021094 0.029861
0 0.677539 0.287153 0.016797 0.024306
0 0.698633 0.271181 0.021484 0.032639
0 0.704883 0.302083 0.021484 0.034722
0 0.723633 0.288194 0.018359 0.026389
0 0.738477 0.269792 0.017578 0.028472
0 0.773828 0.230556 0.016406 0.023611
0 0.800391 0.174653 0.015625 0.025694
0 0.857617 0.138194 0.015234 0.022222
0 0.944727 0.054861 0.008203 0.012500
