2 0.795117 0.654861 0.084766 0.101389
2 0.231641 0.213194 0.047656 0.051389
2 0.794922 0.613542 0.117188 0.110417
2 0.177148 0.932639 0.100391 0.130556
2 0.285938 0.819444 0.074219 0.102778
2 0.830859 0.369792 0.063281 0.056250
1 0.039062 0.100694 0.020313 0.030556
1 0.458789 0.677431 0.044141 0.059028
0 0.016992 0.077778 0.009766 0.015278
0 0.019141 0.127431 0.013281 0.018750
0 0.025781 0.168403 0.014844 0.020139
0 0.040625 0.161806 0.014844 0.025000
0 0.107422 0.235417 0.017969 0.029167
0 0.159961 0.231944 0.019922 0.027778
0 0.157617 0.281597 0.021484 0.027083
0 0.192773 0.256250 0.019922 0.030556
0 0.225781 0.317014 0.021875 0.032639
0 0.237500 0.351042 0.021094 0.027083
0 0.251758 0.383333 0.022266 0.029167
0 0.258008 0.339236 0.030859 0.050694
0 0.275391 0.318750 0.020313 0.029167
0 0.283398 0.365625 0.021484 0.031250
0 0.277930 0.384722 0.021484 0.029167
0 0.302539 0.404861 0.023828 0.033333
0 0.314063 0.394444 0.021875 0.029167
0 0.306250 0.365625 0.022656 0.034028
0 0.316992 0.351042 0.025391 0.031250
0 0.339648 0.393750 0.027734 0.033333
0 0.340234 0.368056 0.025000 0.034722
0 0.359375 0.387153 0.025781 0.032639
0 0.430078 0.360417 0.033594 0.038889
0 0.269336 0.899306 0.042578 0.034722
0 0.329492 0.830208 0.036328 0.053472
0 0.404102 0.705903 0.028516 0.042361
0 0.469922 0.618056 0.028906 0.034722
0 0.548633 0.980208 0.044141 0.039583
0 0.616406 0.984722 0.039844 0.030556
0 0.651367 0.959375 0.033984 0.060417
0 0.716016 0.977431 0.021875 0.045139
0 0.750977 0.850347 0.037891 0.049306
0 0.636719 0.754861 0.039844 0.048611
0 0.575977 0.645139 0.037891 0.041667
0 0.988867 0.774653 0.022266 0.043750
0 0.988281 0.751042 0.023438 0.031250
0 0.948828 0.752083 0.034375 0.043056
0 0.906055 0.718403 0.036328 0.038194
0 0.908789 0.696875 0.033203 0.038194
0 0.859375 0.687153 0.043750 0.056250
0 0.719531 0.639931 0.037500 0.045139
0 0.729297 0.628819 0.033594 0.042361
0 0.894336 0.479861 0.018359 0.031944
0 0.926562 0.417708 0.023438 0.032639
0 0.893750 0.398958 0.025781 0.027083
0 0.868359 0.445139 0.016406 0.047222
0 0.857422 0.361806 0.025000 0.030556
0 0.616016 0.485764 0.022656 0.032639
0 0.524414 0.470486 0.024609 0.032639
0 0.593164 0.473611 0.024609 0.031944
0 0.576367 0.415972 0.023828 0.031944
0 0.562695 0.387847 0.030078 0.031250
0 0.604688 0.359375 0.019531 0.032639
0 0.699414 0.354167 0.019922 0.022222
0 0.686523 0.280208 0.018359 0.027083
0 0.789453 0.207639 0.014844 0.020833
0 0.774609 0.199306 0.015625 0.019444
0 0.908789 0.063542 0.012109 0.018750
0 0.938672 0.103125 0.010156 0.021528
0 0.959180 0.066667 0.012109 0.018056
0 0.992578 0.041319 0.009375 0.017361
1 0.993359 0.027431 0.013281 0.020139
0 0.820312 0.616667 0.032813 0.040278
