2 0.367383 0.402778 0.062109 0.083333
2 0.719141 0.509375 0.072656 0.082639
2 0.838477 0.187153 0.042578 0.064583
2 0.763477 0.290625 0.047266 0.064583
2 0.829102 0.369792 0.074609 0.063194
2 0.411133 0.329514 0.050391 0.065972
1 0.322266 0.373264 0.039844 0.057639
2 0.648047 0.580556 0.066406 0.070833
1 0.651172 0.301042 0.043750 0.045139
1 0.646680 0.327431 0.034766 0.047917
1 0.661719 0.349653 0.028125 0.046528
0 0.063477 0.199653 0.017578 0.021528
0 0.110547 0.226042 0.020313 0.028472
0 0.109961 0.140625 0.016797 0.020139
0 0.154102 0.170139 0.016016 0.022222
0 0.161133 0.203125 0.017578 0.018750
0 0.145313 0.254167 0.015625 0.023611
0 0.175391 0.190278 0.017969 0.019444
0 0.189258 0.207639 0.018359 0.022222
0 0.191211 0.268403 0.020703 0.018750
0 0.196094 0.296528 0.023438 0.029167
0 0.200000 0.260764 0.015625 0.022917
0 0.245117 0.231250 0.019141 0.025000
0 0.237500 0.246181 0.017969 0.018750
0 0.228906 0.285417 0.023438 0.030556
0 0.231445 0.328125 0.020703 0.028472
0 0.267969 0.318056 0.023438 0.030556
0 0.274023 0.289931 0.021484 0.025694
0 0.278711 0.274306 0.020703 0.026389
0 0.319141 0.303819 0.021094 0.024306
0 0.379102 0.341319 0.024609 0.021528
0 0.410938 0.373958 0.025781 0.032639
0 0.440234 0.408681 0.029687 0.029861
0 0.410742 0.427083 0.026172 0.036111
0 0.410352 0.450000 0.026953 0.034722
0 0.401367 0.467014 0.030078 0.036806
0 0.435937 0.471181 0.032813 0.036806
0 0.442773 0.452778 0.027734 0.036111
0 0.377734 0.698264 0.035937 0.042361
0 0.377344 0.773264 0.039062 0.042361
0 0.541211 0.981250 0.046484 0.037500
0 0.523828 0.554514 0.029687 0.043750
0 0.580664 0.495833 0.030859 0.034722
0 0.593164 0.482639 0.026953 0.034722
0 0.691406 0.386458 0.019531 0.032639
0 0.615820 0.985764 0.043359 0.028472
0 0.652734 0.955903 0.032813 0.060417
0 0.716406 0.976736 0.025000 0.046528
0 0.619336 0.910417 0.035547 0.068056
0 0.753906 0.851736 0.042188 0.053472
0 0.636133 0.756597 0.037109 0.053472
0 0.686523 0.667014 0.033203 0.042361
0 0.784766 0.784028 0.050000 0.063889
0 0.828516 0.716667 0.036719 0.041667
0 0.791797 0.692361 0.032813 0.040278
0 0.746484 0.660417 0.039062 0.045833
0 0.727930 0.623264 0.030859 0.038194
0 0.750977 0.618750 0.031641 0.043056
0 0.803906 0.626389 0.036719 0.040278
0 0.894531 0.692708 0.035156 0.042361
0 0.938281 0.692361 0.035937 0.045833
0 0.791992 0.576736 0.033984 0.043750
0 0.699609 0.557639 0.035937 0.037500
0 0.681055 0.468056 0.021484 0.034722
0 0.599414 0.528472 0.037109 0.048611
2 0.552148 0.606250 0.051172 0.069444
0 0.895312 0.482292 0.020313 0.038194
0 0.924805 0.417014 0.023828 0.027083
0 0.893945 0.399653 0.025391 0.028472
0 0.867188 0.446181 0.017188 0.046528
0 0.856836 0.363889 0.021484 0.030556
0 0.637695 0.372917 0.023828 0.041667
0 0.620508 0.368750 0.021484 0.029167
0 0.608203 0.361111 0.019531 0.026389
0 0.622461 0.338194 0.021484 0.031944
0 0.683594 0.330556 0.020313 0.029167
0 0.677930 0.287153 0.017578 0.028472
0 0.697852 0.270833 0.020703 0.030556
0 0.706055 0.301736 0.024609 0.034028
0 0.723828 0.287153 0.020313 0.028472
0 0.737500 0.270833 0.015625 0.030556
0 0.766602 0.239583 0.021484 0.023611
0 0.789453 0.187500 0.014844 0.022222
0 0.838281 0.156944 0.017188 0.023611
1 0.819336 0.155208 0.022266 0.038194
0 0.929883 0.068056 0.013672 0.016667
