2 0.480469 0.377431 0.078906 0.050694
2 0.794727 0.654861 0.084766 0.097222
2 0.792773 0.609375 0.119922 0.104861
2 0.837109 0.373264 0.050000 0.042361
1 0.760742 0.300000 0.029297 0.044444
2 0.983984 0.046181 0.014844 0.029861
2 0.972266 0.044792 0.014063 0.027083
1 0.951367 0.029861 0.011328 0.022222
0 0.322461 0.279861 0.029297 0.040278
0 0.175781 0.297917 0.017188 0.023611
0 0.192969 0.309375 0.023438 0.034028
0 0.217188 0.310069 0.021094 0.027083
0 0.228516 0.343056 0.025000 0.033333
0 0.237500 0.326736 0.017969 0.024306
0 0.254297 0.303819 0.021094 0.027083
0 0.272266 0.316667 0.022656 0.026389
0 0.257422 0.337500 0.032031 0.047222
0 0.254688 0.365278 0.024219 0.031944
0 0.250391 0.383333 0.021875 0.030556
0 0.279297 0.384375 0.022656 0.029861
0 0.283984 0.366319 0.021094 0.031250
0 0.287305 0.347222 0.019922 0.031944
0 0.293359 0.332292 0.019531 0.029861
0 0.318750 0.352778 0.025781 0.031944
0 0.310742 0.367014 0.023828 0.032639
0 0.313477 0.393750 0.023828 0.034722
0 0.301953 0.404167 0.023438 0.034722
0 0.338867 0.368403 0.024609 0.025694
0 0.340234 0.392361 0.025781 0.033333
0 0.360352 0.388542 0.026172 0.031250
0 0.503711 0.480208 0.028516 0.039583
0 0.358398 0.757292 0.035547 0.042361
0 0.043164 0.979167 0.038672 0.041667
0 0.378516 0.693750 0.035156 0.043056
0 0.593164 0.477778 0.029297 0.034722
0 0.566602 0.637847 0.038672 0.032639
0 0.704102 0.495486 0.027734 0.039583
0 0.635547 0.754514 0.039844 0.050694
0 0.698047 0.850694 0.029687 0.059722
0 0.786914 0.823264 0.044141 0.049306
0 0.750391 0.849306 0.039062 0.041667
0 0.716211 0.978125 0.026172 0.043750
0 0.661133 0.943750 0.035547 0.054167
0 0.985742 0.770486 0.023047 0.038194
0 0.987891 0.749653 0.022656 0.027083
0 0.948438 0.749306 0.031250 0.041667
0 0.904687 0.718403 0.036719 0.035417
0 0.907617 0.696181 0.035547 0.039583
0 0.859961 0.684375 0.046484 0.059028
0 0.821094 0.620833 0.032031 0.037500
0 0.761523 0.671875 0.036328 0.042361
0 0.717773 0.638542 0.034766 0.039583
0 0.728906 0.628125 0.032031 0.036806
0 0.753516 0.621875 0.019531 0.031250
0 0.894531 0.481944 0.019531 0.037500
0 0.925586 0.415625 0.024609 0.025694
0 0.894922 0.396181 0.025781 0.031250
0 0.867578 0.445486 0.016406 0.040972
0 0.856836 0.363889 0.022266 0.029167
0 0.683594 0.394444 0.024219 0.034722
0 0.643750 0.373611 0.018750 0.029167
0 0.664648 0.347569 0.020703 0.028472
0 0.774023 0.271528 0.016797 0.022222
0 0.822070 0.209375 0.018359 0.022917
0 0.852344 0.171181 0.019531 0.032639
0 0.868164 0.178819 0.015234 0.022917
0 0.885156 0.140625 0.013281 0.021528
0 0.894727 0.151736 0.012109 0.021528
0 0.876563 0.115278 0.014844 0.022222
0 0.912109 0.084375 0.012500 0.017361
0 0.922852 0.103125 0.014453 0.020139
0 0.953320 0.080556 0.012109 0.022222
0 0.962891 0.073611 0.010937 0.015278
0 0.966211 0.019444 0.012109 0.015278
0 0.978516 0.019097 0.010156 0.014583
