2 0.794141 0.654861 0.088281 0.104167
2 0.792383 0.614236 0.116016 0.109028
2 0.832227 0.373958 0.066016 0.057639
2 0.206055 0.198611 0.042578 0.054167
2 0.204102 0.907639 0.096484 0.130556
2 0.305078 0.796181 0.075000 0.099306
1 0.481836 0.667361 0.047266 0.062500
0 0.020898 0.088542 0.017578 0.021528
0 0.053516 0.171875 0.015625 0.022917
0 0.035547 0.142014 0.017188 0.018750
0 0.122070 0.248264 0.018359 0.027083
0 0.178125 0.246875 0.017969 0.025694
0 0.174609 0.297222 0.022656 0.030556
0 0.210156 0.271181 0.019531 0.031250
0 0.287305 0.262500 0.022266 0.020833
0 0.233789 0.322917 0.020703 0.033333
0 0.245508 0.358333 0.022266 0.031944
0 0.257031 0.339236 0.028125 0.050694
0 0.284180 0.325347 0.022266 0.031250
0 0.252539 0.383681 0.023047 0.029861
0 0.283984 0.364236 0.023438 0.029861
0 0.280664 0.386111 0.022266 0.033333
0 0.302148 0.404514 0.023828 0.032639
0 0.314258 0.393056 0.023828 0.034722
0 0.309570 0.365625 0.023047 0.032639
0 0.317383 0.351042 0.023828 0.029861
0 0.339844 0.390625 0.026562 0.034028
0 0.339648 0.365625 0.023047 0.027083
0 0.360938 0.387500 0.026562 0.036111
0 0.403516 0.340972 0.033594 0.044444
0 0.285938 0.872222 0.034375 0.030556
0 0.358008 0.798264 0.037109 0.045139
0 0.436719 0.669444 0.027344 0.040278
0 0.498437 0.581944 0.025000 0.038889
0 0.493945 0.507292 0.028516 0.039583
0 0.537500 0.454861 0.025000 0.034722
0 0.535937 0.391667 0.030469 0.025000
0 0.582617 0.375347 0.023828 0.032639
0 0.614648 0.986111 0.043359 0.027778
0 0.651367 0.958333 0.033984 0.056944
0 0.716602 0.977431 0.023828 0.045139
0 0.750391 0.849306 0.036719 0.041667
0 0.636523 0.756250 0.040234 0.044444
0 0.627148 0.661806 0.035547 0.040278
0 0.988477 0.774653 0.023047 0.042361
0 0.988867 0.749653 0.022266 0.028472
0 0.948047 0.750000 0.032031 0.037500
0 0.904687 0.718403 0.035156 0.038194
0 0.908008 0.696528 0.033984 0.034722
0 0.859961 0.685417 0.043359 0.051389
0 0.820703 0.620139 0.029687 0.037500
0 0.718359 0.637500 0.036719 0.034722
0 0.729102 0.624653 0.032422 0.034028
0 0.757422 0.620833 0.025781 0.022222
0 0.894531 0.480556 0.017969 0.033333
0 0.925000 0.416667 0.019531 0.025000
0 0.895312 0.398611 0.028125 0.029167
0 0.867578 0.443750 0.014063 0.044444
0 0.856445 0.362500 0.019922 0.023611
0 0.740820 0.307986 0.019141 0.022917
0 0.662695 0.304167 0.021484 0.023611
0 0.629883 0.431944 0.023047 0.031944
0 0.648242 0.448611 0.020703 0.029167
0 0.770117 0.230556 0.016016 0.022222
0 0.750391 0.221875 0.017188 0.020139
0 0.906055 0.069097 0.012891 0.020139
0 0.950977 0.088542 0.012891 0.015972
0 0.969922 0.053819 0.008594 0.018750
