2 0.796289 0.652778 0.086328 0.097222
2 0.764844 0.592361 0.111719 0.100000
2 0.838477 0.376736 0.050391 0.039583
1 0.875391 0.169444 0.023438 0.033333
2 0.291016 0.257292 0.046094 0.059028
0 0.154883 0.168750 0.021484 0.026389
0 0.175586 0.299306 0.019922 0.025000
0 0.191602 0.307986 0.021484 0.032639
0 0.227148 0.343056 0.025391 0.031944
0 0.254492 0.364931 0.021484 0.027083
0 0.280664 0.387153 0.025391 0.031250
0 0.321094 0.420833 0.022656 0.030556
0 0.258789 0.392014 0.023047 0.027083
0 0.218359 0.309722 0.020313 0.030556
0 0.236523 0.326042 0.018359 0.029861
0 0.256836 0.336458 0.030078 0.045139
0 0.293945 0.374306 0.023828 0.034722
0 0.333594 0.411458 0.025000 0.039583
0 0.253711 0.305208 0.019141 0.027083
0 0.273438 0.318056 0.021875 0.027778
0 0.293555 0.331944 0.021484 0.029167
0 0.316406 0.352083 0.025000 0.031944
0 0.339062 0.367361 0.022656 0.026389
0 0.359961 0.387153 0.021484 0.028472
0 0.287891 0.348958 0.023438 0.029861
0 0.310742 0.368750 0.022266 0.030556
0 0.341992 0.394097 0.027734 0.034028
0 0.018359 0.975694 0.035937 0.048611
0 0.378516 0.696528 0.037500 0.048611
0 0.416211 0.692361 0.032422 0.045833
0 0.635547 0.756250 0.040625 0.047222
0 0.649805 0.960069 0.039453 0.056250
0 0.621094 0.988542 0.035937 0.022917
0 0.718750 0.973611 0.026562 0.034722
0 0.710156 0.831597 0.028125 0.047917
0 0.751172 0.852083 0.040625 0.044444
0 0.845508 0.805208 0.044922 0.050694
0 0.915234 0.913194 0.042188 0.055556
0 0.986914 0.773958 0.026172 0.042361
0 0.987695 0.750000 0.024609 0.027778
0 0.949219 0.748611 0.035156 0.034722
0 0.904687 0.717361 0.036719 0.036111
0 0.906445 0.696528 0.034766 0.038889
0 0.856641 0.682292 0.042188 0.052083
0 0.793750 0.603125 0.033594 0.043750
0 0.763086 0.671875 0.036328 0.039583
0 0.713086 0.590625 0.033203 0.032639
0 0.710156 0.631250 0.035937 0.038889
0 0.729492 0.626389 0.033203 0.038889
0 0.925195 0.415972 0.022266 0.025000
0 0.894141 0.479861 0.017188 0.031944
0 0.893945 0.397569 0.022266 0.032639
0 0.867969 0.444097 0.017188 0.046528
0 0.857227 0.362847 0.023047 0.028472
0 0.641797 0.371875 0.019531 0.029861
0 0.663086 0.348611 0.020703 0.030556
0 0.750977 0.302431 0.016797 0.024306
0 0.736719 0.244097 0.021875 0.032639
0 0.824414 0.227431 0.016016 0.024306
0 0.803125 0.187847 0.015625 0.025694
0 0.861523 0.166667 0.012891 0.023611
0 0.870508 0.126736 0.012109 0.021528
0 0.869141 0.109375 0.020313 0.028472
0 0.888477 0.093403 0.013672 0.018750
0 0.908984 0.089236 0.012500 0.017361
0 0.929297 0.098264 0.011719 0.018750
0 0.914453 0.126736 0.011719 0.017361
0 0.945703 0.073611 0.014063 0.026389
0 0.955664 0.082639 0.011328 0.018056
0 0.930664 0.053819 0.010547 0.014583
0 0.940234 0.056597 0.011719 0.015972
0 0.947852 0.034722 0.009766 0.016667
0 0.972656 0.048611 0.012500 0.015278
0 0.971875 0.062500 0.009375 0.013889
0 0.996680 0.020833 0.006641 0.016667
0 0.976367 0.019444 0.008203 0.013889
