2 0.572070 0.520139 0.075391 0.105556
2 0.831445 0.373958 0.066016 0.057639
2 0.724023 0.635764 0.061328 0.075694
2 0.763086 0.195833 0.031641 0.052778
2 0.946484 0.043056 0.014844 0.027778
2 0.276172 0.328472 0.049219 0.076389
1 0.240430 0.303472 0.037109 0.045833
1 0.176758 0.293750 0.032422 0.036111
1 0.198437 0.311806 0.024219 0.033333
1 0.902148 0.062847 0.028516 0.038194
1 0.660937 0.345833 0.029687 0.041667
2 0.917969 0.122569 0.014063 0.028472
0 0.103516 0.919444 0.039062 0.061111
0 0.381445 0.323264 0.032422 0.039583
0 0.059570 0.110069 0.013672 0.015972
0 0.014844 0.098611 0.015625 0.016667
0 0.192578 0.288542 0.022656 0.027083
0 0.212305 0.306597 0.023828 0.029861
0 0.222852 0.337153 0.020703 0.027083
0 0.233984 0.322917 0.028125 0.041667
0 0.255859 0.344792 0.023438 0.032639
0 0.245898 0.357639 0.020703 0.030556
0 0.255859 0.386458 0.023438 0.035417
0 0.267188 0.372569 0.026562 0.032639
0 0.276367 0.358333 0.024609 0.031944
0 0.297852 0.378819 0.026172 0.028472
0 0.308984 0.410417 0.024219 0.037500
0 0.321484 0.399306 0.025781 0.037500
0 0.313086 0.368750 0.023047 0.030556
0 0.333984 0.389583 0.024219 0.033333
0 0.350586 0.379514 0.026172 0.032639
0 0.324805 0.356944 0.025391 0.031944
0 0.305664 0.340278 0.011328 0.026389
0 0.299805 0.709028 0.035547 0.050000
0 0.380664 0.696528 0.033984 0.040278
0 0.395508 0.614236 0.031641 0.050694
0 0.495703 0.488194 0.034375 0.040278
0 0.513281 0.450694 0.028125 0.040278
0 0.554883 0.439236 0.033203 0.065972
0 0.617383 0.910764 0.032422 0.063194
0 0.660547 0.842361 0.029687 0.073611
0 0.635938 0.753819 0.044531 0.054861
0 0.716992 0.975000 0.035547 0.050000
0 0.748242 0.847569 0.040234 0.050694
0 0.963281 0.732639 0.040625 0.052778
0 0.904687 0.698958 0.038281 0.045139
0 0.888477 0.711458 0.033203 0.043750
0 0.882227 0.656944 0.032422 0.040278
0 0.853906 0.664236 0.032813 0.043750
0 0.836719 0.675000 0.035937 0.045833
0 0.826953 0.600694 0.030469 0.033333
0 0.822461 0.620486 0.030078 0.040972
0 0.807031 0.626736 0.037500 0.045139
0 0.792188 0.643403 0.031250 0.036806
0 0.775000 0.584722 0.035156 0.038889
0 0.756250 0.618056 0.035937 0.047222
0 0.766406 0.600000 0.034375 0.037500
0 0.894922 0.481250 0.025781 0.041667
0 0.926758 0.417014 0.026172 0.028472
0 0.894922 0.396875 0.020313 0.029861
0 0.869336 0.444097 0.022266 0.056250
0 0.857617 0.361111 0.022266 0.030556
0 0.786328 0.280556 0.017969 0.022222
0 0.806055 0.227431 0.016797 0.029861
0 0.724805 0.338194 0.021484 0.037500
0 0.705859 0.376042 0.024219 0.039583
0 0.663281 0.304861 0.021094 0.034722
0 0.683984 0.330208 0.019531 0.032639
0 0.638867 0.372917 0.023047 0.041667
0 0.628320 0.360069 0.021484 0.031250
0 0.707812 0.281597 0.028906 0.043750
0 0.755273 0.239931 0.023047 0.029861
0 0.786719 0.203819 0.017188 0.028472
0 0.804883 0.171181 0.016797 0.027083
0 0.836719 0.143403 0.016406 0.025694
0 0.864062 0.118403 0.015625 0.025694
0 0.883203 0.100000 0.014063 0.026389
0 0.908984 0.115972 0.010156 0.020833
0 0.930664 0.093056 0.010547 0.022222
0 0.938281 0.103472 0.009375 0.015278
0 0.924609 0.073264 0.012500 0.017361
0 0.921484 0.059028 0.010156 0.013889
0 0.936719 0.060069 0.012500 0.015972
0 0.959766 0.023958 0.011719 0.018750
0 0.958008 0.037847 0.011328 0.013194
