2 0.794727 0.653125 0.091016 0.097917
2 0.792969 0.614931 0.117188 0.117361
2 0.836523 0.374653 0.055859 0.046528
2 0.744531 0.312500 0.040625 0.061111
2 0.770508 0.262153 0.035547 0.049306
2 0.903125 0.089236 0.025000 0.038194
1 0.333008 0.812847 0.064453 0.096528
1 0.687695 0.274306 0.026172 0.034722
0 0.039062 0.103819 0.012500 0.014583
0 0.052344 0.100694 0.010937 0.015278
0 0.009570 0.071528 0.013672 0.022222
0 0.167969 0.293056 0.019531 0.026389
0 0.191797 0.310069 0.020313 0.031250
0 0.217578 0.310764 0.019531 0.029861
0 0.221289 0.339236 0.019141 0.025694
0 0.236523 0.327431 0.017578 0.034028
0 0.254492 0.305208 0.022266 0.025694
0 0.272070 0.318056 0.019922 0.027778
0 0.258008 0.338542 0.030859 0.047917
0 0.254883 0.366667 0.023047 0.030556
0 0.250781 0.384028 0.020313 0.030556
0 0.279883 0.386806 0.024609 0.030556
0 0.283789 0.368056 0.020703 0.033333
0 0.288477 0.349653 0.022266 0.029861
0 0.293164 0.332986 0.021484 0.031250
0 0.303711 0.403472 0.021484 0.029167
0 0.314063 0.395833 0.021875 0.034722
0 0.310547 0.367708 0.023438 0.028472
0 0.318750 0.351042 0.024219 0.027083
0 0.340430 0.368056 0.025391 0.025000
0 0.339062 0.391667 0.027344 0.030556
0 0.360938 0.386806 0.021875 0.029167
0 0.375586 0.698611 0.031641 0.037500
0 0.209570 0.955556 0.038672 0.065278
0 0.457422 0.629514 0.042969 0.059028
0 0.460547 0.671181 0.034375 0.045139
0 0.524805 0.552083 0.027734 0.040278
0 0.555273 0.560069 0.028516 0.039583
0 0.622656 0.472222 0.026562 0.031944
0 0.615820 0.985417 0.043359 0.029167
0 0.651953 0.957986 0.033594 0.056250
0 0.636133 0.755556 0.039453 0.043056
0 0.737500 0.755556 0.042188 0.052778
0 0.716211 0.977778 0.023828 0.044444
0 0.751367 0.849653 0.036328 0.040972
0 0.986719 0.774306 0.026562 0.044444
0 0.988477 0.751042 0.023047 0.028472
0 0.948828 0.749306 0.032031 0.037500
0 0.904297 0.718403 0.033594 0.036806
0 0.907813 0.697917 0.032031 0.037500
0 0.860156 0.685069 0.043750 0.053472
0 0.821680 0.621181 0.027734 0.039583
0 0.754883 0.620486 0.021484 0.024306
0 0.717383 0.639931 0.033984 0.040972
0 0.727930 0.627083 0.032422 0.036111
0 0.925391 0.415972 0.022656 0.022222
0 0.893750 0.397917 0.023438 0.029167
0 0.896094 0.481250 0.017969 0.031944
0 0.866992 0.442361 0.020703 0.041667
0 0.858398 0.365278 0.021484 0.030556
0 0.640820 0.412847 0.030078 0.047917
0 0.643359 0.372569 0.019531 0.024306
0 0.655469 0.338194 0.022656 0.029167
0 0.697852 0.380903 0.022266 0.021528
0 0.805469 0.191667 0.016406 0.026389
0 0.815820 0.164583 0.016016 0.022222
0 0.850977 0.195833 0.014453 0.022222
0 0.896680 0.132986 0.012891 0.022917
0 0.890820 0.088194 0.007422 0.015278
0 0.943359 0.079861 0.010156 0.019444
0 0.993555 0.042014 0.011328 0.015972
