2 0.794727 0.651389 0.087109 0.094444
2 0.792773 0.612847 0.119141 0.106250
2 0.832422 0.374653 0.060156 0.046528
2 0.325000 0.776389 0.089063 0.122222
2 0.425977 0.663194 0.060547 0.090278
2 0.091016 0.122569 0.028906 0.045139
1 0.155469 0.965278 0.058594 0.069444
0 0.111914 0.243750 0.018359 0.023611
0 0.130664 0.239583 0.016797 0.026389
0 0.133398 0.221528 0.020703 0.020833
0 0.155273 0.171875 0.016797 0.020139
0 0.268359 0.246528 0.024219 0.034722
0 0.242188 0.295833 0.021875 0.023611
0 0.179883 0.300000 0.023047 0.031944
0 0.221484 0.337153 0.021875 0.029861
0 0.235937 0.328125 0.019531 0.028472
0 0.266797 0.313194 0.025781 0.029167
0 0.257617 0.339236 0.031641 0.047917
0 0.254688 0.365625 0.022656 0.027083
0 0.249805 0.382986 0.022266 0.032639
0 0.279102 0.385764 0.026172 0.031250
0 0.283789 0.365972 0.020703 0.034722
0 0.292969 0.332986 0.018750 0.031250
0 0.310937 0.367708 0.023438 0.031250
0 0.317188 0.352778 0.021875 0.030556
0 0.303320 0.405556 0.023047 0.034722
0 0.312500 0.392361 0.025000 0.033333
0 0.338086 0.390278 0.028516 0.036111
0 0.339062 0.367708 0.026562 0.031250
0 0.361914 0.388194 0.024609 0.029167
0 0.366406 0.331944 0.025781 0.022222
0 0.416992 0.352083 0.021484 0.026389
0 0.526953 0.389236 0.028125 0.027083
0 0.219922 0.906597 0.037500 0.049306
0 0.239258 0.740278 0.033984 0.038889
0 0.277344 0.740278 0.035156 0.048611
0 0.251563 0.908333 0.035937 0.056944
0 0.188477 0.976389 0.037891 0.047222
0 0.344531 0.813542 0.035156 0.045139
0 0.419531 0.726389 0.030469 0.040278
0 0.518750 0.660417 0.038281 0.034722
0 0.590820 0.476389 0.021484 0.033333
0 0.613867 0.984722 0.047266 0.030556
0 0.652734 0.954861 0.036719 0.051389
0 0.715234 0.975694 0.026562 0.048611
0 0.961133 0.861111 0.039453 0.045833
0 0.988281 0.773264 0.023438 0.040972
0 0.988281 0.750347 0.023438 0.028472
0 0.948242 0.750000 0.035547 0.034722
0 0.905664 0.719097 0.037109 0.039583
0 0.909766 0.695833 0.036719 0.033333
0 0.859375 0.684722 0.045312 0.051389
0 0.819336 0.618056 0.028516 0.038889
0 0.716797 0.638889 0.035937 0.044444
0 0.729492 0.626736 0.033984 0.038194
0 0.895703 0.478125 0.021875 0.029861
0 0.925977 0.416319 0.020703 0.025694
0 0.892969 0.397569 0.025781 0.028472
0 0.869141 0.443750 0.017969 0.047222
0 0.856836 0.363889 0.025391 0.031944
0 0.661523 0.396875 0.021484 0.031250
0 0.600000 0.368403 0.025781 0.025694
0 0.671094 0.342361 0.020313 0.029167
0 0.791211 0.272569 0.017578 0.024306
0 0.794141 0.243056 0.017188 0.023611
0 0.877930 0.098958 0.018359 0.031250
0 0.893359 0.132639 0.014844 0.018056
0 0.934961 0.062500 0.009766 0.016667
0 0.984180 0.011458 0.008984 0.013194
0 0.635938 0.755903 0.042188 0.050694
0 0.751172 0.851042 0.039062 0.047917
1 0.648633 0.692014 0.051953 0.059028
