2 0.795703 0.654861 0.091406 0.097222
2 0.836523 0.374653 0.051953 0.046528
2 0.197266 0.201389 0.054688 0.069444
2 0.349414 0.793750 0.085547 0.120833
2 0.300000 0.805208 0.083594 0.127083
0 0.227930 0.895486 0.056641 0.075694
0 0.046094 0.110764 0.013281 0.018750
0 0.134180 0.176389 0.015234 0.018056
0 0.154688 0.198958 0.016406 0.021528
0 0.236133 0.258681 0.016797 0.021528
0 0.288672 0.263889 0.019531 0.027778
0 0.314844 0.299306 0.023438 0.030556
0 0.376758 0.327083 0.019922 0.025000
0 0.305078 0.343750 0.025000 0.030556
0 0.331250 0.362847 0.026562 0.038194
0 0.357617 0.383333 0.023828 0.034722
0 0.388281 0.406250 0.026562 0.034722
0 0.412695 0.426389 0.024609 0.037500
0 0.438086 0.446528 0.028516 0.037500
0 0.485742 0.408681 0.027734 0.029861
0 0.481641 0.435069 0.030469 0.029861
0 0.383594 0.426736 0.024219 0.036806
0 0.404883 0.443056 0.027734 0.038889
0 0.437695 0.471181 0.033203 0.039583
0 0.474219 0.552778 0.032813 0.044444
0 0.513477 0.556597 0.030859 0.039583
0 0.571094 0.582639 0.029687 0.040278
0 0.378320 0.695833 0.036328 0.044444
0 0.417969 0.729167 0.032031 0.044444
0 0.376758 0.728472 0.030859 0.026389
0 0.416797 0.694097 0.033594 0.043750
0 0.601562 0.537153 0.032031 0.035417
0 0.615625 0.570139 0.033594 0.034722
0 0.661719 0.601736 0.039062 0.035417
0 0.722656 0.644444 0.035937 0.038889
0 0.684961 0.558681 0.041797 0.047917
0 0.633594 0.664236 0.042188 0.053472
0 0.635547 0.754514 0.040625 0.046528
0 0.649219 0.960069 0.040625 0.056250
0 0.628516 0.988542 0.024219 0.022917
0 0.716992 0.977431 0.023047 0.045139
0 0.740234 0.789931 0.039844 0.052083
0 0.750781 0.850347 0.041406 0.045139
0 0.808789 0.803472 0.047266 0.056944
0 0.885352 0.823611 0.040234 0.056944
0 0.683008 0.398611 0.016016 0.029167
0 0.692187 0.484722 0.022656 0.037500
0 0.894336 0.479167 0.016797 0.030556
0 0.925977 0.415278 0.023828 0.022222
0 0.895117 0.399653 0.026172 0.031250
0 0.869141 0.444444 0.020313 0.041667
0 0.858594 0.362847 0.023438 0.031250
0 0.974219 0.011806 0.009375 0.015278
0 0.902148 0.092708 0.012891 0.021528
0 0.802734 0.196875 0.017969 0.021528
0 0.719727 0.250694 0.016016 0.026389
0 0.733984 0.254514 0.019531 0.028472
0 0.682227 0.278472 0.017578 0.023611
0 0.697656 0.286806 0.021875 0.030556
0 0.662500 0.305556 0.017188 0.027778
0 0.679492 0.308333 0.019141 0.027778
0 0.696094 0.311458 0.022656 0.035417
0 0.660937 0.328819 0.016406 0.024306
0 0.678906 0.331250 0.017969 0.029167
0 0.623828 0.338542 0.028125 0.049306
0 0.635742 0.351042 0.026172 0.039583
0 0.660156 0.352431 0.019531 0.031250
0 0.643164 0.371875 0.023047 0.029861
