2 0.792383 0.613542 0.118359 0.117361
2 0.831836 0.370486 0.066797 0.054861
2 0.763086 0.200347 0.035547 0.057639
2 0.121680 0.961111 0.105078 0.077778
2 0.231055 0.868056 0.076172 0.104167
1 0.346875 0.805556 0.049219 0.077778
1 0.759375 0.335069 0.028125 0.049306
1 0.637500 0.320139 0.042969 0.059722
1 0.585938 0.397917 0.039844 0.062500
1 0.718555 0.246528 0.026172 0.041667
1 0.909570 0.717014 0.049609 0.059028
0 0.088477 0.206944 0.017578 0.027778
0 0.191016 0.980556 0.035156 0.036111
0 0.301758 0.404861 0.026172 0.033333
0 0.360352 0.386111 0.026172 0.030556
0 0.232227 0.931944 0.039453 0.027778
0 0.293359 0.864236 0.038281 0.042361
0 0.288672 0.834375 0.035156 0.043750
0 0.324023 0.787847 0.030859 0.046528
0 0.364453 0.748958 0.032031 0.043750
0 0.384375 0.767014 0.030469 0.040972
0 0.401367 0.710417 0.031641 0.044444
0 0.415625 0.731250 0.032031 0.045833
0 0.543164 0.981944 0.044141 0.036111
0 0.614844 0.986458 0.041406 0.027083
0 0.716602 0.976389 0.024609 0.047222
0 0.750977 0.852431 0.037891 0.047917
0 0.758594 0.767014 0.035156 0.047917
0 0.953320 0.797917 0.036328 0.047222
0 0.983008 0.758681 0.033984 0.042361
0 0.620117 0.913889 0.027734 0.066667
0 0.654883 0.850694 0.034766 0.069444
0 0.680664 0.803125 0.018359 0.059028
0 0.672852 0.726042 0.033984 0.053472
0 0.636719 0.756944 0.038281 0.050000
0 0.586914 0.566667 0.026953 0.050000
0 0.537109 0.460417 0.024219 0.034722
0 0.540625 0.428819 0.016406 0.028472
0 0.640625 0.379514 0.022656 0.032639
0 0.641016 0.347917 0.021875 0.029167
0 0.671289 0.318750 0.022266 0.034722
0 0.670117 0.294792 0.018359 0.027083
0 0.693945 0.275000 0.020703 0.025000
0 0.695508 0.292361 0.017578 0.027778
0 0.714063 0.294444 0.019531 0.027778
0 0.721484 0.265972 0.016406 0.025000
0 0.737109 0.231597 0.014844 0.025694
0 0.770703 0.232986 0.013281 0.021528
0 0.793945 0.200347 0.017578 0.029861
0 0.784766 0.191319 0.011719 0.021528
0 0.795703 0.179167 0.014063 0.019444
0 0.820508 0.175000 0.014453 0.018056
0 0.832227 0.142014 0.017578 0.025694
0 0.845703 0.150000 0.013281 0.019444
0 0.848633 0.133681 0.015234 0.017361
0 0.859180 0.120833 0.014453 0.020833
0 0.810937 0.227778 0.018750 0.022222
0 0.786719 0.339236 0.019531 0.032639
0 0.857812 0.364236 0.024219 0.027083
0 0.829102 0.392014 0.027734 0.025694
0 0.866602 0.445139 0.012891 0.043056
0 0.895117 0.478819 0.018359 0.031250
0 0.925000 0.416667 0.022656 0.030556
0 0.895312 0.400000 0.025000 0.029167
0 0.921484 0.075000 0.011719 0.016667
0 0.949219 0.087500 0.010937 0.016667
0 0.760547 0.625000 0.036719 0.041667
0 0.832422 0.678472 0.035937 0.038889
0 0.821875 0.621528 0.035937 0.048611
0 0.732422 0.534722 0.033594 0.036111
