1 0.875586 0.658333 0.076172 0.080556
1 0.900781 0.711806 0.061719 0.069444
1 0.228320 0.896181 0.057422 0.074306
1 0.622266 0.342361 0.028906 0.058333
2 0.890430 0.150694 0.026172 0.041667
2 0.481445 0.518403 0.085547 0.072917
2 0.358008 0.781250 0.086328 0.122222
2 0.313867 0.790278 0.081641 0.120833
2 0.932031 0.495139 0.038281 0.052778
0 0.154297 0.227431 0.021094 0.031250
0 0.097070 0.228819 0.015234 0.020139
0 0.211914 0.305903 0.026172 0.035417
0 0.260742 0.329861 0.022266 0.034722
0 0.272852 0.321181 0.024609 0.034028
0 0.322461 0.361458 0.024609 0.031250
0 0.319336 0.397222 0.022266 0.030556
0 0.298438 0.403472 0.023438 0.031944
0 0.279883 0.413194 0.026953 0.033333
0 0.043164 0.982292 0.035547 0.035417
0 0.155664 0.978472 0.045703 0.043056
0 0.284180 0.880208 0.034766 0.035417
0 0.421680 0.600694 0.031641 0.044444
0 0.378516 0.694097 0.036719 0.045139
0 0.416992 0.693056 0.033984 0.045833
0 0.418164 0.728819 0.033203 0.040972
0 0.378320 0.724653 0.028516 0.022917
0 0.716992 0.976042 0.023828 0.047917
0 0.626367 0.989583 0.023828 0.020833
0 0.648828 0.961806 0.039844 0.051389
0 0.636328 0.756597 0.039844 0.053472
0 0.751367 0.851736 0.036328 0.040972
0 0.907227 0.653472 0.030859 0.036111
0 0.819727 0.601736 0.034766 0.036806
0 0.806836 0.627778 0.037109 0.037500
0 0.802539 0.652083 0.030859 0.038889
0 0.753125 0.618403 0.037500 0.036806
0 0.761719 0.600694 0.037500 0.034722
0 0.744336 0.544097 0.033984 0.035417
0 0.925977 0.416319 0.023828 0.028472
0 0.894531 0.398611 0.028125 0.029167
0 0.857031 0.362153 0.021875 0.025694
0 0.847266 0.373611 0.031250 0.030556
0 0.867969 0.444792 0.017188 0.045139
0 0.894922 0.479514 0.018750 0.029861
0 0.952930 0.072222 0.012891 0.020833
0 0.930664 0.064931 0.015234 0.020139
0 0.894922 0.088542 0.014063 0.021528
0 0.800781 0.235069 0.016406 0.022917
0 0.788281 0.272222 0.021875 0.023611
0 0.754883 0.288542 0.020703 0.022917
0 0.739258 0.332292 0.017578 0.027083
0 0.700195 0.351389 0.021484 0.027778
0 0.664453 0.417708 0.026562 0.028472
0 0.651758 0.398958 0.021484 0.021528
0 0.613086 0.441319 0.033984 0.032639
0 0.549609 0.451736 0.037500 0.029861
0 0.745508 0.239931 0.019141 0.025694
0 0.753711 0.252083 0.016016 0.022222
0 0.728125 0.257639 0.018750 0.025000
0 0.732422 0.273264 0.016406 0.024306
0 0.702930 0.264931 0.018359 0.024306
0 0.711914 0.276042 0.016016 0.027083
0 0.720313 0.292014 0.017188 0.027083
0 0.687695 0.282639 0.017578 0.026389
0 0.697656 0.287847 0.017969 0.027083
0 0.695508 0.311111 0.019141 0.037500
0 0.668750 0.293403 0.017188 0.024306
0 0.678711 0.310069 0.019141 0.025694
0 0.679688 0.332639 0.021094 0.027778
0 0.657813 0.309028 0.017969 0.023611
0 0.663281 0.328125 0.018750 0.024306
0 0.660352 0.352083 0.021484 0.027778
0 0.642188 0.373611 0.021094 0.029167
0 0.634961 0.350000 0.023828 0.040278
