1 0.497656 0.586458 0.078906 0.092361
2 0.880273 0.648264 0.081641 0.097917
2 0.943945 0.657292 0.076953 0.099306
2 0.705078 0.492014 0.064062 0.082639
2 0.696680 0.363194 0.045703 0.102778
2 0.827148 0.369792 0.076172 0.056250
2 0.344531 0.382986 0.059375 0.085417
1 0.291016 0.347569 0.039844 0.064583
1 0.672070 0.285417 0.041016 0.062500
1 0.646875 0.330903 0.033594 0.057639
1 0.944531 0.039931 0.014844 0.024306
0 0.006641 0.117361 0.009375 0.023611
0 0.039062 0.160764 0.012500 0.020139
0 0.038477 0.145139 0.011328 0.011111
0 0.112109 0.198958 0.018750 0.025694
0 0.184375 0.252431 0.019531 0.022917
0 0.154492 0.259722 0.015234 0.023611
0 0.192578 0.293750 0.021875 0.029167
0 0.239648 0.257639 0.020703 0.027778
0 0.264062 0.247222 0.022656 0.030556
0 0.234375 0.292708 0.024219 0.027083
0 0.264062 0.309375 0.022656 0.031250
0 0.247852 0.335764 0.020703 0.029861
1 0.235547 0.348958 0.032813 0.049306
1 0.307812 0.404167 0.032031 0.041667
0 0.356641 0.427431 0.037500 0.049306
0 0.351172 0.312500 0.023438 0.030556
0 0.345898 0.291667 0.025391 0.026389
0 0.476562 0.398958 0.032031 0.038194
0 0.388672 0.475347 0.030469 0.040972
0 0.409375 0.448958 0.025781 0.036806
0 0.418945 0.435069 0.025391 0.038194
0 0.435742 0.464931 0.030859 0.036806
0 0.436914 0.492708 0.034766 0.036806
0 0.452344 0.528125 0.028906 0.038194
0 0.513281 0.453472 0.025781 0.030556
0 0.519727 0.409722 0.023828 0.030556
0 0.378320 0.695139 0.034766 0.045833
0 0.542773 0.983681 0.051953 0.032639
0 0.616406 0.986458 0.046094 0.027083
0 0.652148 0.955556 0.031641 0.052778
0 0.721094 0.979514 0.037500 0.040972
0 0.624219 0.903472 0.032813 0.063889
0 0.749609 0.848958 0.039062 0.047917
0 0.809375 0.775694 0.038281 0.047222
0 0.721094 0.775000 0.040625 0.052778
0 0.697656 0.711458 0.038281 0.049306
0 0.635352 0.755208 0.038672 0.056250
0 0.850000 0.686458 0.036719 0.047917
0 0.852734 0.736458 0.038281 0.038194
0 0.912891 0.727083 0.022656 0.029167
0 0.809570 0.704167 0.036328 0.041667
0 0.805273 0.632639 0.036328 0.037500
0 0.838672 0.610764 0.020313 0.024306
0 0.748828 0.661806 0.040625 0.048611
0 0.744336 0.611806 0.033203 0.036111
0 0.767969 0.565625 0.031250 0.036806
0 0.685742 0.568403 0.030859 0.031250
0 0.693750 0.554514 0.032813 0.036806
0 0.720508 0.550347 0.030859 0.038194
2 0.685352 0.611806 0.062891 0.073611
0 0.642969 0.562153 0.025781 0.032639
0 0.600781 0.528125 0.033594 0.042361
0 0.616211 0.518750 0.029297 0.034722
0 0.638672 0.494444 0.032031 0.033333
0 0.584570 0.477431 0.033984 0.031250
0 0.555078 0.609028 0.035156 0.045833
0 0.562109 0.578819 0.035156 0.043750
0 0.949219 0.728472 0.035937 0.043056
0 0.894727 0.479514 0.019141 0.036806
0 0.925781 0.416667 0.021875 0.027778
0 0.893555 0.399306 0.024609 0.029167
0 0.867188 0.444444 0.017188 0.048611
0 0.856445 0.359375 0.024609 0.032639
0 0.608008 0.360417 0.013672 0.027778
0 0.621875 0.369444 0.018750 0.031944
0 0.638672 0.373958 0.023438 0.046528
0 0.622852 0.337153 0.020703 0.032639
1 0.661523 0.349306 0.030078 0.052778
0 0.684180 0.332639 0.019922 0.027778
0 0.705859 0.300347 0.021875 0.031250
0 0.724609 0.287847 0.020313 0.029861
0 0.740039 0.265278 0.018359 0.030556
0 0.715625 0.251736 0.022656 0.032639
0 0.778906 0.197569 0.016406 0.027083
0 0.916211 0.067708 0.011328 0.020139
0 0.926953 0.073264 0.009375 0.020139
