2 0.846875 0.600347 0.083594 0.088194
2 0.692383 0.522917 0.076172 0.087500
2 0.678125 0.425347 0.043750 0.090972
2 0.753711 0.288542 0.046484 0.089583
2 0.827344 0.370486 0.068750 0.071528
2 0.362695 0.399653 0.064453 0.089583
2 0.675586 0.598611 0.066797 0.068056
2 0.703711 0.742361 0.091016 0.120833
1 0.314258 0.363194 0.045703 0.059722
1 0.325195 0.421875 0.037109 0.045139
1 0.661719 0.344097 0.025781 0.040972
1 0.648633 0.329167 0.035547 0.054167
1 0.653711 0.303819 0.041797 0.056250
1 0.901172 0.081250 0.019531 0.034722
0 0.041406 0.164583 0.013281 0.023611
0 0.086328 0.178472 0.017969 0.025000
0 0.105859 0.205556 0.014844 0.022222
0 0.109961 0.225000 0.018359 0.023611
0 0.169141 0.240625 0.025781 0.029861
0 0.203516 0.265625 0.024219 0.031250
0 0.196484 0.297222 0.022656 0.033333
0 0.120313 0.147222 0.014063 0.022222
0 0.109375 0.166667 0.011719 0.019444
0 0.186133 0.184028 0.018359 0.022222
0 0.212891 0.215625 0.020313 0.027083
0 0.244141 0.297569 0.023438 0.032639
0 0.243555 0.334722 0.023047 0.031944
0 0.280664 0.322569 0.026172 0.032639
0 0.326367 0.294097 0.025391 0.031250
0 0.336328 0.283333 0.020313 0.023611
0 0.357031 0.344444 0.019531 0.025000
0 0.415820 0.360069 0.025391 0.031250
0 0.433398 0.350000 0.025391 0.029167
0 0.466602 0.420486 0.028516 0.034028
0 0.441406 0.447917 0.027344 0.030556
0 0.400977 0.415972 0.022266 0.031944
0 0.367578 0.440278 0.032031 0.034722
0 0.409570 0.448264 0.026172 0.038194
0 0.436328 0.468056 0.025781 0.034722
0 0.512500 0.430556 0.034375 0.031944
0 0.528711 0.414236 0.027734 0.028472
0 0.526953 0.463194 0.033594 0.029167
0 0.437500 0.517361 0.038281 0.045833
0 0.378320 0.698958 0.037109 0.047917
0 0.260156 0.906250 0.031250 0.040278
0 0.537109 0.553125 0.044531 0.059028
0 0.577148 0.489236 0.030078 0.036806
0 0.599023 0.524653 0.037891 0.052083
0 0.581836 0.627778 0.035547 0.055556
0 0.540625 0.983681 0.053125 0.032639
0 0.618750 0.908333 0.030469 0.059722
0 0.615820 0.984722 0.041016 0.030556
0 0.652734 0.956944 0.032813 0.058333
0 0.717969 0.977431 0.029687 0.045139
0 0.750977 0.849306 0.036328 0.051389
0 0.841406 0.825347 0.043750 0.050694
0 0.881445 0.802431 0.037891 0.052083
0 0.683984 0.695486 0.035937 0.032639
0 0.675000 0.658681 0.035937 0.043750
0 0.637305 0.757986 0.037109 0.050694
0 0.747461 0.661458 0.041016 0.053472
0 0.756055 0.619444 0.040234 0.038889
0 0.790820 0.689236 0.033984 0.035417
0 0.826953 0.716319 0.039844 0.042361
0 0.855664 0.710069 0.033984 0.050694
0 0.874609 0.698958 0.039062 0.047917
0 0.938477 0.717708 0.039453 0.047917
0 0.843359 0.657986 0.038281 0.035417
0 0.769141 0.568056 0.032813 0.034722
0 0.894922 0.478819 0.019531 0.035417
0 0.925781 0.414236 0.021875 0.028472
0 0.895312 0.396528 0.024219 0.030556
0 0.870703 0.441319 0.018750 0.043750
0 0.857422 0.358333 0.018750 0.027778
0 0.644922 0.523264 0.029687 0.038194
0 0.621484 0.371875 0.017188 0.029861
0 0.640820 0.374306 0.021484 0.040278
0 0.607422 0.359375 0.012500 0.028472
0 0.623437 0.339236 0.017969 0.036806
0 0.682227 0.330208 0.017578 0.025694
0 0.681055 0.284375 0.017578 0.029861
0 0.706250 0.301389 0.022656 0.034722
0 0.725781 0.285069 0.017969 0.031250
0 0.738086 0.268056 0.016016 0.029167
0 0.724219 0.246181 0.015625 0.025694
0 0.852148 0.143750 0.014453 0.022222
0 0.868555 0.111458 0.010547 0.020139
0 0.938477 0.058681 0.012109 0.017361
