2 0.791992 0.615972 0.120703 0.119444
2 0.829102 0.369444 0.066797 0.043056
2 0.762305 0.202431 0.037109 0.056250
2 0.231445 0.879167 0.075391 0.102778
2 0.123242 0.961111 0.101953 0.077778
0 0.303125 0.407639 0.025000 0.036111
0 0.359570 0.387153 0.027734 0.038194
0 0.192383 0.977778 0.037109 0.044444
0 0.232813 0.931250 0.042188 0.036111
0 0.288867 0.833333 0.032422 0.041667
0 0.295508 0.865625 0.037891 0.039583
0 0.325391 0.790278 0.034375 0.047222
1 0.346289 0.804861 0.044922 0.069444
0 0.365039 0.749306 0.033203 0.041667
0 0.384570 0.765972 0.033203 0.043056
0 0.400391 0.708681 0.034375 0.043750
0 0.415820 0.729167 0.030078 0.038889
0 0.594531 0.624306 0.025781 0.047222
0 0.577930 0.476389 0.018359 0.044444
0 0.578711 0.417014 0.026172 0.034028
0 0.576758 0.393056 0.018359 0.027778
0 0.542773 0.980556 0.041016 0.033333
0 0.614648 0.985069 0.047266 0.029861
0 0.716406 0.976389 0.024219 0.047222
0 0.651758 0.956944 0.033203 0.062500
0 0.619336 0.913194 0.026172 0.062500
0 0.655078 0.848264 0.032813 0.067361
0 0.681641 0.801389 0.018750 0.054167
0 0.750586 0.848958 0.041016 0.047917
0 0.974609 0.761458 0.045312 0.061806
0 0.883203 0.707292 0.039062 0.042361
0 0.635742 0.755556 0.037891 0.047222
0 0.658984 0.681597 0.032813 0.056250
1 0.617773 0.362847 0.034766 0.057639
1 0.649609 0.301736 0.040625 0.052083
1 0.718164 0.244792 0.023828 0.038194
0 0.660352 0.329167 0.017578 0.030556
0 0.685547 0.332986 0.020313 0.031250
0 0.685547 0.303819 0.018750 0.027083
0 0.676953 0.288889 0.017188 0.023611
0 0.695703 0.274306 0.019531 0.027778
0 0.700781 0.284375 0.019531 0.028472
0 0.728906 0.258681 0.016406 0.025694
0 0.736133 0.230556 0.014453 0.023611
0 0.748828 0.256597 0.017188 0.025694
0 0.797266 0.201736 0.015625 0.020139
0 0.785352 0.190278 0.014453 0.023611
0 0.797266 0.178472 0.013281 0.018056
0 0.811523 0.178472 0.015234 0.031944
0 0.836133 0.139236 0.015234 0.022917
0 0.838281 0.160069 0.011719 0.018750
0 0.854297 0.144444 0.010156 0.016667
0 0.848633 0.133681 0.011328 0.020139
0 0.862891 0.118056 0.013281 0.015278
0 0.923633 0.118750 0.012891 0.016667
0 0.765430 0.283333 0.019141 0.020833
0 0.859375 0.363542 0.022656 0.027083
0 0.895703 0.481597 0.017188 0.029861
0 0.819922 0.618750 0.033594 0.037500
0 0.803320 0.587500 0.029297 0.036111
0 0.924219 0.416667 0.022656 0.023611
0 0.893164 0.397917 0.026953 0.029167
0 0.868750 0.446875 0.016406 0.043750
0 0.856836 0.404861 0.029297 0.026389
0 0.790039 0.339931 0.015234 0.027083
1 0.782617 0.365625 0.033984 0.045139
0 0.949414 0.046875 0.011328 0.017361
0 0.990625 0.030556 0.009375 0.018056
