2 0.791602 0.616319 0.114453 0.109028
2 0.830078 0.369444 0.063281 0.052778
2 0.747266 0.215972 0.039062 0.066667
2 0.231055 0.875694 0.076172 0.093056
2 0.121289 0.965278 0.104297 0.069444
1 0.489258 0.389583 0.069922 0.059722
1 0.326367 0.681597 0.056641 0.090972
1 0.665820 0.297917 0.026953 0.051389
1 0.758594 0.548264 0.053906 0.059028
1 0.807813 0.222569 0.020313 0.042361
1 0.344922 0.802778 0.043750 0.069444
0 0.858398 0.687153 0.045703 0.063194
0 0.248438 0.338889 0.023438 0.036111
0 0.303320 0.403819 0.020703 0.031250
0 0.361328 0.390278 0.028125 0.036111
0 0.193164 0.795139 0.024609 0.038889
0 0.208789 0.816667 0.034766 0.045833
0 0.288281 0.835417 0.034375 0.043056
0 0.190820 0.979514 0.036328 0.040972
0 0.232422 0.934722 0.042969 0.033333
0 0.293945 0.863542 0.039453 0.039583
0 0.323828 0.788542 0.031250 0.043750
0 0.364258 0.751389 0.031641 0.037500
0 0.384570 0.767014 0.030859 0.040972
0 0.401953 0.711806 0.031250 0.044444
0 0.416211 0.729861 0.030859 0.040278
0 0.454102 0.542014 0.030859 0.040972
0 0.507617 0.487153 0.024609 0.047917
0 0.535742 0.455208 0.024609 0.038194
0 0.589063 0.519792 0.018750 0.043750
0 0.562305 0.383333 0.026953 0.025000
0 0.588477 0.403819 0.021484 0.031250
0 0.593164 0.443403 0.016797 0.032639
0 0.539258 0.984722 0.037891 0.030556
0 0.616797 0.985764 0.043750 0.028472
0 0.619336 0.914236 0.029297 0.067361
0 0.716016 0.977778 0.021875 0.044444
0 0.750000 0.851389 0.035937 0.045833
0 0.652344 0.957986 0.032031 0.056250
0 0.653516 0.847222 0.032813 0.065278
0 0.680078 0.802431 0.019531 0.056250
0 0.636133 0.757639 0.037109 0.051389
0 0.708594 0.702083 0.039844 0.050000
0 0.717969 0.639236 0.033594 0.043750
0 0.950391 0.753125 0.035937 0.035417
0 0.982227 0.746528 0.035547 0.040278
0 0.994531 0.780208 0.010937 0.031250
0 0.918359 0.662500 0.039844 0.040278
0 0.812500 0.661111 0.035937 0.036111
0 0.820508 0.620833 0.030859 0.036111
0 0.760352 0.624306 0.033984 0.029167
0 0.764453 0.654861 0.039844 0.040278
0 0.895117 0.481944 0.018359 0.033333
0 0.927148 0.418750 0.023047 0.026389
0 0.894336 0.399306 0.029297 0.029167
0 0.869531 0.447569 0.016406 0.049306
0 0.859375 0.364931 0.024219 0.029861
0 0.791016 0.339931 0.017188 0.031250
0 0.760742 0.328125 0.014453 0.025694
0 0.769336 0.290625 0.017578 0.027083
0 0.667188 0.350694 0.020313 0.029167
0 0.652344 0.336458 0.027344 0.040972
0 0.610742 0.355903 0.026953 0.029861
0 0.698242 0.270486 0.017578 0.031250
0 0.715430 0.273264 0.018359 0.025694
0 0.771094 0.232292 0.018750 0.024306
0 0.780273 0.198611 0.016016 0.025000
0 0.793555 0.184028 0.018359 0.025000
0 0.811523 0.164583 0.019922 0.030556
0 0.825977 0.153125 0.015234 0.021528
0 0.838281 0.143403 0.015625 0.021528
0 0.920508 0.065972 0.012891 0.019444
0 0.950781 0.075000 0.014063 0.016667
