2 0.396680 0.427431 0.066797 0.092361
2 0.792773 0.620139 0.119141 0.130556
2 0.828711 0.374306 0.075391 0.055556
2 0.469727 0.561111 0.069922 0.050000
1 0.258984 0.898611 0.050000 0.069444
1 0.340039 0.387500 0.050391 0.066667
1 0.653320 0.302431 0.044922 0.050694
1 0.648242 0.328125 0.034766 0.056250
1 0.661328 0.349653 0.030469 0.049306
2 0.883984 0.094097 0.028125 0.050694
2 0.966797 0.065278 0.025781 0.036111
0 0.009375 0.074306 0.012500 0.020833
0 0.040430 0.091667 0.010547 0.016667
0 0.043555 0.109722 0.013672 0.019444
0 0.054883 0.104514 0.013672 0.017361
0 0.071094 0.171875 0.015625 0.027083
0 0.108203 0.152431 0.019531 0.025694
0 0.237500 0.292708 0.021094 0.028472
0 0.263672 0.311111 0.021094 0.030556
0 0.288867 0.334028 0.021484 0.025000
0 0.298242 0.360764 0.020703 0.028472
0 0.479883 0.456250 0.031641 0.029167
0 0.469531 0.482986 0.034375 0.036806
0 0.398828 0.579167 0.042188 0.055556
0 0.378516 0.699306 0.035937 0.037500
0 0.395508 0.712153 0.033984 0.043750
0 0.415430 0.729514 0.034766 0.043750
0 0.363477 0.748611 0.031641 0.040278
0 0.384570 0.770833 0.036328 0.047222
0 0.530859 0.484028 0.038281 0.031944
0 0.532227 0.527778 0.032422 0.030556
0 0.584375 0.452778 0.034375 0.038889
0 0.620898 0.586111 0.042578 0.034722
0 0.641797 0.560417 0.036719 0.037500
0 0.689844 0.598264 0.036719 0.049306
0 0.637305 0.755208 0.044141 0.050694
0 0.544336 0.981944 0.047266 0.036111
0 0.617773 0.985764 0.050391 0.028472
0 0.619727 0.909028 0.028516 0.066667
0 0.651172 0.955208 0.035937 0.054861
0 0.718945 0.975694 0.030078 0.048611
0 0.751563 0.848958 0.041406 0.050694
0 0.746680 0.657639 0.033203 0.037500
0 0.801953 0.704514 0.042969 0.050694
0 0.867188 0.632639 0.033594 0.045833
0 0.894141 0.479167 0.020313 0.037500
0 0.925781 0.418056 0.021875 0.030556
0 0.894336 0.397222 0.029297 0.031944
0 0.867969 0.447569 0.021875 0.040972
0 0.856445 0.363889 0.023828 0.040278
0 0.638086 0.373611 0.023047 0.040278
0 0.623047 0.369444 0.023438 0.031944
0 0.609766 0.359722 0.018750 0.033333
0 0.623828 0.342361 0.020313 0.033333
0 0.684766 0.328472 0.018750 0.030556
0 0.671094 0.315972 0.015625 0.026389
0 0.678320 0.288194 0.018359 0.029167
0 0.698242 0.269444 0.014453 0.026389
0 0.708789 0.275347 0.017578 0.028472
0 0.705859 0.301389 0.021875 0.037500
0 0.722656 0.287847 0.017969 0.027083
0 0.736914 0.268750 0.018359 0.027778
1 0.716602 0.243056 0.025391 0.041667
0 0.757812 0.249306 0.019531 0.029167
0 0.769141 0.234028 0.016406 0.027778
0 0.783789 0.214583 0.014453 0.026389
0 0.761328 0.210417 0.017188 0.029167
0 0.782813 0.195139 0.014844 0.022222
0 0.800391 0.195833 0.015625 0.023611
0 0.849609 0.151736 0.016406 0.029861
0 0.907227 0.091667 0.011328 0.018056
0 0.915039 0.069097 0.013672 0.024306
0 0.941992 0.085069 0.018359 0.024306
