2 0.792969 0.612153 0.121094 0.117361
2 0.209766 0.902083 0.082031 0.102778
2 0.831055 0.371528 0.065234 0.059722
2 0.766797 0.196181 0.037500 0.056250
2 0.918945 0.122569 0.021484 0.040972
1 0.659961 0.347222 0.026172 0.044444
1 0.789258 0.270486 0.031641 0.049306
1 0.716992 0.244097 0.026953 0.039583
1 0.651172 0.299653 0.043750 0.047917
1 0.648242 0.332292 0.036328 0.057639
1 0.344141 0.801389 0.049219 0.069444
0 0.186914 0.983333 0.037891 0.033333
0 0.230664 0.933333 0.040234 0.036111
0 0.361328 0.389583 0.028125 0.036111
0 0.287305 0.834028 0.036328 0.043056
0 0.292969 0.863889 0.038281 0.043056
0 0.324023 0.788194 0.031641 0.036111
0 0.364258 0.748958 0.031641 0.038194
0 0.383789 0.770833 0.031641 0.041667
0 0.415820 0.727778 0.036328 0.044444
0 0.394336 0.712153 0.030859 0.039583
0 0.377734 0.695139 0.034375 0.043056
0 0.750000 0.850000 0.042969 0.051389
0 0.715625 0.974306 0.028125 0.051389
0 0.541797 0.983333 0.040625 0.033333
0 0.615234 0.983333 0.046875 0.033333
0 0.652344 0.958333 0.035156 0.069444
0 0.620313 0.911458 0.028906 0.064583
0 0.653711 0.846528 0.036328 0.070833
0 0.682617 0.795486 0.023047 0.061806
0 0.635352 0.755903 0.041797 0.064583
0 0.823242 0.625000 0.036328 0.051389
0 0.893945 0.478472 0.019141 0.034722
0 0.925000 0.417014 0.022656 0.022917
0 0.894336 0.398611 0.025391 0.030556
0 0.868164 0.443056 0.016797 0.045833
0 0.857617 0.363889 0.020703 0.029167
0 0.677539 0.441667 0.012891 0.041667
0 0.613867 0.457986 0.030859 0.031250
0 0.616016 0.436806 0.032031 0.023611
0 0.686914 0.376389 0.023828 0.034722
0 0.719141 0.329167 0.017188 0.029167
0 0.790430 0.342014 0.015234 0.035417
0 0.638672 0.372569 0.025000 0.040972
0 0.622656 0.370139 0.021094 0.033333
0 0.608008 0.360069 0.016797 0.028472
0 0.624414 0.339583 0.023047 0.037500
0 0.683789 0.329514 0.019922 0.029861
0 0.672070 0.316667 0.016797 0.026389
0 0.677930 0.287847 0.019141 0.027083
0 0.687109 0.301389 0.017969 0.030556
0 0.705859 0.301389 0.018750 0.034722
0 0.724023 0.288542 0.016016 0.031250
0 0.705859 0.280556 0.021875 0.026389
0 0.697266 0.269444 0.016406 0.023611
0 0.738281 0.270833 0.016406 0.027778
0 0.753320 0.254861 0.014453 0.025000
0 0.737891 0.248264 0.017188 0.021528
0 0.735547 0.229861 0.017969 0.023611
0 0.770703 0.230903 0.017969 0.027083
0 0.810156 0.225000 0.015625 0.025000
0 0.832227 0.200347 0.010547 0.018750
0 0.852734 0.175347 0.014063 0.018750
0 0.852148 0.200347 0.013672 0.020139
0 0.898438 0.128472 0.013281 0.020833
0 0.869531 0.130208 0.014063 0.020139
1 0.855469 0.120833 0.016406 0.033333
0 0.788672 0.188889 0.012500 0.023611
0 0.799609 0.193750 0.010937 0.023611
0 0.814258 0.186111 0.012109 0.022222
0 0.826172 0.171528 0.016406 0.020833
0 0.833594 0.156944 0.015625 0.027778
0 0.824805 0.150000 0.011328 0.019444
0 0.914453 0.078472 0.011719 0.020833
0 0.968359 0.028472 0.008594 0.015278
