2 0.284180 0.340972 0.057422 0.077778
2 0.647656 0.326736 0.033594 0.053472
2 0.809570 0.580556 0.083984 0.087500
2 0.707812 0.627431 0.062500 0.072917
2 0.691016 0.484375 0.088281 0.117361
2 0.826758 0.370486 0.075391 0.057639
1 0.245508 0.309375 0.037891 0.047917
1 0.178125 0.298611 0.029687 0.033333
1 0.211914 0.329167 0.026953 0.037500
1 0.767383 0.202431 0.030859 0.039583
1 0.659961 0.348264 0.026172 0.053472
0 0.069727 0.191667 0.019141 0.022222
0 0.110156 0.196528 0.017188 0.022222
0 0.175781 0.201389 0.022656 0.022222
0 0.022266 0.093056 0.013281 0.012500
2 0.028125 0.078125 0.022656 0.029861
0 0.167383 0.268403 0.017578 0.021528
0 0.193750 0.293403 0.021875 0.031250
0 0.226562 0.281944 0.023438 0.023611
0 0.219922 0.312153 0.019531 0.029861
0 0.242383 0.329167 0.029297 0.040278
0 0.244922 0.357639 0.021094 0.033333
0 0.265430 0.353472 0.022266 0.029167
0 0.304297 0.382639 0.027344 0.027778
1 0.273438 0.399306 0.050781 0.069444
0 0.309766 0.404861 0.018750 0.031944
0 0.329492 0.362847 0.023828 0.031250
0 0.351172 0.378472 0.023438 0.029167
0 0.340820 0.395486 0.026172 0.032639
0 0.374609 0.486806 0.026562 0.037500
0 0.383008 0.425347 0.026953 0.034028
0 0.388086 0.450694 0.027734 0.033333
0 0.402148 0.484722 0.029297 0.037500
0 0.457617 0.508681 0.028516 0.036806
0 0.378906 0.697222 0.034375 0.041667
0 0.562109 0.481597 0.028125 0.036806
0 0.582227 0.463542 0.031641 0.039583
0 0.628711 0.511458 0.031641 0.040972
0 0.677148 0.524653 0.032422 0.043750
0 0.732812 0.578472 0.037500 0.041667
0 0.670898 0.576042 0.033984 0.040972
0 0.604688 0.934028 0.037500 0.059722
0 0.635742 0.757639 0.041797 0.050000
0 0.660937 0.844444 0.028125 0.063889
0 0.651758 0.957986 0.034766 0.056250
0 0.616016 0.986111 0.046094 0.027778
0 0.715625 0.978472 0.025781 0.043056
0 0.750195 0.849306 0.037891 0.054167
0 0.996094 0.784375 0.007812 0.032639
0 0.882031 0.754167 0.037500 0.036111
0 0.985352 0.702431 0.029297 0.038194
0 0.959180 0.730903 0.034766 0.038194
0 0.964844 0.760417 0.035156 0.040278
0 0.929492 0.737153 0.034766 0.040972
0 0.933008 0.693750 0.033203 0.048611
0 0.900000 0.695139 0.039062 0.047222
0 0.877539 0.659028 0.033984 0.040278
0 0.892188 0.642361 0.032031 0.034722
0 0.861133 0.691667 0.032422 0.044444
0 0.838672 0.722917 0.036719 0.040278
0 0.795312 0.692014 0.039062 0.046528
0 0.811133 0.656250 0.035547 0.038889
0 0.806250 0.632986 0.033594 0.028472
0 0.803125 0.610069 0.032031 0.032639
0 0.749219 0.614236 0.033594 0.031250
0 0.749609 0.637847 0.032031 0.038194
0 0.894922 0.480208 0.018750 0.035417
0 0.866992 0.443403 0.016016 0.043750
0 0.925391 0.415972 0.021094 0.030556
0 0.890820 0.394097 0.028516 0.034028
0 0.857031 0.363889 0.021094 0.025000
0 0.608594 0.359722 0.014063 0.026389
0 0.622266 0.370833 0.017188 0.029167
0 0.640820 0.372569 0.020703 0.038194
0 0.624219 0.339931 0.020313 0.032639
0 0.684375 0.330208 0.018750 0.027083
0 0.706250 0.301389 0.021094 0.034722
0 0.735742 0.269792 0.016016 0.025694
0 0.752930 0.250694 0.016797 0.022222
0 0.807031 0.168403 0.015625 0.024306
0 0.887109 0.098611 0.013281 0.025000
0 0.928320 0.100000 0.012891 0.018056
0 0.979492 0.007292 0.005859 0.013194
