1 0.952344 0.670833 0.077344 0.086111
2 0.761719 0.630903 0.084375 0.099306
2 0.359570 0.779167 0.080078 0.113889
2 0.298633 0.806944 0.084766 0.120833
1 0.622656 0.338194 0.025781 0.050000
1 0.228320 0.894097 0.054297 0.072917
1 0.122266 0.157292 0.018750 0.028472
0 0.023047 0.082986 0.010156 0.014583
0 0.031250 0.110417 0.014844 0.019444
0 0.080859 0.117708 0.014063 0.020139
0 0.317188 0.354167 0.023438 0.030556
0 0.340625 0.370139 0.026562 0.037500
0 0.362500 0.384722 0.022656 0.036111
0 0.387109 0.406597 0.025781 0.032639
0 0.412109 0.424653 0.025781 0.032639
0 0.439063 0.446528 0.025000 0.031944
0 0.382812 0.427431 0.020313 0.038194
0 0.404297 0.444097 0.026562 0.032639
0 0.437500 0.469792 0.032031 0.039583
0 0.155664 0.977431 0.046484 0.040972
0 0.379297 0.693750 0.035937 0.040278
0 0.416602 0.693750 0.031641 0.044444
0 0.420312 0.727083 0.037500 0.037500
2 0.839063 0.375347 0.048438 0.038194
0 0.716016 0.977083 0.021094 0.045833
0 0.650586 0.960417 0.037109 0.051389
0 0.628320 0.989236 0.026172 0.021528
0 0.635938 0.752778 0.036719 0.044444
0 0.751758 0.848611 0.038672 0.041667
0 0.723437 0.644792 0.034375 0.036806
0 0.656250 0.597917 0.034375 0.036111
0 0.610547 0.565625 0.035156 0.036806
0 0.601367 0.535417 0.030859 0.030556
0 0.671875 0.418403 0.018750 0.031250
0 0.698047 0.355556 0.017969 0.027778
0 0.893555 0.480556 0.017578 0.034722
0 0.925586 0.414931 0.023047 0.022917
0 0.893359 0.395486 0.026562 0.032639
0 0.867188 0.445139 0.014844 0.044444
0 0.857031 0.363889 0.021094 0.034722
0 0.949414 0.047917 0.012109 0.016667
0 0.948438 0.074306 0.010937 0.015278
0 0.902148 0.142361 0.012891 0.018056
0 0.764062 0.357639 0.026562 0.026389
0 0.837891 0.155903 0.017969 0.024306
0 0.782617 0.194097 0.017578 0.027083
0 0.737305 0.268056 0.016016 0.026389
0 0.720703 0.292708 0.018750 0.027083
0 0.712695 0.275000 0.016797 0.022222
0 0.687305 0.280556 0.016797 0.026389
0 0.697070 0.285069 0.016797 0.027083
0 0.695703 0.309375 0.023438 0.034028
0 0.669141 0.292014 0.015625 0.024306
0 0.680273 0.307986 0.020703 0.025694
0 0.680664 0.331597 0.023047 0.028472
0 0.659766 0.310069 0.021875 0.022917
0 0.663086 0.327431 0.018359 0.022917
0 0.660742 0.352431 0.018359 0.028472
0 0.635156 0.349306 0.023438 0.034722
0 0.643359 0.371875 0.021875 0.024306
