2 0.509570 0.379514 0.071484 0.063194
2 0.829102 0.220833 0.042578 0.062500
2 0.859766 0.128125 0.024219 0.039583
2 0.828125 0.377083 0.074219 0.061111
2 0.724414 0.639931 0.066016 0.074306
2 0.278125 0.328125 0.053125 0.072917
1 0.241797 0.303472 0.035937 0.050000
1 0.177734 0.293750 0.034375 0.043056
1 0.199023 0.312847 0.021484 0.021528
1 0.659375 0.346528 0.030469 0.045833
1 0.682617 0.427778 0.026953 0.069444
1 0.891406 0.070486 0.024219 0.029861
0 0.211719 0.305556 0.020313 0.027778
0 0.190820 0.287153 0.021484 0.027083
0 0.236328 0.321875 0.028906 0.040972
0 0.255078 0.345833 0.022656 0.030556
0 0.275195 0.359028 0.023828 0.029167
0 0.268555 0.373264 0.024609 0.031250
0 0.246289 0.355903 0.023828 0.025694
0 0.256445 0.387847 0.025391 0.034028
0 0.307422 0.408681 0.025000 0.036806
0 0.298633 0.381944 0.023047 0.030556
0 0.313672 0.367361 0.020313 0.027778
0 0.323437 0.355208 0.023438 0.031250
0 0.306445 0.339236 0.010547 0.021528
0 0.350391 0.377778 0.025000 0.040278
0 0.334961 0.390972 0.026953 0.034722
0 0.324023 0.402778 0.024609 0.034722
0 0.308398 0.409028 0.026953 0.034722
0 0.233789 0.791319 0.042578 0.056250
0 0.186133 0.804167 0.037109 0.050000
0 0.340234 0.663194 0.035156 0.052778
0 0.378711 0.698264 0.035547 0.049306
0 0.635742 0.756250 0.046484 0.062500
0 0.662109 0.842708 0.031250 0.067361
0 0.616602 0.913542 0.034766 0.067361
0 0.651172 0.954861 0.042188 0.062500
0 0.717187 0.977778 0.032031 0.044444
0 0.750000 0.848264 0.044531 0.053472
0 0.988867 0.802431 0.022266 0.038194
0 0.984766 0.701736 0.030469 0.031250
0 0.962695 0.735069 0.032422 0.042361
0 0.931445 0.735069 0.037109 0.042361
0 0.861523 0.735764 0.039453 0.043750
0 0.889453 0.709375 0.042188 0.046528
0 0.907031 0.698611 0.038281 0.045833
0 0.882617 0.657986 0.037891 0.035417
0 0.853711 0.662847 0.036328 0.043750
0 0.838281 0.672917 0.038281 0.048611
0 0.798633 0.694792 0.044922 0.053472
0 0.791211 0.644444 0.033984 0.040278
0 0.808203 0.627083 0.039062 0.045833
0 0.820703 0.618750 0.035937 0.044444
0 0.773633 0.587153 0.036328 0.038194
0 0.767188 0.602083 0.038281 0.040278
0 0.759180 0.617014 0.029297 0.039583
0 0.736523 0.622222 0.036328 0.047222
0 0.893164 0.481944 0.022266 0.040278
0 0.926953 0.416667 0.022656 0.034722
0 0.895312 0.395833 0.025000 0.033333
0 0.857812 0.362847 0.023438 0.025694
0 0.868164 0.444444 0.019922 0.050000
0 0.767383 0.297222 0.023828 0.036111
0 0.703125 0.268056 0.024219 0.029167
0 0.684375 0.329514 0.019531 0.027083
0 0.611719 0.355556 0.028906 0.025000
0 0.612695 0.377083 0.024609 0.034722
0 0.640430 0.372222 0.029297 0.051389
0 0.751953 0.222917 0.017969 0.027778
0 0.776367 0.202083 0.017578 0.025000
0 0.791406 0.206250 0.018750 0.029167
0 0.816797 0.157292 0.013281 0.024306
0 0.842578 0.151042 0.015625 0.022917
0 0.880859 0.116667 0.012500 0.022222
0 0.898242 0.126042 0.012109 0.024306
0 0.916797 0.122917 0.016406 0.027778
0 0.940039 0.059375 0.015234 0.021528
0 0.936328 0.088194 0.010156 0.016667
0 0.992578 0.026736 0.010937 0.014583
