2 0.838086 0.684722 0.090234 0.101389
2 0.793359 0.611111 0.116406 0.102778
2 0.830078 0.369792 0.064844 0.049306
2 0.336523 0.287847 0.051172 0.061806
2 0.231250 0.873958 0.078125 0.102083
2 0.118164 0.964236 0.116016 0.071528
1 0.381445 0.764236 0.045703 0.064583
1 0.017773 0.081250 0.021484 0.031944
0 0.048438 0.975000 0.043750 0.050000
0 0.039258 0.089931 0.013672 0.018750
0 0.078906 0.172917 0.015625 0.023611
0 0.081836 0.216319 0.018359 0.025694
0 0.112891 0.196181 0.020313 0.022917
0 0.143164 0.252083 0.018359 0.025000
0 0.176563 0.300000 0.020313 0.027778
0 0.206445 0.267014 0.021484 0.028472
0 0.209180 0.298611 0.027734 0.047222
0 0.251758 0.384722 0.020703 0.031944
0 0.267773 0.332986 0.022266 0.028472
0 0.275195 0.319792 0.022266 0.027083
0 0.284766 0.366667 0.021875 0.034722
0 0.278711 0.387153 0.023828 0.028472
0 0.301367 0.404514 0.023047 0.031250
0 0.313477 0.395833 0.023828 0.030556
0 0.335938 0.388194 0.028125 0.034722
0 0.337695 0.368403 0.022266 0.029861
0 0.359961 0.388542 0.023047 0.034028
0 0.436523 0.363194 0.027734 0.025000
0 0.192773 0.979861 0.034766 0.040278
0 0.243945 0.925000 0.036328 0.041667
0 0.293750 0.864931 0.038281 0.039583
0 0.303906 0.817708 0.033594 0.045139
0 0.361133 0.751736 0.030859 0.040972
0 0.453320 0.692014 0.030859 0.042361
0 0.452734 0.647569 0.029687 0.040972
0 0.495898 0.632986 0.026953 0.040972
0 0.526172 0.559028 0.026562 0.037500
0 0.558008 0.378819 0.037109 0.031250
0 0.627344 0.364931 0.021094 0.028472
0 0.640039 0.330208 0.022266 0.031250
0 0.683594 0.281944 0.016406 0.026389
0 0.735156 0.255208 0.019531 0.024306
0 0.768945 0.203819 0.015234 0.018750
0 0.849609 0.130208 0.013281 0.017361
0 0.860742 0.136111 0.012109 0.019444
0 0.888477 0.159722 0.013672 0.018056
0 0.905664 0.126389 0.013672 0.022222
0 0.925586 0.056250 0.023047 0.023611
0 0.948242 0.073611 0.012891 0.023611
0 0.963086 0.075000 0.009766 0.013889
0 0.857812 0.364236 0.022656 0.029861
0 0.867383 0.445486 0.015234 0.043750
0 0.894336 0.398611 0.027734 0.029167
0 0.925000 0.417014 0.022656 0.021528
0 0.893359 0.480556 0.017969 0.030556
0 0.616016 0.985764 0.042969 0.028472
0 0.617969 0.919097 0.031250 0.053472
0 0.636133 0.755556 0.039453 0.048611
0 0.651758 0.957639 0.033203 0.058333
0 0.716797 0.977083 0.022656 0.045833
0 0.750000 0.852083 0.037500 0.048611
0 0.988477 0.774306 0.023047 0.043056
0 0.988477 0.750694 0.023047 0.030556
0 0.949023 0.750694 0.030859 0.036111
0 0.905469 0.719097 0.035937 0.036806
0 0.908398 0.695833 0.033203 0.029167
0 0.821875 0.622222 0.030469 0.040278
0 0.759961 0.625000 0.034766 0.034722
0 0.728125 0.625694 0.032813 0.036111
0 0.717969 0.637847 0.035156 0.038194
