2 0.793359 0.653472 0.086719 0.094444
2 0.793945 0.613542 0.119141 0.114583
2 0.834180 0.376389 0.060547 0.045833
2 0.584961 0.472222 0.045703 0.069444
2 0.505469 0.568750 0.063281 0.094444
1 0.982031 0.930208 0.035937 0.063194
1 0.820312 0.157292 0.021094 0.031250
0 0.198437 0.215625 0.022656 0.024306
0 0.226562 0.219444 0.015625 0.023611
0 0.162500 0.288889 0.018750 0.023611
0 0.192969 0.310417 0.024219 0.034722
0 0.204687 0.298958 0.020313 0.031250
0 0.221484 0.338194 0.021094 0.031944
0 0.236719 0.328472 0.019531 0.036111
0 0.249023 0.315625 0.017578 0.024306
0 0.253906 0.302778 0.019531 0.030556
0 0.271484 0.317708 0.023438 0.034028
0 0.257227 0.339931 0.032422 0.050694
0 0.254688 0.367361 0.025781 0.030556
0 0.250781 0.385417 0.022656 0.034722
0 0.293359 0.332292 0.023438 0.028472
0 0.282422 0.365972 0.025781 0.036111
0 0.278711 0.386458 0.023828 0.036806
0 0.301172 0.404167 0.025781 0.034722
0 0.314258 0.394444 0.026172 0.034722
0 0.310937 0.369792 0.024219 0.031250
0 0.319727 0.355556 0.024609 0.031944
0 0.340234 0.391667 0.025781 0.034722
0 0.338867 0.369097 0.023828 0.027083
0 0.359766 0.387847 0.024219 0.029861
0 0.183984 0.981597 0.042188 0.036806
0 0.149219 0.967708 0.056250 0.064583
0 0.132422 0.957986 0.038281 0.053472
0 0.262109 0.723958 0.037500 0.049306
0 0.235547 0.890625 0.039844 0.052083
0 0.305859 0.853819 0.035937 0.047917
0 0.354883 0.749306 0.045703 0.073611
0 0.371484 0.773958 0.035156 0.047917
0 0.431641 0.706597 0.035156 0.054861
0 0.422461 0.680208 0.029297 0.042361
0 0.631641 0.462500 0.021094 0.029167
0 0.615625 0.985764 0.039844 0.028472
0 0.650977 0.955556 0.032422 0.061111
0 0.716016 0.978472 0.022656 0.043056
0 0.637500 0.757986 0.039844 0.047917
0 0.610547 0.672917 0.039062 0.036111
0 0.751172 0.850000 0.037500 0.043056
0 0.810156 0.776389 0.039844 0.045833
0 0.987891 0.773611 0.024219 0.034722
0 0.988281 0.751042 0.023438 0.027083
0 0.949219 0.750000 0.035156 0.034722
0 0.904687 0.717708 0.039844 0.036806
0 0.910156 0.697569 0.039844 0.039583
0 0.860547 0.685069 0.046094 0.052083
0 0.820703 0.620139 0.035156 0.040278
0 0.717773 0.639583 0.037109 0.038889
0 0.729492 0.626389 0.034766 0.038889
0 0.755664 0.620833 0.025391 0.025000
0 0.894922 0.475694 0.018750 0.037500
0 0.924805 0.415972 0.023828 0.026389
0 0.893555 0.397222 0.026172 0.031944
0 0.867969 0.447917 0.017188 0.045833
0 0.857812 0.365278 0.025781 0.026389
0 0.641406 0.375000 0.019531 0.033333
0 0.751953 0.288889 0.014844 0.026389
0 0.819922 0.210764 0.014063 0.025694
0 0.844336 0.152778 0.013672 0.018056
0 0.905273 0.142014 0.013672 0.021528
0 0.925977 0.101736 0.011328 0.018750
0 0.929492 0.070486 0.012891 0.017361
0 0.951367 0.046181 0.011328 0.018750
0 0.979102 0.007292 0.006641 0.010417
