2 0.613672 0.401389 0.090625 0.086111
0 0.564258 0.967014 0.051172 0.056250
0 0.641211 0.755903 0.051172 0.063194
0 0.704297 0.804167 0.059375 0.065278
0 0.702344 0.874653 0.045312 0.075694
0 0.642969 0.974306 0.050781 0.051389
0 0.719141 0.979514 0.043750 0.040972
0 0.753516 0.616667 0.044531 0.040278
0 0.792969 0.643403 0.032813 0.031250
0 0.834766 0.672917 0.032813 0.050000
0 0.862891 0.666667 0.032031 0.047222
0 0.897852 0.673264 0.032422 0.034028
0 0.913477 0.704167 0.033984 0.044444
0 0.963086 0.729167 0.044922 0.051389
0 0.774219 0.585417 0.038281 0.052778
0 0.579883 0.520139 0.027734 0.052778
0 0.894922 0.477778 0.027344 0.045833
0 0.053711 0.152778 0.017578 0.026389
0 0.073633 0.190278 0.017578 0.023611
0 0.098047 0.215278 0.016406 0.022222
0 0.213672 0.290278 0.030469 0.033333
0 0.291211 0.332292 0.023828 0.027083
0 0.288477 0.374653 0.031641 0.031250
0 0.241602 0.352778 0.026172 0.037500
0 0.615430 0.354514 0.024609 0.031250
0 0.640430 0.327778 0.019922 0.036111
0 0.675391 0.338889 0.028906 0.026389
0 0.725977 0.292014 0.030078 0.031250
0 0.716797 0.252778 0.016406 0.015278
0 0.705469 0.280903 0.016406 0.032639
0 0.742188 0.247917 0.016406 0.022222
0 0.768555 0.243056 0.015234 0.022222
0 0.761719 0.230903 0.013281 0.015972
0 0.774219 0.220139 0.012500 0.013889
0 0.785547 0.207639 0.013281 0.015278
0 0.801172 0.201042 0.019531 0.017361
0 0.799805 0.178125 0.012891 0.018750
0 0.784180 0.192014 0.011328 0.015972
0 0.674219 0.313542 0.029687 0.027083
2 0.670508 0.287153 0.052734 0.049306
1 0.898047 0.077778 0.025000 0.033333
1 0.810547 0.174653 0.025000 0.039583
1 0.860352 0.133681 0.016016 0.017361
2 0.843555 0.151042 0.017578 0.018750
0 0.830469 0.169792 0.014063 0.018750
0 0.828516 0.148264 0.017969 0.018750
0 0.874805 0.107292 0.020703 0.020139
0 0.909180 0.123264 0.012891 0.020139
0 0.980469 0.015278 0.014063 0.022222
1 0.756836 0.210764 0.042578 0.028472
0 0.748047 0.843403 0.047656 0.052083
1 0.866602 0.443403 0.022266 0.053472
2 0.830469 0.370139 0.067187 0.065278
0 0.924219 0.415278 0.021094 0.025000
0 0.892969 0.398264 0.023438 0.032639
