2 0.255273 0.716319 0.096484 0.090972
2 0.269727 0.318403 0.062109 0.082639
2 0.831445 0.373958 0.079297 0.067361
2 0.738867 0.645139 0.070703 0.084722
2 0.374805 0.765972 0.064453 0.077778
1 0.188281 0.261458 0.048438 0.045139
1 0.150586 0.272222 0.032422 0.043056
1 0.197266 0.314236 0.028906 0.038194
1 0.307422 0.806944 0.048438 0.058333
1 0.230078 0.943750 0.059375 0.069444
1 0.894336 0.077083 0.022266 0.036111
1 0.956641 0.023264 0.018750 0.031250
1 0.709961 0.266319 0.031641 0.047917
1 0.568750 0.394444 0.040625 0.043056
1 0.836133 0.152431 0.021484 0.038194
0 0.189062 0.289583 0.024219 0.029167
0 0.212500 0.307986 0.024219 0.032639
0 0.233984 0.322917 0.026562 0.038889
0 0.217773 0.338194 0.025391 0.034722
0 0.246680 0.357639 0.022266 0.031944
0 0.256445 0.345486 0.019141 0.028472
0 0.233789 0.321875 0.023828 0.035417
0 0.298438 0.339236 0.022656 0.028472
0 0.278320 0.359722 0.026953 0.026389
0 0.267578 0.371875 0.028125 0.036806
0 0.255273 0.390625 0.030078 0.039583
0 0.324219 0.357292 0.026562 0.031250
0 0.312500 0.366667 0.022656 0.029167
0 0.299023 0.378819 0.021484 0.029861
0 0.349805 0.376389 0.027734 0.034722
0 0.334961 0.388889 0.028516 0.034722
0 0.320508 0.398264 0.030859 0.039583
0 0.307422 0.407986 0.024219 0.042361
0 0.381055 0.602431 0.029297 0.049306
0 0.347461 0.669792 0.036328 0.047917
0 0.122070 0.901736 0.055078 0.070139
0 0.264453 0.857292 0.042969 0.050694
0 0.289453 0.876736 0.042969 0.042361
0 0.329883 0.824653 0.045703 0.064583
0 0.355273 0.758333 0.045703 0.040278
0 0.377148 0.695486 0.034766 0.049306
0 0.406055 0.698958 0.033984 0.054861
0 0.426758 0.710417 0.033984 0.050000
0 0.450781 0.560417 0.036719 0.044444
0 0.521289 0.391667 0.032422 0.037500
0 0.539648 0.451736 0.027734 0.046528
0 0.602539 0.930556 0.048047 0.055556
0 0.719141 0.975694 0.046094 0.048611
0 0.964063 0.736111 0.039062 0.040278
0 0.844336 0.839931 0.044922 0.060417
0 0.890430 0.709375 0.036328 0.042361
0 0.914453 0.704514 0.042969 0.046528
0 0.855664 0.663889 0.032422 0.043056
0 0.835742 0.674306 0.033984 0.047222
0 0.849023 0.618750 0.037891 0.044444
0 0.819531 0.618403 0.038281 0.046528
0 0.808789 0.626042 0.037891 0.049306
0 0.792578 0.644444 0.033594 0.044444
0 0.774609 0.585417 0.042969 0.047222
0 0.764453 0.602431 0.038281 0.045139
0 0.754883 0.619792 0.036328 0.042361
0 0.895703 0.479167 0.021875 0.041667
0 0.925781 0.416667 0.021094 0.027778
0 0.893750 0.395486 0.028906 0.036806
0 0.858789 0.360417 0.026172 0.027778
0 0.867578 0.446528 0.017188 0.061111
0 0.605664 0.392014 0.022266 0.042361
0 0.640625 0.353819 0.022656 0.034028
0 0.668945 0.296528 0.020703 0.038889
0 0.680664 0.309722 0.019141 0.038889
0 0.706641 0.306944 0.017969 0.034722
0 0.760742 0.245833 0.020703 0.036111
0 0.775195 0.228819 0.018359 0.027083
0 0.768164 0.208333 0.015234 0.025000
0 0.791016 0.185069 0.014063 0.024306
0 0.807227 0.167361 0.015234 0.025000
0 0.808594 0.185069 0.015625 0.029861
0 0.824219 0.149653 0.014063 0.021528
0 0.844727 0.127431 0.010547 0.021528
0 0.850195 0.140278 0.012109 0.019444
0 0.860742 0.118750 0.010547 0.022222
0 0.869727 0.111458 0.012109 0.024306
0 0.878711 0.102431 0.010547 0.017361
0 0.875391 0.121528 0.013281 0.016667
0 0.864258 0.132986 0.010547 0.020139
0 0.889453 0.106597 0.010156 0.014583
0 0.906250 0.088542 0.012500 0.018750
0 0.904297 0.079167 0.007031 0.012500
0 0.913086 0.067361 0.008984 0.012500
0 0.918555 0.076389 0.009766 0.020833
0 0.925391 0.077083 0.009375 0.016667
0 0.935742 0.047917 0.009766 0.016667
0 0.942383 0.042361 0.009766 0.016667
