2 0.556055 0.405903 0.055859 0.064583
2 0.377734 0.763542 0.062500 0.078472
2 0.834375 0.372222 0.071094 0.062500
2 0.157617 0.233333 0.049609 0.069444
1 0.087305 0.183681 0.033984 0.043750
1 0.309961 0.811458 0.051953 0.065972
1 0.197266 0.316667 0.027344 0.041667
1 0.893359 0.076736 0.019531 0.031250
1 0.850391 0.141319 0.019531 0.024306
1 0.787891 0.200000 0.023438 0.034722
1 0.697656 0.265278 0.038281 0.040278
0 0.230469 0.283333 0.022656 0.025000
0 0.269141 0.313194 0.027344 0.034722
0 0.359180 0.318750 0.026172 0.030556
0 0.188281 0.287153 0.016406 0.024306
0 0.212500 0.304861 0.017969 0.027778
0 0.234570 0.322917 0.023828 0.038889
0 0.218750 0.334722 0.018750 0.026389
0 0.298242 0.340278 0.020703 0.023611
0 0.324414 0.357986 0.023047 0.029861
0 0.254883 0.340625 0.018359 0.028472
0 0.246484 0.360764 0.021875 0.028472
0 0.276562 0.359722 0.021875 0.030556
0 0.269727 0.375694 0.026172 0.030556
0 0.256250 0.386458 0.021094 0.031250
0 0.298828 0.337153 0.022656 0.035417
0 0.348828 0.377778 0.026562 0.031944
0 0.334961 0.386111 0.024609 0.031944
0 0.313867 0.367708 0.021484 0.027083
0 0.325000 0.399653 0.025000 0.034028
0 0.300781 0.382292 0.023438 0.032639
0 0.307422 0.408681 0.023438 0.035417
0 0.431055 0.580903 0.030859 0.040972
0 0.185352 0.799653 0.035547 0.052083
0 0.374023 0.701389 0.033984 0.037500
0 0.404883 0.699306 0.033203 0.041667
0 0.425977 0.710764 0.031641 0.045139
0 0.261328 0.856944 0.040625 0.055556
1 0.222656 0.945486 0.051562 0.045139
0 0.287695 0.881597 0.046484 0.050694
0 0.329688 0.829167 0.042969 0.048611
0 0.354297 0.761111 0.035937 0.045833
0 0.718750 0.977083 0.034375 0.045833
0 0.695117 0.869792 0.028516 0.060417
0 0.684180 0.809722 0.024609 0.062500
0 0.636719 0.759722 0.039844 0.055556
0 0.781836 0.830903 0.042578 0.045139
0 0.749414 0.847222 0.037109 0.045833
0 0.900586 0.718750 0.040234 0.047222
0 0.540625 0.453819 0.039062 0.046528
0 0.586719 0.408681 0.024219 0.038194
0 0.752930 0.616667 0.040234 0.040278
0 0.765625 0.601042 0.034375 0.039583
0 0.774805 0.585764 0.036328 0.045139
0 0.790234 0.643403 0.035937 0.040972
0 0.809961 0.629167 0.036328 0.045833
0 0.822852 0.619444 0.033984 0.043056
0 0.835352 0.675347 0.035547 0.050694
0 0.856055 0.664583 0.035547 0.050000
0 0.912695 0.704514 0.041016 0.049306
0 0.964258 0.735069 0.037891 0.038194
2 0.964844 0.807292 0.070312 0.095139
0 0.895117 0.480556 0.017578 0.038889
0 0.925391 0.416319 0.021875 0.027083
0 0.894531 0.397569 0.028125 0.036806
0 0.867188 0.442361 0.020313 0.045833
0 0.856445 0.362500 0.022266 0.025000
0 0.606445 0.361458 0.020703 0.027083
0 0.626172 0.366319 0.017969 0.032639
0 0.652539 0.312153 0.020703 0.022917
0 0.668750 0.320833 0.022656 0.030556
0 0.700977 0.288889 0.019922 0.027778
0 0.730469 0.255556 0.022656 0.029167
0 0.746875 0.241319 0.017188 0.025694
0 0.763086 0.229167 0.015234 0.019444
0 0.771875 0.201042 0.013281 0.022917
0 0.800781 0.175694 0.014844 0.018056
0 0.810547 0.162500 0.014844 0.018056
0 0.821875 0.153819 0.013281 0.020139
0 0.832617 0.143750 0.019141 0.023611
0 0.847852 0.129167 0.012891 0.018056
0 0.861328 0.119444 0.012500 0.020833
0 0.872852 0.108681 0.019141 0.017361
0 0.885156 0.097569 0.011719 0.013194
0 0.913477 0.068056 0.014453 0.020833
0 0.930273 0.054861 0.012109 0.013889
0 0.940039 0.046181 0.010547 0.017361
0 0.950781 0.034722 0.007812 0.012500
0 0.991016 0.031944 0.007812 0.013889
0 0.805273 0.194444 0.013672 0.018056
0 0.816602 0.177083 0.015234 0.022222
0 0.827344 0.167708 0.011719 0.017361
0 0.835352 0.156250 0.017578 0.019444
0 0.866016 0.130903 0.013281 0.015972
0 0.878906 0.122222 0.012500 0.018056
0 0.895898 0.102778 0.012891 0.012500
0 0.907617 0.087500 0.012891 0.020833
0 0.915625 0.080903 0.010156 0.014583
0 0.925977 0.070833 0.012891 0.020833
0 0.024414 0.091667 0.012891 0.016667
