2 0.508594 0.452778 0.062500 0.075000
2 0.380273 0.764583 0.069141 0.076389
2 0.834375 0.377083 0.073438 0.062500
2 0.192188 0.255556 0.050781 0.076389
1 0.109766 0.206250 0.038281 0.054167
1 0.196289 0.314931 0.029297 0.045139
1 0.305469 0.808681 0.042969 0.057639
1 0.772461 0.211458 0.029297 0.039583
1 0.894531 0.076042 0.023438 0.029861
1 0.670312 0.295833 0.035937 0.041667
1 0.849023 0.142708 0.020703 0.031250
1 0.068945 0.200347 0.026172 0.031250
0 0.186328 0.285764 0.028906 0.034028
0 0.244727 0.294792 0.023047 0.021528
0 0.298242 0.273611 0.023828 0.034722
0 0.235352 0.323958 0.033984 0.038194
0 0.220117 0.335069 0.026172 0.032639
0 0.214062 0.302431 0.022656 0.034028
0 0.297656 0.338542 0.024219 0.032639
0 0.274805 0.320486 0.023828 0.029861
0 0.257812 0.344792 0.026562 0.040972
0 0.245312 0.359028 0.022656 0.027778
0 0.299023 0.338889 0.022266 0.030556
0 0.276562 0.358681 0.025000 0.036806
0 0.270117 0.377083 0.025391 0.031944
0 0.255859 0.385417 0.020313 0.029167
0 0.323437 0.359028 0.024219 0.031944
0 0.349219 0.378472 0.025781 0.033333
0 0.312500 0.365972 0.020313 0.027778
0 0.334570 0.386458 0.023828 0.036806
0 0.300781 0.379514 0.022656 0.024306
0 0.321289 0.397222 0.026172 0.038889
0 0.308203 0.407986 0.025000 0.036806
0 0.324023 0.698611 0.030859 0.041667
0 0.473242 0.523264 0.037891 0.060417
0 0.534961 0.470486 0.028516 0.039583
0 0.039648 0.948958 0.043359 0.056250
1 0.229297 0.940278 0.050000 0.055556
0 0.262695 0.855208 0.037891 0.043750
0 0.287305 0.882292 0.048047 0.046528
0 0.330078 0.829861 0.042188 0.061111
0 0.354883 0.757292 0.037109 0.042361
0 0.378320 0.697917 0.033203 0.043056
0 0.403711 0.696528 0.031641 0.050000
0 0.426563 0.711458 0.030469 0.047917
0 0.636523 0.754514 0.044141 0.059028
0 0.656641 0.856944 0.029687 0.076389
0 0.709180 0.834722 0.027734 0.068056
0 0.750391 0.850694 0.045312 0.054167
0 0.716602 0.977083 0.030078 0.045833
0 0.853711 0.865625 0.048047 0.052083
0 0.754102 0.619444 0.036328 0.043056
0 0.766797 0.602431 0.033594 0.046528
0 0.774805 0.587847 0.038672 0.046528
0 0.791211 0.647222 0.035547 0.043056
0 0.808008 0.629167 0.037109 0.045833
0 0.823242 0.619097 0.036328 0.045139
0 0.833594 0.671528 0.039062 0.050000
0 0.854297 0.664583 0.034375 0.041667
0 0.963867 0.737153 0.040234 0.045139
0 0.912109 0.703472 0.042188 0.050000
0 0.895898 0.714583 0.038672 0.041667
2 0.875195 0.740625 0.069922 0.072917
0 0.894141 0.480208 0.019531 0.035417
0 0.925781 0.418750 0.025781 0.027778
0 0.896484 0.398611 0.032031 0.034722
0 0.868555 0.443403 0.016016 0.052083
0 0.856641 0.363194 0.023438 0.037500
0 0.571484 0.398611 0.023438 0.031944
0 0.583594 0.412847 0.023438 0.029861
0 0.631055 0.364583 0.024609 0.038889
0 0.627344 0.339931 0.023438 0.028472
0 0.672852 0.317014 0.028516 0.032639
0 0.709180 0.277778 0.022266 0.031944
0 0.730469 0.254167 0.017969 0.027778
0 0.750586 0.237500 0.019141 0.026389
0 0.754687 0.215278 0.019531 0.022222
0 0.800391 0.175694 0.015625 0.022222
0 0.794336 0.208333 0.016016 0.029167
0 0.816211 0.182639 0.016016 0.027778
0 0.810352 0.165625 0.014453 0.020139
0 0.821484 0.151042 0.015625 0.018750
0 0.828320 0.170833 0.016016 0.020833
0 0.835938 0.157292 0.014844 0.022917
0 0.833984 0.142014 0.014063 0.015972
0 0.848242 0.127431 0.013672 0.014583
0 0.865234 0.131944 0.010937 0.013889
0 0.877148 0.123611 0.012109 0.012500
0 0.860156 0.120486 0.011719 0.018750
0 0.868750 0.110417 0.007812 0.016667
0 0.870117 0.109028 0.010547 0.018056
0 0.877344 0.105556 0.013281 0.012500
0 0.884766 0.098264 0.011719 0.011806
0 0.895703 0.103125 0.010156 0.011806
0 0.906836 0.089236 0.011328 0.017361
0 0.913672 0.084375 0.007812 0.011806
0 0.912500 0.068056 0.010156 0.012500
0 0.920312 0.074306 0.011719 0.018056
0 0.928906 0.062500 0.009375 0.015278
0 0.936914 0.047222 0.011328 0.015278
0 0.945898 0.039583 0.008984 0.013889
