2 0.798047 0.656250 0.088281 0.104167
2 0.221680 0.215972 0.055859 0.062500
2 0.342773 0.801389 0.083984 0.119444
2 0.299609 0.806944 0.082812 0.127778
2 0.840234 0.377083 0.050000 0.041667
0 0.068945 0.126736 0.013672 0.021528
0 0.166406 0.190278 0.019531 0.029167
0 0.191211 0.223958 0.015234 0.018750
0 0.233789 0.215625 0.016797 0.022917
0 0.273633 0.286458 0.018359 0.021528
0 0.325195 0.290625 0.022266 0.027083
0 0.354883 0.330556 0.023828 0.030556
0 0.413477 0.355208 0.022266 0.024306
0 0.299609 0.339583 0.025000 0.031944
0 0.326758 0.360764 0.026953 0.031250
0 0.356250 0.383681 0.025000 0.034028
0 0.385547 0.406597 0.027344 0.035417
0 0.412891 0.426389 0.028125 0.036111
0 0.437500 0.443056 0.023438 0.031944
0 0.382617 0.426042 0.026172 0.035417
0 0.405078 0.444444 0.027344 0.036111
0 0.437695 0.471181 0.031641 0.035417
0 0.428125 0.514236 0.030469 0.040972
0 0.460352 0.511458 0.030078 0.034028
0 0.228125 0.897569 0.052344 0.077083
0 0.251758 0.921181 0.033203 0.038194
0 0.378516 0.694792 0.033594 0.039583
0 0.375586 0.730903 0.031641 0.032639
0 0.417773 0.694097 0.035547 0.040972
0 0.416016 0.728472 0.032031 0.037500
0 0.525586 0.435069 0.026172 0.028472
0 0.529492 0.465625 0.033203 0.029861
0 0.519727 0.547222 0.025391 0.044444
0 0.570898 0.615972 0.040234 0.050000
0 0.600586 0.537847 0.030078 0.035417
0 0.616992 0.571875 0.034766 0.036806
0 0.660937 0.600347 0.032031 0.034028
0 0.735547 0.596181 0.042969 0.049306
0 0.724219 0.645486 0.036719 0.035417
0 0.673828 0.739236 0.033594 0.045139
0 0.636523 0.756250 0.036328 0.045833
0 0.720117 0.738889 0.042578 0.054167
0 0.626953 0.988194 0.022656 0.023611
0 0.651367 0.961111 0.043359 0.058333
0 0.715625 0.978125 0.023438 0.043750
0 0.750586 0.851389 0.034766 0.044444
0 0.804102 0.767014 0.040234 0.049306
0 0.718555 0.519444 0.029297 0.034722
0 0.678711 0.428472 0.017578 0.030556
0 0.925977 0.416319 0.021484 0.022917
0 0.895312 0.479167 0.018750 0.029167
0 0.895117 0.399653 0.023828 0.027083
0 0.866992 0.445139 0.014453 0.040278
0 0.858008 0.362500 0.024609 0.029167
0 0.624805 0.336458 0.025391 0.047917
0 0.980469 0.005903 0.009375 0.010417
0 0.912305 0.078125 0.010547 0.017361
0 0.816797 0.181250 0.016406 0.022222
0 0.734766 0.235069 0.016406 0.024306
0 0.741406 0.244792 0.014844 0.022917
0 0.691992 0.271875 0.018359 0.027083
0 0.699609 0.286111 0.020313 0.030556
0 0.697266 0.311806 0.021875 0.037500
0 0.665430 0.300694 0.019141 0.025000
0 0.678711 0.309722 0.019141 0.029167
0 0.679688 0.331597 0.023438 0.032639
0 0.662891 0.327778 0.016406 0.023611
0 0.660742 0.352778 0.019922 0.027778
0 0.634766 0.351042 0.025000 0.038194
0 0.642383 0.372917 0.020703 0.031944
