2 0.482227 0.373958 0.070703 0.064583
2 0.275781 0.329861 0.050000 0.076389
2 0.849023 0.138889 0.021484 0.041667
2 0.843555 0.201042 0.036328 0.063194
2 0.722656 0.637500 0.069531 0.072222
2 0.827734 0.370486 0.069531 0.057639
1 0.891016 0.070486 0.023438 0.039583
1 0.240039 0.304514 0.036328 0.054861
1 0.172656 0.292708 0.029687 0.040972
1 0.196289 0.311111 0.026953 0.027778
0 0.119141 0.872222 0.034375 0.050000
0 0.152930 0.879514 0.041016 0.047917
0 0.264062 0.737500 0.034375 0.058333
0 0.381836 0.702778 0.044922 0.058333
0 0.191211 0.289236 0.020703 0.024306
0 0.210742 0.305208 0.024609 0.027083
0 0.234375 0.322569 0.028906 0.039583
0 0.246680 0.358333 0.024609 0.031944
0 0.256445 0.343403 0.021484 0.031250
0 0.273828 0.356597 0.025781 0.031250
0 0.268164 0.372222 0.024609 0.033333
0 0.257031 0.386458 0.025000 0.032639
0 0.310937 0.368403 0.023438 0.028472
0 0.305078 0.341667 0.012500 0.027778
0 0.323437 0.356597 0.025781 0.031250
0 0.311328 0.369444 0.020313 0.023611
0 0.298242 0.380903 0.022266 0.025694
0 0.349023 0.379167 0.025391 0.036111
0 0.335156 0.389583 0.021094 0.027778
0 0.324023 0.400347 0.027734 0.035417
0 0.308203 0.409375 0.028906 0.042361
0 0.580273 0.414931 0.027734 0.038194
0 0.586133 0.369444 0.030859 0.031944
0 0.684375 0.398958 0.022656 0.060417
0 0.636719 0.757639 0.044531 0.051389
0 0.661523 0.842014 0.027734 0.065972
0 0.716992 0.976736 0.033984 0.046528
0 0.749805 0.848611 0.044141 0.058333
0 0.618945 0.913889 0.037109 0.061111
0 0.649609 0.953125 0.040625 0.061806
0 0.945703 0.772569 0.034375 0.039583
0 0.988867 0.778125 0.022266 0.043750
0 0.962109 0.738542 0.032813 0.045139
0 0.985156 0.725000 0.029687 0.040278
0 0.931250 0.734028 0.035156 0.040278
0 0.905078 0.700000 0.034375 0.041667
0 0.889062 0.710069 0.035156 0.040972
0 0.914453 0.661111 0.034375 0.044444
0 0.883594 0.659028 0.035937 0.040278
0 0.854297 0.662847 0.032813 0.039583
0 0.848047 0.729514 0.039062 0.046528
0 0.837695 0.672222 0.033203 0.040278
0 0.797266 0.695486 0.044531 0.052083
0 0.792578 0.644097 0.032813 0.036806
0 0.808398 0.629514 0.041797 0.043750
0 0.821484 0.621528 0.032813 0.041667
0 0.773047 0.587847 0.037500 0.040972
0 0.765039 0.599653 0.033984 0.035417
0 0.754883 0.616319 0.031641 0.038194
0 0.732812 0.617361 0.036719 0.040278
0 0.894531 0.479167 0.028906 0.034722
0 0.925977 0.415972 0.024609 0.033333
0 0.894727 0.398611 0.027734 0.034722
0 0.870508 0.445139 0.024609 0.044444
0 0.857812 0.361111 0.028125 0.029167
0 0.782813 0.273611 0.025781 0.029167
0 0.639844 0.373958 0.027344 0.047917
0 0.682031 0.329167 0.019531 0.034722
1 0.659375 0.348264 0.034375 0.057639
0 0.680664 0.289236 0.028516 0.038194
0 0.733398 0.240278 0.025391 0.033333
0 0.762891 0.214236 0.020313 0.031250
0 0.774609 0.226736 0.019531 0.035417
0 0.804492 0.170833 0.015234 0.022222
0 0.832227 0.159375 0.017578 0.024306
0 0.873437 0.127778 0.023438 0.023611
0 0.911719 0.112847 0.014063 0.025694
0 0.928711 0.111806 0.017578 0.030556
0 0.943359 0.082986 0.015625 0.025694
0 0.930664 0.065972 0.015234 0.023611
