2 0.794336 0.615278 0.118359 0.120833
2 0.373828 0.410764 0.062500 0.089583
2 0.905859 0.071181 0.030469 0.040972
2 0.945508 0.091319 0.026172 0.047917
2 0.827734 0.370486 0.073438 0.057639
1 0.326367 0.378472 0.041797 0.061111
1 0.649609 0.302778 0.040625 0.061111
1 0.647852 0.329167 0.035547 0.054167
1 0.658789 0.345486 0.031641 0.054861
1 0.716992 0.243056 0.030859 0.041667
0 0.237891 0.295486 0.023438 0.032639
2 0.536133 0.550347 0.070703 0.049306
0 0.019141 0.089583 0.013281 0.019444
0 0.036914 0.089583 0.012109 0.016667
0 0.074609 0.114236 0.017188 0.018750
0 0.088281 0.125347 0.014063 0.017361
0 0.083594 0.136458 0.015625 0.018750
0 0.155664 0.187847 0.021484 0.021528
0 0.039844 0.147222 0.013281 0.018056
0 0.261719 0.311458 0.028125 0.032639
0 0.287891 0.331944 0.026562 0.026389
0 0.297656 0.359028 0.025781 0.029167
0 0.432031 0.442361 0.029687 0.030556
0 0.427344 0.463194 0.029687 0.033333
0 0.473438 0.483681 0.042188 0.029861
0 0.508984 0.466667 0.032813 0.029167
0 0.488086 0.518056 0.037109 0.044444
0 0.378320 0.695139 0.033203 0.040278
0 0.395898 0.711111 0.033203 0.043056
0 0.414258 0.727778 0.032422 0.041667
0 0.364844 0.749306 0.039062 0.038889
0 0.382812 0.770139 0.035937 0.040278
0 0.596094 0.540625 0.030469 0.036806
0 0.663477 0.575000 0.033984 0.026389
0 0.667773 0.605208 0.036328 0.042361
0 0.709180 0.613889 0.038672 0.041667
0 0.635938 0.756597 0.042188 0.053472
0 0.748828 0.850000 0.039844 0.048611
0 0.775781 0.677083 0.035937 0.040278
0 0.826562 0.713194 0.035156 0.045833
0 0.820898 0.619097 0.033984 0.047917
0 0.955469 0.689236 0.043750 0.042361
0 0.544336 0.981944 0.044141 0.036111
0 0.620117 0.911111 0.030859 0.066667
0 0.617773 0.985764 0.045703 0.028472
0 0.651563 0.955903 0.035156 0.056250
0 0.715430 0.976736 0.029297 0.046528
0 0.895898 0.481944 0.017578 0.033333
0 0.924414 0.417708 0.021484 0.028472
0 0.893359 0.398611 0.024219 0.030556
0 0.867188 0.444097 0.015625 0.042361
0 0.856836 0.363194 0.021484 0.029167
0 0.608008 0.361458 0.015234 0.032639
0 0.622656 0.372222 0.019531 0.036111
0 0.639062 0.373264 0.023438 0.042361
0 0.624805 0.341667 0.020703 0.038889
0 0.684180 0.329861 0.017578 0.029167
0 0.670703 0.314931 0.017188 0.031250
0 0.677539 0.287153 0.018359 0.031250
0 0.705664 0.302431 0.021484 0.032639
0 0.724219 0.285417 0.021094 0.031944
0 0.738672 0.269444 0.017188 0.029167
0 0.730859 0.253472 0.020313 0.033333
0 0.756445 0.248264 0.016797 0.025694
0 0.769922 0.232986 0.016406 0.029861
0 0.782617 0.214931 0.017578 0.028472
0 0.785937 0.188194 0.013281 0.023611
0 0.804688 0.191667 0.016406 0.023611
0 0.808789 0.175694 0.018359 0.026389
0 0.869922 0.127778 0.016406 0.023611
0 0.913867 0.114931 0.016016 0.020139
0 0.937500 0.048958 0.012500 0.018750
0 0.930078 0.072917 0.012500 0.016667
0 0.990430 0.041667 0.008984 0.018056
