1 0.878906 0.661806 0.073438 0.077778
1 0.904102 0.713542 0.060547 0.063194
1 0.227344 0.894792 0.053906 0.084028
1 0.622070 0.341667 0.026953 0.050000
2 0.932031 0.494444 0.038281 0.058333
2 0.530078 0.514583 0.084375 0.061111
2 0.358398 0.776389 0.085547 0.112500
2 0.313477 0.791319 0.080859 0.122917
0 0.058984 0.194444 0.016406 0.025000
0 0.099805 0.187500 0.017578 0.022222
0 0.167969 0.269097 0.020313 0.029861
0 0.183984 0.264931 0.021094 0.029861
0 0.210938 0.272569 0.021875 0.027083
0 0.252148 0.304861 0.019922 0.026389
0 0.277539 0.385417 0.025391 0.036111
0 0.319727 0.397222 0.024609 0.031944
0 0.105469 0.887847 0.040625 0.053472
0 0.200586 0.822917 0.037109 0.050000
0 0.156055 0.977778 0.043359 0.041667
0 0.378906 0.692708 0.035937 0.042361
0 0.376563 0.726736 0.032813 0.024306
0 0.283008 0.879861 0.037891 0.034722
0 0.416016 0.691667 0.032031 0.044444
0 0.417578 0.728472 0.032031 0.040278
0 0.485938 0.447569 0.034375 0.031250
0 0.512891 0.565625 0.039062 0.024306
0 0.560156 0.453472 0.034375 0.027778
0 0.612891 0.434375 0.028125 0.027083
0 0.619141 0.451389 0.028906 0.029167
0 0.716016 0.977431 0.022656 0.045139
0 0.649023 0.959375 0.039453 0.057639
0 0.626953 0.987153 0.025781 0.025694
0 0.636719 0.755903 0.042188 0.052083
0 0.750195 0.850000 0.039453 0.041667
0 0.986914 0.710069 0.026172 0.031250
0 0.801758 0.650347 0.031641 0.035417
0 0.807617 0.630903 0.035547 0.038194
0 0.804883 0.589931 0.035547 0.039583
0 0.753125 0.618750 0.035156 0.036111
0 0.761523 0.602083 0.037891 0.034722
0 0.925391 0.415278 0.022656 0.022222
0 0.895703 0.482292 0.019531 0.038194
0 0.868164 0.444097 0.018359 0.043750
0 0.893945 0.396875 0.024609 0.031250
0 0.847070 0.373611 0.026172 0.030556
0 0.857031 0.365278 0.021094 0.029167
0 0.832031 0.354514 0.025000 0.029861
0 0.692187 0.389236 0.017969 0.032639
0 0.656641 0.402083 0.025000 0.034722
0 0.708594 0.346181 0.022656 0.029861
0 0.988672 0.030903 0.010156 0.018750
0 0.932031 0.054514 0.011719 0.020139
0 0.940820 0.084722 0.012109 0.016667
0 0.948633 0.074653 0.012109 0.017361
2 0.861914 0.180556 0.026953 0.040278
0 0.762109 0.279861 0.017188 0.022222
0 0.744922 0.326736 0.019531 0.029861
0 0.810742 0.178125 0.016016 0.020139
0 0.769531 0.234028 0.016406 0.025000
0 0.757422 0.229514 0.018750 0.022917
0 0.729492 0.256944 0.021484 0.027778
0 0.732617 0.274653 0.018359 0.025694
0 0.720508 0.292708 0.018359 0.025694
0 0.713281 0.274653 0.017188 0.027083
0 0.702930 0.263542 0.017578 0.025694
0 0.687695 0.279861 0.016797 0.026389
0 0.697266 0.286806 0.018750 0.031944
0 0.696680 0.310764 0.021484 0.035417
0 0.667969 0.294444 0.017188 0.026389
0 0.681055 0.310069 0.021484 0.028472
0 0.680859 0.332292 0.021094 0.031250
0 0.658594 0.307986 0.017969 0.024306
0 0.664844 0.327431 0.020313 0.028472
0 0.661133 0.352778 0.019922 0.027778
0 0.634180 0.350347 0.026172 0.038194
0 0.642969 0.373611 0.024219 0.031944
