1 0.211523 0.279514 0.041016 0.054861
1 0.518945 0.445833 0.047266 0.066667
1 0.200000 0.314236 0.028906 0.040972
1 0.163672 0.286111 0.034375 0.041667
2 0.378125 0.764931 0.063281 0.082639
1 0.307812 0.806944 0.053125 0.058333
2 0.130664 0.839931 0.108203 0.127083
2 0.833398 0.368056 0.062109 0.066667
2 0.276758 0.323611 0.055859 0.079167
1 0.231055 0.937847 0.057422 0.054861
1 0.684375 0.299306 0.028906 0.044444
1 0.894336 0.079861 0.022266 0.034722
1 0.952734 0.021875 0.018750 0.031250
1 0.824609 0.163889 0.020313 0.034722
0 0.083594 0.120833 0.011719 0.018056
0 0.191602 0.291319 0.017578 0.020139
0 0.213086 0.305556 0.019141 0.026389
0 0.234961 0.323264 0.027734 0.038194
0 0.218750 0.334375 0.021094 0.032639
0 0.245312 0.358333 0.021094 0.025000
0 0.269141 0.376736 0.025781 0.031250
0 0.254297 0.387153 0.026562 0.034028
0 0.275781 0.359028 0.022656 0.030556
0 0.312891 0.368403 0.021875 0.028472
0 0.301953 0.338542 0.014063 0.022917
0 0.324414 0.357292 0.025391 0.027083
0 0.350391 0.378472 0.025000 0.030556
0 0.336328 0.391667 0.027344 0.034722
0 0.322852 0.402083 0.028516 0.034722
0 0.308984 0.409028 0.023438 0.037500
0 0.469336 0.387500 0.030859 0.033333
0 0.075391 0.963194 0.043750 0.052778
0 0.215039 0.806597 0.042578 0.049306
0 0.276367 0.723611 0.037891 0.050000
0 0.346484 0.672569 0.036719 0.045139
0 0.378320 0.697917 0.030078 0.040278
0 0.350977 0.756250 0.039453 0.038889
0 0.328125 0.828819 0.042969 0.052083
0 0.288672 0.877083 0.040625 0.037500
0 0.263672 0.858681 0.044531 0.050694
0 0.406055 0.697222 0.026172 0.037500
0 0.426172 0.713542 0.033594 0.038194
0 0.469531 0.524653 0.030469 0.039583
0 0.530078 0.984375 0.047656 0.031250
0 0.717187 0.976042 0.028906 0.047917
0 0.751563 0.846528 0.040625 0.051389
0 0.638281 0.756250 0.051562 0.061111
0 0.929492 0.893403 0.049609 0.059028
0 0.964063 0.734375 0.035156 0.045139
0 0.912500 0.700347 0.037500 0.049306
0 0.887500 0.710417 0.035156 0.048611
0 0.855469 0.663542 0.032813 0.046528
0 0.837109 0.674306 0.034375 0.044444
0 0.821289 0.620833 0.041797 0.052778
0 0.810547 0.631944 0.038281 0.051389
0 0.791602 0.648958 0.032422 0.049306
0 0.774219 0.588194 0.040625 0.044444
0 0.758594 0.555903 0.031250 0.039583
0 0.766992 0.604514 0.035547 0.046528
0 0.754297 0.619444 0.033594 0.041667
0 0.550586 0.450694 0.030859 0.038889
0 0.591406 0.399306 0.025000 0.041667
0 0.894336 0.478819 0.017578 0.038194
0 0.925000 0.413889 0.019531 0.033333
0 0.892773 0.398958 0.026953 0.034028
0 0.866797 0.443750 0.025000 0.045833
0 0.856055 0.360764 0.025391 0.035417
0 0.628711 0.341319 0.023828 0.031250
0 0.647266 0.343403 0.017188 0.029861
0 0.657422 0.361458 0.025000 0.039583
0 0.717578 0.292361 0.021875 0.033333
0 0.736328 0.269792 0.019531 0.031250
0 0.743555 0.228472 0.018359 0.026389
0 0.774805 0.202778 0.018359 0.022222
0 0.790430 0.202083 0.019141 0.027778
0 0.796484 0.177778 0.016406 0.027778
0 0.816602 0.161458 0.016016 0.022917
0 0.840234 0.136458 0.016406 0.021528
0 0.845117 0.146875 0.014453 0.020139
0 0.860742 0.121181 0.015234 0.020139
0 0.858594 0.136111 0.014063 0.020833
0 0.871484 0.111111 0.010937 0.013889
0 0.876563 0.123611 0.013281 0.016667
0 0.883984 0.100694 0.011719 0.012500
0 0.887500 0.111111 0.014063 0.012500
0 0.873633 0.110069 0.015234 0.020139
0 0.908594 0.089931 0.015625 0.018750
0 0.920117 0.075347 0.011328 0.020139
0 0.927539 0.073958 0.009766 0.011806
0 0.904297 0.080208 0.010156 0.010417
0 0.913477 0.069792 0.008203 0.011806
0 0.936328 0.049653 0.009375 0.015972
0 0.943555 0.041667 0.011328 0.015278
