2 0.795117 0.651736 0.084766 0.100694
2 0.793359 0.612847 0.116406 0.109028
2 0.839258 0.377083 0.051953 0.051389
2 0.741211 0.222569 0.037891 0.059028
2 0.869141 0.169792 0.028125 0.039583
2 0.867188 0.150694 0.024219 0.037500
1 0.527344 0.579514 0.057031 0.072917
0 0.175000 0.297917 0.023438 0.026389
0 0.194531 0.310417 0.021094 0.031944
0 0.217969 0.311806 0.019531 0.033333
0 0.228320 0.343403 0.022266 0.029861
0 0.236133 0.328472 0.020703 0.031944
0 0.253906 0.304861 0.019531 0.029167
0 0.257422 0.338194 0.034375 0.051389
0 0.255859 0.367361 0.024219 0.031944
0 0.250586 0.383681 0.017578 0.025694
0 0.271289 0.315278 0.021484 0.026389
0 0.292969 0.332639 0.022656 0.031944
0 0.288086 0.348264 0.024609 0.029861
0 0.284961 0.367361 0.023828 0.033333
0 0.280078 0.386806 0.026562 0.031944
0 0.302930 0.403125 0.025391 0.039583
0 0.313867 0.393056 0.024609 0.037500
0 0.310937 0.368750 0.021875 0.033333
0 0.318750 0.352431 0.025781 0.028472
0 0.339258 0.367708 0.025391 0.031250
0 0.340234 0.393403 0.025781 0.029861
0 0.360547 0.387153 0.025781 0.031250
0 0.298438 0.863542 0.036719 0.042361
0 0.342187 0.668750 0.033594 0.045833
0 0.360547 0.752778 0.035156 0.038889
0 0.378516 0.694792 0.035156 0.042361
0 0.410156 0.728819 0.038281 0.049306
0 0.486914 0.596875 0.028516 0.035417
0 0.619336 0.984375 0.042578 0.031250
0 0.716992 0.977083 0.019922 0.045833
0 0.750000 0.849653 0.037500 0.043750
0 0.668164 0.930556 0.033203 0.061111
0 0.636914 0.754514 0.041016 0.050694
0 0.947266 0.749653 0.032813 0.036806
0 0.987109 0.772917 0.025781 0.040278
0 0.987695 0.750347 0.024609 0.025694
0 0.905469 0.717361 0.035937 0.033333
0 0.907813 0.695833 0.033594 0.034722
0 0.859766 0.684722 0.044531 0.056944
0 0.822266 0.622917 0.032813 0.043056
0 0.719336 0.637500 0.037891 0.037500
0 0.760547 0.671181 0.039062 0.035417
0 0.728516 0.626736 0.035937 0.038194
0 0.755469 0.622917 0.023438 0.031944
0 0.894531 0.479514 0.017969 0.032639
0 0.925977 0.416667 0.023828 0.027778
0 0.894141 0.396181 0.025781 0.031250
0 0.857812 0.363542 0.022656 0.024306
0 0.655078 0.432639 0.024219 0.037500
0 0.647461 0.406944 0.030078 0.041667
0 0.568750 0.375000 0.039062 0.041667
0 0.643359 0.373264 0.022656 0.027083
0 0.636719 0.350694 0.023438 0.031944
0 0.726758 0.347917 0.021484 0.026389
0 0.703516 0.346875 0.023438 0.029861
0 0.697266 0.312153 0.019531 0.029861
0 0.780859 0.276389 0.017969 0.027778
0 0.803320 0.224306 0.022266 0.037500
0 0.827148 0.224306 0.016016 0.022222
0 0.784570 0.189931 0.015234 0.020139
0 0.961328 0.061111 0.010937 0.013889
0 0.948047 0.090972 0.010156 0.015278
0 0.996875 0.019792 0.006250 0.014583
0 0.990039 0.005208 0.009766 0.009028
