2 0.794141 0.654167 0.092188 0.095833
2 0.792969 0.613542 0.117188 0.107639
2 0.839453 0.373611 0.050000 0.044444
2 0.624609 0.329167 0.044531 0.070833
2 0.930078 0.104167 0.021094 0.034722
2 0.919922 0.099306 0.015625 0.031944
1 0.643359 0.446181 0.041406 0.060417
0 0.175195 0.298611 0.019922 0.027778
0 0.192969 0.308333 0.018750 0.030556
0 0.217969 0.310069 0.019531 0.028472
0 0.228320 0.341667 0.020703 0.027778
0 0.237500 0.328125 0.017188 0.029861
0 0.253711 0.303472 0.019922 0.023611
0 0.273242 0.315972 0.022266 0.029167
0 0.257812 0.338194 0.030469 0.045833
0 0.255078 0.366667 0.024219 0.029167
0 0.250195 0.382986 0.023047 0.031250
0 0.279687 0.385417 0.023438 0.030556
0 0.284180 0.367014 0.020703 0.031250
0 0.288477 0.349653 0.021484 0.027083
0 0.293555 0.332292 0.021484 0.031250
0 0.317578 0.351736 0.021875 0.027083
0 0.310352 0.365625 0.021484 0.027083
0 0.314453 0.393403 0.021875 0.034028
0 0.302734 0.404861 0.022656 0.027778
0 0.340039 0.392361 0.026172 0.029167
0 0.338672 0.367708 0.023438 0.025694
0 0.359961 0.386458 0.022266 0.028472
0 0.235156 0.899306 0.040625 0.045833
0 0.378711 0.694097 0.036328 0.039583
0 0.424609 0.721875 0.035937 0.043750
0 0.444336 0.557292 0.023047 0.036806
0 0.614648 0.989583 0.036328 0.020833
0 0.715820 0.977778 0.022266 0.044444
0 0.750195 0.849653 0.033984 0.045139
0 0.708203 0.832986 0.030469 0.050694
0 0.635938 0.753125 0.039062 0.045139
0 0.660937 0.938194 0.035937 0.054167
0 0.546875 0.567361 0.030469 0.045833
0 0.587305 0.480208 0.023828 0.027083
0 0.462305 0.365972 0.033984 0.036111
0 0.987305 0.772917 0.025391 0.040278
0 0.988477 0.748958 0.023047 0.022917
0 0.949414 0.750000 0.031641 0.037500
0 0.905078 0.718750 0.033594 0.030556
0 0.907422 0.697222 0.034375 0.037500
0 0.859570 0.683681 0.045703 0.053472
0 0.856250 0.618403 0.028906 0.035417
0 0.821484 0.620486 0.032813 0.039583
0 0.761719 0.668750 0.035156 0.034722
0 0.753906 0.618056 0.017969 0.022222
0 0.717383 0.637847 0.033984 0.036806
0 0.729492 0.627778 0.033984 0.037500
0 0.893945 0.479861 0.016797 0.030556
0 0.925391 0.415972 0.021875 0.019444
0 0.893750 0.396528 0.025781 0.027778
0 0.868359 0.443750 0.017188 0.036111
0 0.858594 0.364236 0.021094 0.024306
0 0.643164 0.372569 0.019922 0.024306
0 0.672461 0.381597 0.023047 0.024306
0 0.669727 0.343403 0.019922 0.027083
0 0.691797 0.293750 0.017188 0.023611
0 0.770898 0.293403 0.017578 0.031250
0 0.754102 0.282986 0.023047 0.039583
0 0.816797 0.238542 0.015625 0.022917
0 0.799219 0.232639 0.014844 0.022222
0 0.858984 0.185764 0.016406 0.022917
0 0.896875 0.148264 0.012500 0.020139
0 0.879883 0.153819 0.016016 0.031250
0 0.949414 0.045139 0.009766 0.018056
0 0.993555 0.038542 0.008203 0.011806
0 0.971289 0.026042 0.009766 0.013194
0 0.995898 0.023611 0.007422 0.013889
