2 0.796484 0.654861 0.087500 0.104167
2 0.325000 0.779167 0.068750 0.104167
2 0.229687 0.881597 0.097656 0.124306
2 0.179492 0.182639 0.040234 0.052778
2 0.833008 0.372222 0.061328 0.051389
1 0.506445 0.656597 0.048047 0.057639
2 0.794727 0.611806 0.120703 0.111111
1 0.005859 0.077083 0.010937 0.026389
0 0.051758 0.156944 0.013672 0.022222
0 0.067773 0.186806 0.015234 0.023611
0 0.055664 0.196528 0.014453 0.018056
0 0.135937 0.261458 0.019531 0.027083
0 0.194141 0.259375 0.016406 0.022917
0 0.259375 0.244097 0.018750 0.020139
0 0.227148 0.282986 0.020703 0.028472
0 0.188867 0.310417 0.022266 0.027778
0 0.235742 0.328125 0.019141 0.032639
0 0.258203 0.338889 0.028125 0.050000
0 0.289258 0.329167 0.020703 0.029167
0 0.250000 0.360764 0.020313 0.025694
0 0.250977 0.384028 0.022266 0.029167
0 0.279492 0.384722 0.023047 0.030556
0 0.284766 0.365278 0.021875 0.031944
0 0.302539 0.403472 0.022266 0.030556
0 0.313281 0.393056 0.023438 0.033333
0 0.309961 0.367014 0.020703 0.029861
0 0.338867 0.391667 0.026953 0.031944
0 0.316797 0.352083 0.021875 0.027778
0 0.338867 0.369444 0.024609 0.029167
0 0.359766 0.385417 0.023438 0.027778
0 0.377344 0.320486 0.030469 0.036806
0 0.239648 0.938194 0.028516 0.033333
0 0.306445 0.858333 0.038672 0.041667
0 0.388672 0.761111 0.036719 0.043056
0 0.502930 0.392708 0.032422 0.022917
0 0.557813 0.382986 0.023438 0.028472
0 0.459766 0.545833 0.028906 0.037500
0 0.466602 0.630208 0.024609 0.036806
0 0.528711 0.545139 0.025391 0.038889
0 0.493359 0.493056 0.028906 0.036111
0 0.615625 0.986111 0.042188 0.027778
0 0.716992 0.978125 0.020703 0.043750
0 0.651758 0.956597 0.030859 0.054861
0 0.750977 0.851389 0.037109 0.041667
0 0.635938 0.756597 0.038281 0.043750
0 0.685156 0.692361 0.035156 0.041667
0 0.988672 0.775347 0.022656 0.040972
0 0.988281 0.751736 0.023438 0.032639
0 0.948242 0.750000 0.031641 0.037500
0 0.905078 0.718403 0.035937 0.034028
0 0.907031 0.695833 0.032813 0.033333
0 0.860156 0.685417 0.042969 0.054167
0 0.821484 0.619097 0.030469 0.040972
0 0.753711 0.621528 0.019141 0.026389
0 0.717383 0.637847 0.035547 0.038194
0 0.728320 0.626736 0.033203 0.036806
0 0.894531 0.479861 0.017188 0.029167
0 0.925781 0.416319 0.022656 0.021528
0 0.894922 0.396528 0.026562 0.027778
0 0.868555 0.445486 0.017578 0.043750
0 0.856836 0.365625 0.022266 0.027083
0 0.639648 0.329861 0.019922 0.026389
0 0.664062 0.390625 0.020313 0.029861
0 0.677539 0.409722 0.020703 0.027778
0 0.779297 0.263889 0.017188 0.023611
0 0.749414 0.254861 0.017578 0.026389
0 0.723047 0.247569 0.018750 0.025694
0 0.903906 0.073958 0.010937 0.020139
0 0.980859 0.043750 0.010156 0.019444
0 0.962305 0.077083 0.010547 0.016667
0 0.980078 0.012153 0.008594 0.010417
