2 0.831445 0.373264 0.064453 0.056250
2 0.793359 0.617014 0.117969 0.117361
2 0.674805 0.283681 0.044922 0.072917
2 0.123633 0.965972 0.099609 0.068056
2 0.229687 0.878472 0.077344 0.104167
1 0.343750 0.805556 0.048438 0.077778
1 0.300391 0.281250 0.045312 0.054167
1 0.534375 0.383681 0.044531 0.040972
0 0.858008 0.687153 0.046484 0.059028
1 0.733789 0.335764 0.032422 0.054861
1 0.889062 0.132292 0.015625 0.028472
0 0.015234 0.135764 0.011719 0.015972
0 0.036328 0.143056 0.017188 0.019444
0 0.121094 0.231944 0.016406 0.029167
0 0.083594 0.214931 0.019531 0.020139
0 0.158398 0.230556 0.020703 0.025000
0 0.301563 0.405208 0.021875 0.032639
0 0.313086 0.395139 0.023047 0.031944
0 0.357812 0.387153 0.023438 0.031250
0 0.358594 0.317361 0.020313 0.027778
0 0.430273 0.356250 0.026953 0.030556
0 0.056836 0.945139 0.036328 0.052778
0 0.141406 0.878472 0.038281 0.061111
0 0.194531 0.980556 0.039844 0.038889
0 0.217773 0.799653 0.038672 0.049306
0 0.301563 0.687153 0.033594 0.046528
0 0.389453 0.612500 0.041406 0.059722
0 0.456836 0.529861 0.029297 0.038889
0 0.232813 0.935417 0.041406 0.031944
0 0.288477 0.835069 0.034766 0.039583
0 0.293750 0.868750 0.035156 0.037500
0 0.325781 0.789236 0.032813 0.046528
0 0.363672 0.747222 0.033594 0.036111
0 0.384961 0.765972 0.035547 0.038889
0 0.400586 0.711111 0.033984 0.044444
0 0.415039 0.731944 0.035547 0.043056
0 0.517773 0.992361 0.030859 0.015278
0 0.617383 0.986806 0.040234 0.026389
0 0.717578 0.976042 0.021094 0.047917
0 0.946094 0.895139 0.039062 0.054167
0 0.831641 0.773264 0.035937 0.045139
0 0.681055 0.802083 0.019141 0.051389
0 0.750391 0.850347 0.036719 0.045139
0 0.654297 0.849653 0.034375 0.068750
0 0.617383 0.916667 0.032422 0.065278
0 0.650781 0.957639 0.032813 0.056944
0 0.635938 0.757639 0.039062 0.050000
0 0.633984 0.634375 0.032031 0.045139
0 0.576172 0.496181 0.017188 0.052083
0 0.680859 0.456944 0.019531 0.041667
0 0.988867 0.777778 0.022266 0.044444
0 0.988281 0.748264 0.023438 0.028472
0 0.949805 0.752083 0.033203 0.041667
0 0.904687 0.721181 0.035156 0.040972
0 0.908203 0.697222 0.033594 0.041667
0 0.810156 0.657986 0.035156 0.036806
0 0.821680 0.621528 0.031641 0.040278
0 0.759375 0.624653 0.034375 0.029861
0 0.728516 0.626042 0.033594 0.036806
0 0.718555 0.639931 0.038672 0.042361
0 0.588672 0.373958 0.025000 0.029861
0 0.893555 0.480903 0.018359 0.034028
0 0.924414 0.414236 0.020703 0.017361
0 0.894922 0.399653 0.027344 0.031250
0 0.868164 0.445833 0.016797 0.044444
0 0.856641 0.360417 0.021875 0.026389
0 0.785937 0.334028 0.018750 0.029167
0 0.705859 0.285069 0.019531 0.029861
0 0.741992 0.229167 0.016797 0.022222
0 0.785547 0.187153 0.021875 0.027083
0 0.822852 0.233681 0.016797 0.025694
0 0.808008 0.172917 0.013672 0.023611
0 0.823633 0.154514 0.012891 0.022917
0 0.846484 0.129514 0.012500 0.021528
0 0.917773 0.128125 0.011328 0.015972
0 0.935547 0.048958 0.010156 0.015972
