2 0.656250 0.299653 0.049219 0.049306
2 0.831250 0.369792 0.061719 0.057639
2 0.378125 0.761458 0.060937 0.065972
2 0.016992 0.119444 0.030859 0.040278
1 0.006836 0.128472 0.012891 0.030556
1 0.158789 0.975694 0.054297 0.048611
0 0.016211 0.984028 0.026953 0.031944
1 0.176367 0.294444 0.022266 0.031944
1 0.791211 0.194097 0.019922 0.028472
1 0.757227 0.212847 0.027734 0.028472
1 0.893945 0.078819 0.019922 0.027083
1 0.854688 0.136458 0.014063 0.028472
0 0.122070 0.201389 0.016797 0.026389
0 0.227930 0.234375 0.023047 0.022917
0 0.195312 0.257639 0.021094 0.027778
0 0.182812 0.279861 0.019531 0.022222
0 0.212109 0.305208 0.018750 0.027083
0 0.235352 0.322222 0.026172 0.037500
0 0.218164 0.331250 0.024609 0.023611
0 0.211328 0.344792 0.017188 0.031250
0 0.243555 0.356250 0.021484 0.027778
0 0.255078 0.344444 0.020313 0.031944
0 0.275781 0.359722 0.019531 0.029167
0 0.268750 0.375347 0.022656 0.036806
0 0.290234 0.352778 0.021094 0.029167
0 0.290234 0.330208 0.018750 0.025694
0 0.325000 0.360417 0.025000 0.034722
0 0.350195 0.379861 0.023828 0.031944
0 0.333984 0.390278 0.025000 0.034722
0 0.300000 0.378819 0.017188 0.021528
0 0.323437 0.397917 0.024219 0.036111
0 0.306641 0.408681 0.024219 0.039583
0 0.286133 0.875000 0.045703 0.043056
0 0.327148 0.822917 0.040234 0.040278
0 0.351758 0.755556 0.036328 0.043056
0 0.405273 0.695486 0.032422 0.043750
0 0.427930 0.707639 0.027734 0.044444
0 0.522852 0.442014 0.024609 0.040972
0 0.540430 0.460764 0.025391 0.038194
0 0.594141 0.363542 0.031250 0.042361
0 0.637500 0.354861 0.021875 0.034722
0 0.667578 0.318403 0.023438 0.035417
0 0.691406 0.299653 0.021094 0.031250
0 0.703516 0.260417 0.015625 0.025000
0 0.706836 0.281250 0.016016 0.025000
0 0.720898 0.267014 0.014453 0.025694
0 0.738281 0.251042 0.016406 0.015972
0 0.730859 0.233681 0.017188 0.024306
0 0.753711 0.235417 0.012891 0.020833
0 0.767188 0.222569 0.015625 0.022917
0 0.777930 0.217708 0.012109 0.017361
0 0.778320 0.193750 0.012891 0.016667
0 0.801367 0.173611 0.014453 0.015278
0 0.809570 0.193750 0.012891 0.020833
0 0.819336 0.175347 0.012891 0.025694
0 0.828516 0.171875 0.011719 0.015972
0 0.813281 0.163889 0.014063 0.013889
0 0.823438 0.151042 0.014063 0.015972
0 0.834375 0.157292 0.011719 0.014583
0 0.840430 0.136806 0.011328 0.018056
0 0.876953 0.154514 0.012500 0.018750
0 0.876563 0.121181 0.010156 0.011806
0 0.864062 0.128125 0.007031 0.011806
0 0.870898 0.109722 0.012891 0.016667
0 0.886719 0.113194 0.008594 0.013889
0 0.902930 0.096875 0.011328 0.013194
0 0.905469 0.077431 0.008594 0.011806
0 0.916406 0.068403 0.010156 0.017361
0 0.926562 0.057986 0.008594 0.017361
0 0.932617 0.060764 0.008984 0.018750
0 0.941602 0.044444 0.008203 0.009722
0 0.945898 0.049306 0.006641 0.013889
0 0.955859 0.036111 0.010937 0.016667
0 0.970703 0.015625 0.008594 0.011806
0 0.617969 0.674306 0.032031 0.048611
0 0.633984 0.753472 0.039062 0.050000
0 0.682031 0.793056 0.035156 0.040278
0 0.652539 0.954861 0.031641 0.052778
0 0.718750 0.976042 0.028906 0.047917
0 0.924414 0.832639 0.033203 0.041667
0 0.750391 0.850694 0.045312 0.050000
0 0.754492 0.615972 0.035547 0.037500
0 0.764648 0.599653 0.024609 0.036806
0 0.776172 0.586111 0.033594 0.034722
0 0.857617 0.361111 0.022266 0.023611
0 0.893555 0.392361 0.030078 0.044444
0 0.928906 0.418056 0.025000 0.025000
0 0.893359 0.481597 0.012500 0.042361
0 0.868555 0.445486 0.025391 0.052083
0 0.821484 0.619097 0.034375 0.043750
0 0.809766 0.628472 0.039062 0.044444
0 0.792188 0.644097 0.030469 0.036806
0 0.833594 0.676042 0.033594 0.050694
0 0.856641 0.664583 0.031250 0.037500
0 0.910547 0.703472 0.032813 0.050000
0 0.964453 0.737500 0.040625 0.044444
0 0.983008 0.770833 0.030859 0.043056
