1 0.875781 0.659028 0.072656 0.079167
1 0.901367 0.710069 0.060547 0.065972
2 0.933008 0.496875 0.041797 0.056250
2 0.507227 0.515972 0.085547 0.068056
2 0.878320 0.165278 0.026172 0.044444
1 0.227930 0.891667 0.056641 0.077778
2 0.311914 0.791319 0.085547 0.122917
2 0.358984 0.779514 0.081250 0.125694
0 0.077734 0.211806 0.015625 0.025000
0 0.126758 0.204167 0.019141 0.027778
0 0.191406 0.288194 0.021094 0.031944
0 0.220312 0.297222 0.018750 0.030556
0 0.241016 0.296181 0.021094 0.032639
0 0.287695 0.333681 0.023828 0.034028
0 0.289844 0.395139 0.025000 0.033333
0 0.319727 0.397917 0.025391 0.034722
0 0.030273 0.964583 0.041797 0.059722
0 0.126172 0.904861 0.043750 0.055556
0 0.156250 0.979167 0.043750 0.041667
0 0.379297 0.694444 0.035937 0.044444
0 0.416992 0.691319 0.033203 0.043750
0 0.417187 0.729167 0.033594 0.041667
0 0.284570 0.879514 0.037109 0.039583
0 0.469336 0.575694 0.037891 0.037500
0 0.514453 0.448611 0.032031 0.030556
0 0.628125 0.988542 0.023438 0.022917
0 0.648633 0.958333 0.037109 0.052778
0 0.717187 0.977431 0.027344 0.045139
0 0.750781 0.850694 0.039062 0.047222
0 0.635938 0.753472 0.041406 0.045833
0 0.947852 0.682292 0.037891 0.036806
0 0.802148 0.651389 0.030859 0.036111
0 0.807031 0.627778 0.037500 0.041667
0 0.752539 0.618750 0.035547 0.040278
0 0.761328 0.599653 0.035156 0.035417
0 0.772656 0.568750 0.035937 0.037500
0 0.858594 0.622917 0.039844 0.037500
0 0.586914 0.450694 0.032422 0.033333
0 0.633203 0.422222 0.027344 0.031944
0 0.643164 0.438889 0.024609 0.031944
0 0.924414 0.416319 0.021484 0.025694
0 0.894531 0.482986 0.017969 0.038194
0 0.892969 0.397569 0.025000 0.031250
0 0.869531 0.445486 0.015625 0.043750
0 0.856641 0.363194 0.021875 0.027778
0 0.847266 0.374306 0.026562 0.031944
0 0.830273 0.352083 0.022266 0.027778
0 0.948047 0.077778 0.014844 0.026389
0 0.913867 0.070486 0.014453 0.020139
0 0.799023 0.189583 0.016797 0.027778
0 0.766211 0.300347 0.023828 0.028472
0 0.781836 0.257639 0.017578 0.025000
0 0.760352 0.244792 0.021484 0.029861
0 0.751367 0.234722 0.017578 0.025000
0 0.729688 0.316667 0.017188 0.026389
0 0.714258 0.358681 0.017578 0.029861
0 0.677930 0.376736 0.024609 0.029861
0 0.729297 0.256944 0.022656 0.029167
0 0.733398 0.275347 0.015234 0.027083
0 0.702344 0.263542 0.018750 0.028472
0 0.713477 0.277083 0.018359 0.026389
0 0.719922 0.294097 0.017188 0.025694
0 0.686914 0.281597 0.015234 0.025694
0 0.697461 0.287847 0.019141 0.027083
0 0.696094 0.311458 0.020313 0.035417
0 0.668555 0.293403 0.016797 0.027083
0 0.680273 0.309375 0.020703 0.025694
0 0.680273 0.331597 0.021484 0.031250
0 0.658984 0.308681 0.021094 0.027083
0 0.663086 0.326736 0.020703 0.025694
0 0.661328 0.352431 0.020313 0.028472
0 0.635352 0.349653 0.023828 0.039583
0 0.642773 0.373264 0.020703 0.029861
1 0.623047 0.340972 0.026562 0.050000
