1 0.876563 0.658681 0.079687 0.085417
1 0.901367 0.709028 0.060547 0.068056
1 0.752344 0.650347 0.064062 0.075694
2 0.938867 0.490278 0.041016 0.052778
1 0.227734 0.893403 0.053125 0.075694
1 0.621875 0.340625 0.029687 0.047917
2 0.366016 0.597569 0.078125 0.115972
2 0.358594 0.783681 0.082031 0.124306
2 0.311523 0.790278 0.080859 0.120833
0 0.051172 0.170833 0.012500 0.019444
0 0.088867 0.211111 0.018359 0.026389
0 0.121680 0.245139 0.020703 0.025000
0 0.198242 0.315278 0.022266 0.031944
0 0.281055 0.362153 0.026172 0.039583
0 0.315820 0.353472 0.026953 0.030556
0 0.319141 0.398611 0.022656 0.034722
0 0.304297 0.407292 0.025000 0.031250
0 0.291016 0.421528 0.028906 0.031944
0 0.440234 0.435764 0.029687 0.028472
0 0.449805 0.467014 0.037109 0.040972
0 0.516797 0.455556 0.035156 0.029167
0 0.163867 0.822569 0.037891 0.049306
0 0.155078 0.979514 0.047656 0.040972
0 0.378516 0.694097 0.037500 0.043750
0 0.416016 0.692014 0.033594 0.042361
0 0.416797 0.725000 0.037500 0.036111
0 0.376563 0.726042 0.031250 0.029861
0 0.283203 0.882292 0.039062 0.034028
0 0.988477 0.028472 0.009766 0.015278
0 0.940234 0.045833 0.011719 0.015278
2 0.949414 0.087153 0.017578 0.032639
0 0.897461 0.099306 0.012109 0.018056
0 0.894141 0.151389 0.013281 0.018056
0 0.877734 0.152083 0.014063 0.016667
0 0.849414 0.179861 0.019141 0.019444
0 0.843945 0.206250 0.016016 0.023611
0 0.815234 0.218056 0.015625 0.022222
0 0.762695 0.278125 0.018359 0.022917
0 0.758984 0.309028 0.019531 0.029167
0 0.726562 0.322569 0.017188 0.027083
0 0.670703 0.387153 0.021094 0.027083
0 0.681836 0.440278 0.016797 0.034722
0 0.697656 0.500000 0.025781 0.034722
0 0.740625 0.547222 0.033594 0.036111
0 0.750391 0.850000 0.036719 0.045833
0 0.636523 0.757986 0.040234 0.053472
0 0.690625 0.877083 0.030469 0.058333
0 0.716992 0.976042 0.022266 0.047917
0 0.633594 0.979861 0.026562 0.040278
0 0.982227 0.744444 0.035547 0.045833
0 0.802930 0.652778 0.032422 0.041667
0 0.807617 0.628125 0.036328 0.040972
0 0.751758 0.617708 0.033203 0.036806
0 0.761328 0.601389 0.033594 0.037500
0 0.925586 0.416319 0.023047 0.024306
0 0.893750 0.480556 0.015625 0.034722
0 0.893945 0.397222 0.023828 0.031944
0 0.868359 0.442708 0.014844 0.042361
0 0.858008 0.363889 0.023047 0.030556
0 0.846484 0.373958 0.025000 0.034028
0 0.829688 0.352083 0.021094 0.027778
0 0.794531 0.185069 0.017969 0.025694
0 0.759375 0.228819 0.019531 0.027083
0 0.750000 0.259028 0.018750 0.025000
0 0.741992 0.243750 0.016797 0.023611
0 0.728125 0.258681 0.017188 0.022917
0 0.732617 0.274653 0.013672 0.028472
0 0.712305 0.275000 0.017578 0.025000
0 0.719531 0.292708 0.019531 0.027083
0 0.702930 0.264583 0.019141 0.026389
0 0.686719 0.281597 0.014063 0.025694
0 0.698242 0.287153 0.017578 0.028472
0 0.696680 0.311458 0.020703 0.034028
0 0.668555 0.292708 0.016797 0.022917
0 0.680469 0.307986 0.019531 0.027083
0 0.679492 0.332292 0.019922 0.029861
0 0.658398 0.310069 0.017578 0.027083
0 0.663867 0.327083 0.019141 0.025000
0 0.660547 0.354167 0.018750 0.025000
0 0.634570 0.352083 0.024609 0.037500
0 0.642969 0.373958 0.022656 0.028472
