2 0.792383 0.614931 0.118359 0.117361
2 0.832422 0.373264 0.060156 0.056250
2 0.690625 0.268056 0.042969 0.070833
2 0.231055 0.873958 0.080078 0.099306
2 0.122266 0.963542 0.113281 0.072917
1 0.329297 0.306944 0.053125 0.062500
1 0.563086 0.381250 0.042578 0.050000
1 0.344922 0.803125 0.049219 0.065972
1 0.709570 0.364931 0.032422 0.056250
0 0.858594 0.688542 0.049219 0.056250
0 0.016211 0.126736 0.016797 0.029861
0 0.057031 0.193403 0.014844 0.021528
0 0.093555 0.209375 0.016797 0.029861
0 0.126953 0.208333 0.016406 0.025000
0 0.303320 0.407639 0.026953 0.036111
0 0.313086 0.391319 0.022266 0.032639
0 0.358008 0.388194 0.026953 0.043056
0 0.385937 0.334028 0.025000 0.027778
0 0.459570 0.372222 0.032422 0.031944
0 0.130078 0.862153 0.034375 0.054861
0 0.193945 0.977083 0.033984 0.044444
0 0.216211 0.797917 0.037891 0.055556
0 0.233008 0.932986 0.044141 0.032639
0 0.283398 0.729861 0.037891 0.051389
0 0.288281 0.833681 0.032031 0.049306
0 0.294336 0.865625 0.037891 0.039583
0 0.325195 0.789931 0.031641 0.042361
0 0.363672 0.750694 0.032813 0.047222
0 0.383984 0.767361 0.035937 0.045833
0 0.399805 0.710069 0.033203 0.043750
0 0.415430 0.729514 0.030859 0.045139
0 0.359766 0.630556 0.028906 0.038889
0 0.444727 0.553819 0.031641 0.060417
0 0.508789 0.480208 0.026953 0.032639
0 0.529102 0.989583 0.033984 0.020833
0 0.616797 0.982986 0.041406 0.034028
0 0.651758 0.957986 0.032422 0.056250
0 0.718164 0.977431 0.025391 0.045139
0 0.679883 0.802431 0.019141 0.056250
0 0.618359 0.911111 0.029687 0.062500
0 0.654883 0.849653 0.032422 0.067361
0 0.635547 0.756250 0.039062 0.051389
0 0.866211 0.837153 0.037891 0.053472
0 0.750391 0.851042 0.035156 0.050694
0 0.752539 0.719444 0.033203 0.040278
0 0.988867 0.775347 0.022266 0.045139
0 0.992383 0.753125 0.015234 0.024306
0 0.949609 0.754167 0.032813 0.036111
0 0.905078 0.719444 0.037500 0.033333
0 0.908203 0.697569 0.034375 0.036806
0 0.811719 0.659722 0.039844 0.038889
0 0.820312 0.620833 0.030469 0.040278
0 0.760156 0.624306 0.033594 0.031944
0 0.718555 0.637847 0.034766 0.042361
0 0.729688 0.627431 0.032813 0.038194
0 0.590625 0.583333 0.027344 0.041667
0 0.692383 0.484722 0.027734 0.038889
0 0.585742 0.453472 0.020703 0.045833
0 0.607031 0.358681 0.023438 0.031250
0 0.787695 0.339583 0.017578 0.040278
0 0.894141 0.477431 0.016406 0.038194
0 0.924609 0.419444 0.021875 0.025000
0 0.892969 0.399306 0.029687 0.036111
0 0.866602 0.446181 0.018359 0.049306
0 0.857227 0.363889 0.026953 0.034722
0 0.810352 0.247917 0.015234 0.018056
1 0.878711 0.148264 0.018359 0.027083
0 0.900000 0.146528 0.014844 0.020833
0 0.853320 0.122569 0.008203 0.022917
0 0.826758 0.151042 0.014453 0.021528
0 0.815430 0.164931 0.017578 0.020139
0 0.791992 0.184028 0.019922 0.025000
0 0.754297 0.221875 0.016406 0.025694
0 0.724805 0.265278 0.020703 0.030556
0 0.945117 0.041667 0.011328 0.022222
