2 0.277539 0.331944 0.050391 0.069444
2 0.136328 0.149653 0.035156 0.046528
2 0.665430 0.311111 0.033203 0.041667
2 0.826953 0.374653 0.073438 0.063194
2 0.720313 0.636806 0.072656 0.068056
2 0.778516 0.558333 0.112500 0.112500
1 0.241016 0.305208 0.034375 0.049306
1 0.177148 0.297569 0.033203 0.038194
1 0.195312 0.311806 0.021094 0.026389
1 0.843164 0.130903 0.027734 0.040972
1 0.938477 0.081944 0.013672 0.026389
1 0.660352 0.345139 0.030859 0.052778
0 0.020898 0.131597 0.014453 0.021528
0 0.123438 0.204861 0.020313 0.023611
0 0.149805 0.182986 0.017578 0.020139
0 0.309961 0.297222 0.019141 0.020833
0 0.375586 0.344097 0.027734 0.025694
0 0.166602 0.268056 0.020703 0.022222
0 0.190430 0.289583 0.020703 0.023611
0 0.210156 0.306944 0.021094 0.033333
0 0.233789 0.326042 0.029297 0.036806
0 0.246680 0.359375 0.019922 0.027083
0 0.258789 0.347917 0.021484 0.026389
0 0.274805 0.359722 0.021484 0.027778
0 0.266406 0.374306 0.025781 0.025000
0 0.263867 0.392361 0.022266 0.027778
0 0.210156 0.306944 0.019531 0.030556
0 0.303711 0.340625 0.011328 0.022917
0 0.322461 0.357986 0.025391 0.027083
0 0.312695 0.368403 0.022266 0.025694
0 0.297656 0.378819 0.023438 0.020139
0 0.312305 0.412153 0.024609 0.038194
0 0.322656 0.400347 0.026562 0.029861
0 0.333789 0.388542 0.023828 0.029861
0 0.349414 0.378472 0.023047 0.030556
0 0.379297 0.698264 0.035937 0.043750
0 0.635156 0.753819 0.042969 0.049306
0 0.749414 0.851042 0.036328 0.042361
0 0.662109 0.843750 0.028906 0.065278
0 0.619336 0.917361 0.033984 0.063889
0 0.715820 0.977431 0.030078 0.045139
0 0.651563 0.957292 0.035937 0.057639
0 0.614648 0.985417 0.045703 0.029167
0 0.879883 0.754861 0.037891 0.037500
0 0.964453 0.760764 0.034375 0.043750
0 0.995703 0.784028 0.008594 0.027778
0 0.963477 0.731250 0.037891 0.034722
0 0.952539 0.704861 0.034766 0.036111
2 0.984766 0.689236 0.030469 0.079861
0 0.896289 0.667014 0.035547 0.036806
0 0.906445 0.699306 0.036328 0.041667
0 0.888477 0.708681 0.033984 0.035417
0 0.841992 0.724653 0.037109 0.038194
0 0.835547 0.671181 0.033594 0.040972
0 0.852930 0.663889 0.031641 0.036111
0 0.858984 0.646181 0.032031 0.039583
0 0.818750 0.620139 0.030469 0.041667
0 0.808398 0.629514 0.037109 0.043750
0 0.790234 0.644792 0.031250 0.039583
0 0.779297 0.659375 0.028906 0.034028
0 0.795117 0.696528 0.038672 0.050000
0 0.733984 0.619792 0.031250 0.039583
0 0.746875 0.611806 0.026562 0.038889
0 0.766016 0.603472 0.031250 0.037500
0 0.764453 0.583681 0.032813 0.038194
0 0.895898 0.482986 0.016797 0.035417
0 0.924805 0.416319 0.022266 0.029861
0 0.893750 0.398958 0.023438 0.035417
0 0.855664 0.364931 0.021484 0.031250
0 0.866992 0.446875 0.017578 0.046528
0 0.609180 0.358333 0.016797 0.025000
0 0.620898 0.368750 0.019922 0.034722
0 0.639453 0.375000 0.021094 0.036111
0 0.684766 0.332292 0.017188 0.027083
0 0.652344 0.306944 0.012500 0.023611
0 0.706055 0.301736 0.019922 0.031250
0 0.742188 0.264583 0.018750 0.025000
0 0.792383 0.203819 0.013672 0.027083
0 0.821289 0.216667 0.016797 0.026389
0 0.867578 0.115278 0.014063 0.019444
0 0.963281 0.023611 0.012500 0.019444
0 0.979688 0.042014 0.008594 0.014583
