2 0.277734 0.328819 0.059375 0.077083
2 0.219531 0.929861 0.150000 0.138889
2 0.725977 0.636458 0.076172 0.071528
2 0.834180 0.368750 0.066016 0.044444
1 0.240430 0.302431 0.041016 0.050694
1 0.631445 0.457292 0.040234 0.056250
1 0.873437 0.098958 0.028906 0.040972
1 0.960742 0.031944 0.012109 0.023611
1 0.948242 0.030556 0.016797 0.026389
1 0.690625 0.313889 0.024219 0.041667
0 0.287500 0.287153 0.023438 0.024306
0 0.190820 0.287153 0.023828 0.028472
1 0.179102 0.296528 0.030859 0.038889
1 0.197656 0.314931 0.025781 0.038194
0 0.212500 0.305556 0.022656 0.030556
0 0.221094 0.335764 0.020313 0.029861
0 0.234180 0.323958 0.026953 0.038194
0 0.324023 0.357986 0.027734 0.031250
0 0.305078 0.339236 0.012500 0.022917
0 0.257812 0.345486 0.019531 0.027083
0 0.246484 0.355556 0.022656 0.025000
0 0.255859 0.384375 0.022656 0.027083
0 0.269336 0.374653 0.026172 0.031250
0 0.274414 0.359722 0.020703 0.029167
0 0.307227 0.411111 0.024609 0.038889
0 0.299023 0.381944 0.022266 0.030556
0 0.320117 0.399653 0.025391 0.036806
0 0.334375 0.388889 0.025781 0.036111
0 0.348438 0.378472 0.024219 0.031944
0 0.468359 0.381250 0.029687 0.033333
0 0.519531 0.469444 0.027344 0.045833
0 0.594531 0.468056 0.025781 0.045833
0 0.476758 0.613542 0.041016 0.054861
0 0.355664 0.796181 0.047266 0.068750
0 0.378711 0.698611 0.037891 0.041667
0 0.251563 0.743750 0.039062 0.059722
0 0.091602 0.938194 0.049609 0.058333
0 0.430078 0.661111 0.035937 0.047222
0 0.435937 0.708333 0.046875 0.055556
0 0.516992 0.649653 0.039453 0.050694
0 0.716406 0.973611 0.030469 0.052778
0 0.753516 0.850000 0.053125 0.056944
0 0.681836 0.794097 0.023828 0.059028
0 0.685937 0.744444 0.042188 0.052778
0 0.635156 0.755556 0.045312 0.058333
0 0.633203 0.890625 0.039062 0.060417
0 0.754492 0.617014 0.033203 0.046528
0 0.766406 0.601042 0.033594 0.043750
0 0.772461 0.583681 0.042578 0.043750
0 0.791406 0.645139 0.035156 0.048611
0 0.807422 0.627431 0.044531 0.049306
0 0.821289 0.614236 0.034766 0.046528
0 0.835547 0.674653 0.039062 0.049306
0 0.854688 0.661111 0.038281 0.044444
0 0.887695 0.712153 0.037891 0.054861
0 0.904492 0.695833 0.039453 0.051389
0 0.964063 0.736111 0.039062 0.051389
0 0.894531 0.478819 0.016406 0.049306
0 0.866602 0.447222 0.020703 0.051389
0 0.927734 0.418056 0.024219 0.033333
0 0.893359 0.396528 0.026562 0.030556
0 0.831250 0.375694 0.064844 0.055556
0 0.860938 0.366667 0.028125 0.029167
0 0.834180 0.394792 0.030078 0.034028
0 0.688867 0.391319 0.022266 0.034028
0 0.655078 0.404167 0.022656 0.027778
0 0.640039 0.369097 0.025391 0.045139
0 0.631445 0.355556 0.024609 0.036111
0 0.662695 0.305903 0.017578 0.032639
0 0.741602 0.235417 0.019922 0.029167
0 0.748437 0.255208 0.020313 0.029861
0 0.764844 0.213194 0.018750 0.026389
0 0.797461 0.194792 0.018359 0.022917
0 0.798047 0.178819 0.013281 0.020139
0 0.819336 0.169444 0.014453 0.022222
0 0.838086 0.136111 0.011328 0.022222
0 0.846680 0.145833 0.011328 0.022222
0 0.901953 0.145139 0.011719 0.018056
0 0.832812 0.395139 0.026562 0.030556
0 0.911523 0.072222 0.014453 0.018056
0 0.900000 0.082292 0.013281 0.015972
0 0.907227 0.092708 0.011328 0.014583
0 0.891602 0.107292 0.015234 0.021528
0 0.934766 0.052083 0.009375 0.015278
0 0.947656 0.051389 0.010156 0.019444
0 0.974609 0.022917 0.010156 0.018056
