2 0.794727 0.655556 0.087109 0.095833
2 0.794336 0.612847 0.118359 0.109028
2 0.831445 0.370486 0.062109 0.050694
2 0.256055 0.235764 0.046484 0.063194
2 0.265430 0.842708 0.076172 0.102083
2 0.159570 0.945139 0.100391 0.109722
1 0.440430 0.697917 0.046484 0.063889
1 0.058984 0.115278 0.020313 0.033333
0 0.039258 0.093403 0.013672 0.015972
0 0.003906 0.115278 0.007031 0.022222
0 0.025977 0.149306 0.012109 0.023611
0 0.010742 0.155556 0.012891 0.015278
0 0.140820 0.216319 0.017578 0.022917
0 0.091992 0.221181 0.016797 0.022917
0 0.139844 0.267361 0.019531 0.029167
0 0.173437 0.241319 0.019531 0.027083
0 0.209375 0.304167 0.022656 0.036111
0 0.224609 0.338194 0.020313 0.026389
0 0.255469 0.337500 0.031250 0.051389
0 0.261328 0.309028 0.021094 0.030556
0 0.252539 0.384028 0.023047 0.030556
0 0.279492 0.384028 0.023828 0.034722
0 0.284180 0.366319 0.020703 0.034028
0 0.302148 0.361458 0.021484 0.029861
0 0.311523 0.347569 0.022266 0.031250
0 0.302148 0.404167 0.020703 0.031944
0 0.314063 0.394444 0.021875 0.034722
0 0.280469 0.386111 0.020313 0.034722
0 0.338281 0.390972 0.026562 0.033333
0 0.339648 0.367708 0.026172 0.032639
0 0.360352 0.388194 0.023828 0.030556
0 0.341797 0.301736 0.021875 0.025694
0 0.459766 0.372569 0.038281 0.038194
0 0.193945 0.980903 0.030078 0.038194
0 0.253320 0.912153 0.029297 0.040972
0 0.309570 0.852431 0.038672 0.043750
0 0.372656 0.741319 0.031250 0.039583
0 0.437891 0.657986 0.027344 0.036806
0 0.534961 0.641667 0.034766 0.034722
0 0.554883 0.440972 0.027734 0.034722
0 0.554492 0.516667 0.023828 0.031944
0 0.583398 0.523958 0.025391 0.036806
0 0.584570 0.953819 0.038672 0.049306
0 0.617188 0.984722 0.040625 0.030556
0 0.650977 0.956944 0.031641 0.059722
0 0.715625 0.977083 0.024219 0.045833
0 0.750977 0.851042 0.036328 0.046528
0 0.636328 0.755556 0.036719 0.050000
0 0.988086 0.775347 0.023828 0.043750
0 0.987109 0.750347 0.025781 0.029861
0 0.949219 0.750000 0.032031 0.037500
0 0.904687 0.718403 0.036719 0.039583
0 0.908008 0.695833 0.033984 0.038889
0 0.859961 0.685069 0.046484 0.056250
0 0.821484 0.621875 0.033594 0.043750
0 0.718164 0.637847 0.036328 0.036806
0 0.729102 0.626389 0.031641 0.034722
0 0.753906 0.620486 0.018750 0.025694
0 0.896094 0.480208 0.019531 0.035417
0 0.925586 0.414583 0.023047 0.020833
0 0.894531 0.396528 0.025000 0.029167
0 0.858398 0.363542 0.023828 0.025694
0 0.868750 0.446875 0.015625 0.047917
0 0.655664 0.405903 0.022266 0.028472
0 0.612500 0.379514 0.021875 0.029861
0 0.585938 0.375000 0.027344 0.022222
0 0.624219 0.343403 0.018750 0.029861
0 0.708203 0.259375 0.017969 0.024306
0 0.808984 0.189583 0.016406 0.025000
0 0.796484 0.180208 0.013281 0.018750
0 0.913086 0.060417 0.016016 0.026389
0 0.926953 0.117361 0.013281 0.022222
0 0.946484 0.081250 0.013281 0.019444
0 0.982227 0.036458 0.011328 0.021528
0 0.984961 0.051736 0.008984 0.014583
