2 0.451953 0.363889 0.073438 0.063889
2 0.857422 0.185417 0.038281 0.054167
2 0.838477 0.148958 0.022266 0.040972
2 0.722656 0.639931 0.069531 0.074306
2 0.827148 0.370486 0.076172 0.057639
2 0.277539 0.329167 0.051953 0.070833
1 0.240820 0.307986 0.037891 0.047917
1 0.174023 0.292708 0.032422 0.028472
1 0.195312 0.311806 0.028906 0.029167
1 0.661719 0.345833 0.035156 0.041667
1 0.659375 0.350000 0.034375 0.050000
1 0.890430 0.073958 0.031641 0.039583
1 0.696094 0.366319 0.029687 0.063194
0 0.190820 0.289931 0.019922 0.027083
0 0.213281 0.308333 0.022656 0.027778
0 0.235547 0.325347 0.031250 0.036806
0 0.222461 0.332292 0.015234 0.017361
0 0.252344 0.343056 0.025000 0.027778
0 0.245117 0.358681 0.023828 0.025694
0 0.254688 0.385069 0.023438 0.031250
0 0.269141 0.376042 0.022656 0.034028
0 0.276367 0.359722 0.022266 0.034722
0 0.297266 0.379514 0.021875 0.027083
0 0.311914 0.367708 0.020703 0.031250
0 0.323828 0.360069 0.027344 0.027083
0 0.304492 0.340278 0.011328 0.026389
0 0.348242 0.379167 0.026953 0.034722
0 0.334180 0.388542 0.026172 0.028472
0 0.322461 0.400000 0.027734 0.036111
0 0.308594 0.410417 0.026562 0.040278
0 0.184961 0.831944 0.042578 0.056944
0 0.378125 0.695833 0.035937 0.044444
0 0.541992 0.453125 0.029297 0.040972
0 0.559375 0.379861 0.030469 0.031944
0 0.632031 0.755903 0.044531 0.059028
0 0.751953 0.849653 0.041406 0.053472
0 0.714063 0.974653 0.031250 0.050694
0 0.610156 0.989236 0.051562 0.021528
0 0.652148 0.956250 0.034766 0.054167
0 0.619336 0.915278 0.037109 0.056944
0 0.663086 0.843750 0.029297 0.068056
0 0.982617 0.772569 0.034766 0.045139
0 0.971094 0.714583 0.041406 0.041667
0 0.963672 0.733333 0.037500 0.040278
0 0.930078 0.736111 0.035156 0.040278
0 0.902734 0.743750 0.035937 0.038889
0 0.887500 0.707639 0.035937 0.041667
0 0.904492 0.698611 0.037109 0.045833
0 0.882812 0.660069 0.036719 0.042361
0 0.856445 0.664931 0.033984 0.042361
0 0.837109 0.674306 0.035937 0.040278
0 0.841602 0.724306 0.041797 0.052778
0 0.797266 0.692708 0.039844 0.047917
0 0.848828 0.616667 0.035156 0.040278
0 0.820508 0.616319 0.030859 0.035417
0 0.808789 0.629514 0.037891 0.049306
0 0.790234 0.643056 0.035156 0.041667
0 0.773047 0.585764 0.035937 0.038194
0 0.765430 0.599306 0.032422 0.034722
0 0.757031 0.615972 0.028906 0.043056
0 0.733203 0.620139 0.037500 0.043056
0 0.893945 0.481597 0.022266 0.040972
0 0.924219 0.414931 0.026562 0.031250
0 0.894922 0.397569 0.026562 0.031250
0 0.868945 0.446528 0.022266 0.041667
0 0.859375 0.364236 0.027344 0.029861
0 0.795898 0.246181 0.017578 0.027083
0 0.760742 0.243750 0.020703 0.036111
0 0.746289 0.226389 0.019141 0.031944
0 0.714063 0.256597 0.022656 0.029861
0 0.683594 0.329167 0.016406 0.026389
0 0.658398 0.310764 0.025391 0.028472
0 0.638867 0.375000 0.030859 0.043056
0 0.819922 0.174653 0.012500 0.027083
0 0.792773 0.185417 0.015234 0.025000
0 0.859570 0.135764 0.019141 0.020139
0 0.826172 0.145833 0.016406 0.023611
0 0.920898 0.105208 0.016797 0.022917
0 0.940625 0.099306 0.019531 0.027778
0 0.947070 0.075000 0.011328 0.022222
0 0.921094 0.076042 0.014063 0.025694
