2 0.812305 0.669792 0.085547 0.100694
2 0.792969 0.612847 0.121094 0.106250
2 0.831055 0.372917 0.066797 0.052778
2 0.309570 0.270486 0.051172 0.063194
2 0.239453 0.869792 0.074219 0.107639
2 0.122266 0.963542 0.118750 0.072917
1 0.007031 0.077083 0.013281 0.036111
1 0.103711 0.143750 0.018359 0.034722
1 0.397461 0.744097 0.046484 0.071528
0 0.059570 0.194097 0.016797 0.024306
0 0.099219 0.184722 0.017188 0.020833
0 0.103125 0.235069 0.015625 0.021528
0 0.132031 0.209722 0.019531 0.022222
0 0.166992 0.268056 0.019922 0.029167
0 0.194727 0.314236 0.021484 0.027083
0 0.227148 0.282292 0.020703 0.025694
0 0.228711 0.314583 0.029297 0.048611
0 0.280664 0.343403 0.022266 0.031250
0 0.291992 0.332986 0.022266 0.034028
0 0.285156 0.366667 0.023438 0.033333
0 0.278516 0.386806 0.020313 0.029167
0 0.301953 0.404861 0.022656 0.036111
0 0.314063 0.395139 0.025781 0.034722
0 0.338086 0.389583 0.028516 0.031944
0 0.338281 0.369444 0.026562 0.031944
0 0.360352 0.387847 0.026172 0.035417
0 0.403516 0.343056 0.027344 0.029167
0 0.191992 0.979167 0.033984 0.041667
0 0.247070 0.920139 0.040234 0.040278
0 0.295898 0.863542 0.034766 0.036806
0 0.324805 0.795833 0.032422 0.047222
0 0.381445 0.724653 0.032422 0.040972
0 0.477539 0.670833 0.033984 0.037500
0 0.483203 0.605903 0.028906 0.036806
0 0.523828 0.598611 0.027344 0.036111
0 0.526953 0.380556 0.038281 0.030556
0 0.569336 0.504167 0.026953 0.029167
0 0.616211 0.986806 0.042578 0.026389
0 0.613672 0.920833 0.034375 0.058333
0 0.651172 0.954514 0.032031 0.060417
0 0.716406 0.977431 0.022656 0.045139
0 0.750195 0.850694 0.037109 0.044444
0 0.636328 0.755208 0.039062 0.045139
0 0.987891 0.773264 0.024219 0.040972
0 0.988867 0.749653 0.022266 0.027083
0 0.949805 0.749653 0.032422 0.035417
0 0.904687 0.718403 0.036719 0.038194
0 0.908594 0.696528 0.035156 0.034722
0 0.866992 0.691667 0.030078 0.040278
0 0.821875 0.621528 0.029687 0.038889
0 0.760156 0.625347 0.034375 0.035417
0 0.717969 0.637847 0.035937 0.038194
0 0.729297 0.626042 0.033594 0.036806
0 0.895117 0.479861 0.018359 0.033333
0 0.925195 0.417014 0.022266 0.024306
0 0.892969 0.398958 0.025781 0.031250
0 0.867188 0.445139 0.019531 0.043056
0 0.858008 0.363889 0.023828 0.027778
0 0.605469 0.388889 0.025000 0.029167
0 0.622461 0.349306 0.023828 0.031944
0 0.663086 0.300694 0.018359 0.029167
0 0.694336 0.296528 0.017578 0.027778
0 0.750586 0.220486 0.018359 0.022917
0 0.833008 0.146181 0.015234 0.020139
0 0.843555 0.152083 0.013672 0.020833
0 0.900000 0.144444 0.013281 0.019444
0 0.920117 0.109375 0.012109 0.025694
0 0.921094 0.057639 0.022656 0.025000
0 0.960352 0.061111 0.014453 0.022222
0 0.971289 0.068750 0.010547 0.013889
