2 0.793359 0.617708 0.117969 0.125694
2 0.830664 0.374653 0.066016 0.059028
2 0.766211 0.200347 0.041797 0.057639
2 0.212500 0.898611 0.087500 0.105556
2 0.099023 0.985764 0.069141 0.028472
1 0.345508 0.804514 0.051953 0.075694
1 0.658984 0.347569 0.029687 0.047917
1 0.647266 0.332292 0.032813 0.057639
1 0.650977 0.303472 0.040234 0.052778
1 0.821289 0.229861 0.026953 0.051389
1 0.717578 0.244097 0.028125 0.039583
2 0.940820 0.092708 0.020703 0.038194
0 0.359766 0.389236 0.025000 0.031250
0 0.188086 0.984028 0.030859 0.031944
0 0.233789 0.935764 0.042578 0.035417
0 0.292773 0.864236 0.041016 0.038194
0 0.287500 0.835069 0.035937 0.042361
0 0.324805 0.789583 0.034766 0.045833
0 0.364063 0.745833 0.032813 0.038889
0 0.383594 0.765278 0.032813 0.036111
0 0.395898 0.674653 0.037109 0.035417
0 0.396289 0.714931 0.037891 0.045139
0 0.414844 0.728472 0.034375 0.040278
0 0.541406 0.981250 0.046094 0.037500
0 0.616602 0.985069 0.041016 0.029861
0 0.651172 0.958681 0.032031 0.061806
0 0.717383 0.975694 0.028516 0.048611
0 0.618945 0.911111 0.030859 0.065278
0 0.655859 0.851042 0.040625 0.072917
0 0.637305 0.756944 0.045703 0.050000
0 0.682227 0.795139 0.023828 0.052778
0 0.750781 0.851736 0.042188 0.045139
0 0.820898 0.623264 0.031641 0.042361
0 0.894336 0.479861 0.018359 0.033333
0 0.925391 0.414931 0.022656 0.024306
0 0.894727 0.397222 0.027734 0.029167
0 0.868555 0.445139 0.016016 0.044444
0 0.858398 0.362847 0.024609 0.028472
0 0.694531 0.390625 0.017188 0.029861
0 0.648047 0.413889 0.025781 0.033333
0 0.631250 0.443750 0.025000 0.034722
0 0.625195 0.387847 0.024609 0.042361
0 0.623047 0.368403 0.018750 0.025694
0 0.610352 0.360764 0.017578 0.025694
0 0.623828 0.340278 0.020313 0.034722
0 0.684570 0.331944 0.022266 0.029167
0 0.671094 0.314583 0.016406 0.026389
0 0.678125 0.285417 0.015625 0.030556
0 0.688672 0.302778 0.016406 0.033333
0 0.707227 0.303125 0.018359 0.038194
0 0.724219 0.286111 0.017188 0.029167
0 0.706641 0.279514 0.019531 0.027083
0 0.698438 0.268750 0.021094 0.027778
0 0.722656 0.332292 0.020313 0.036806
0 0.790234 0.341667 0.016406 0.030556
0 0.759570 0.281944 0.016016 0.027778
0 0.737891 0.269792 0.012500 0.022917
0 0.730859 0.253472 0.017969 0.022222
0 0.736523 0.231250 0.017578 0.025000
0 0.753516 0.254514 0.014844 0.024306
0 0.771094 0.231250 0.016406 0.026389
0 0.800586 0.194097 0.018359 0.024306
0 0.788086 0.188194 0.015234 0.023611
0 0.813672 0.181944 0.013281 0.025000
0 0.826758 0.170486 0.011328 0.020139
0 0.823438 0.150694 0.008594 0.018056
0 0.833789 0.155556 0.012109 0.027778
0 0.848047 0.180208 0.014844 0.021528
0 0.867578 0.163542 0.014063 0.021528
0 0.875586 0.173958 0.011328 0.020139
0 0.886133 0.140972 0.014453 0.020833
0 0.856250 0.142014 0.012500 0.021528
1 0.847656 0.130903 0.017188 0.028472
0 0.897266 0.097222 0.012500 0.020833
0 0.926562 0.097222 0.009375 0.016667
0 0.945898 0.052431 0.010547 0.018750
