2 0.344141 0.290972 0.053125 0.058333
2 0.794727 0.653472 0.086328 0.094444
2 0.790820 0.611806 0.118359 0.106944
2 0.838477 0.376389 0.048828 0.037500
0 0.895312 0.082986 0.014844 0.025694
1 0.847656 0.197222 0.025000 0.036111
0 0.199219 0.195486 0.023438 0.032639
0 0.175195 0.300000 0.019141 0.025000
0 0.192969 0.309375 0.021875 0.032639
0 0.228906 0.345833 0.026562 0.030556
0 0.254883 0.367361 0.023047 0.026389
0 0.278906 0.386111 0.024219 0.030556
0 0.303320 0.405903 0.023828 0.027083
0 0.251758 0.385069 0.022266 0.029861
0 0.218164 0.310764 0.019141 0.029861
0 0.236523 0.328819 0.017578 0.028472
0 0.256055 0.337153 0.027734 0.047917
0 0.283008 0.367014 0.023047 0.034028
0 0.317188 0.397917 0.025781 0.033333
0 0.255078 0.304514 0.021094 0.027083
0 0.272656 0.315972 0.023438 0.030556
0 0.292773 0.332639 0.022266 0.026389
0 0.317969 0.351736 0.023438 0.028472
0 0.339062 0.368056 0.021875 0.026389
0 0.359570 0.386806 0.024609 0.027778
0 0.339844 0.392708 0.027344 0.031250
0 0.310156 0.365625 0.022656 0.028472
0 0.288672 0.346875 0.022656 0.031250
0 0.181641 0.804861 0.037500 0.052778
0 0.379102 0.693750 0.037109 0.040278
0 0.416406 0.692014 0.034375 0.042361
0 0.805273 0.834375 0.044141 0.049306
0 0.750195 0.846875 0.037109 0.040972
0 0.732031 0.743403 0.041406 0.039583
0 0.706250 0.843056 0.028906 0.050000
0 0.716211 0.977778 0.023047 0.044444
0 0.648047 0.959375 0.041406 0.052083
0 0.638086 0.757292 0.041797 0.043750
0 0.987305 0.775694 0.025391 0.043056
0 0.987891 0.750694 0.024219 0.031944
0 0.948438 0.750694 0.031250 0.038889
0 0.905664 0.718750 0.036328 0.034722
0 0.907227 0.697222 0.034766 0.038889
0 0.860547 0.684375 0.045312 0.056250
0 0.817578 0.618750 0.030469 0.040278
0 0.752344 0.619792 0.018750 0.024306
0 0.762305 0.671875 0.037109 0.040972
0 0.717773 0.638194 0.034766 0.036111
0 0.728320 0.628125 0.032422 0.038194
0 0.894531 0.479514 0.019531 0.029861
0 0.925586 0.416319 0.023828 0.029861
0 0.894727 0.398958 0.027734 0.028472
0 0.866992 0.445139 0.018359 0.036111
0 0.857617 0.363194 0.021484 0.026389
0 0.643555 0.373611 0.024609 0.031944
0 0.663867 0.346528 0.020703 0.029167
0 0.713086 0.361111 0.020703 0.026389
0 0.789648 0.269097 0.020703 0.025694
0 0.807813 0.226736 0.017188 0.024306
0 0.780078 0.207292 0.017969 0.028472
0 0.835156 0.155556 0.016406 0.019444
0 0.886133 0.156944 0.014453 0.019444
0 0.904102 0.123611 0.012109 0.015278
0 0.898828 0.101389 0.013281 0.019444
0 0.913477 0.069444 0.012109 0.016667
0 0.930078 0.069097 0.010937 0.015972
0 0.923242 0.097569 0.015234 0.025694
0 0.933008 0.104167 0.009766 0.019444
0 0.953320 0.085764 0.010547 0.013194
0 0.951172 0.071181 0.011719 0.017361
0 0.950195 0.034028 0.008984 0.016667
0 0.960938 0.033681 0.013281 0.015972
0 0.978320 0.040625 0.008984 0.014583
0 0.967969 0.017014 0.008594 0.013194
