2 0.645508 0.310417 0.052734 0.054167
2 0.375391 0.765278 0.071094 0.068056
2 0.032227 0.132639 0.033203 0.048611
2 0.831055 0.372222 0.072266 0.062500
1 0.206445 0.927431 0.055859 0.072917
1 0.015625 0.135764 0.023438 0.038194
1 0.183594 0.306250 0.031250 0.041667
1 0.891992 0.079514 0.026172 0.036806
1 0.852930 0.140278 0.016797 0.033333
1 0.792383 0.192361 0.024609 0.036111
1 0.754883 0.210417 0.029297 0.034722
0 0.139648 0.215972 0.019922 0.026389
0 0.196289 0.213542 0.023828 0.024306
0 0.208203 0.270486 0.023438 0.031250
0 0.213672 0.309028 0.023438 0.027778
0 0.187500 0.287153 0.019531 0.025694
0 0.236328 0.321181 0.032813 0.040972
0 0.222070 0.338542 0.022266 0.028472
0 0.247070 0.360069 0.019141 0.022917
0 0.237891 0.368750 0.018750 0.022222
0 0.262305 0.344792 0.016797 0.022917
0 0.278320 0.361806 0.019141 0.029167
0 0.265625 0.375000 0.027344 0.027778
0 0.295117 0.335417 0.021484 0.027778
0 0.325195 0.357639 0.026953 0.030556
0 0.300000 0.359722 0.019531 0.027778
0 0.351172 0.381250 0.024219 0.029167
0 0.334375 0.389583 0.024219 0.033333
0 0.324805 0.398611 0.028516 0.033333
0 0.310156 0.407986 0.024219 0.031250
0 0.297852 0.382639 0.019141 0.029167
0 0.118164 0.979861 0.047266 0.040278
0 0.287695 0.879514 0.049609 0.046528
0 0.329492 0.829167 0.041797 0.047222
0 0.405078 0.699653 0.027344 0.040972
0 0.354883 0.755208 0.045703 0.042361
0 0.428906 0.714236 0.035156 0.039583
0 0.499805 0.469097 0.029297 0.045139
0 0.503906 0.502431 0.039062 0.039583
0 0.654687 0.950694 0.039844 0.061111
0 0.715039 0.975000 0.029297 0.050000
0 0.683984 0.792708 0.047656 0.057639
0 0.636523 0.757292 0.044922 0.052083
0 0.639258 0.705208 0.041797 0.059028
0 0.750977 0.848958 0.042578 0.049306
0 0.987695 0.888889 0.024609 0.041667
0 0.960547 0.756944 0.039844 0.045833
0 0.966797 0.733333 0.040625 0.047222
0 0.912695 0.703125 0.045703 0.054861
0 0.856055 0.663194 0.037891 0.044444
0 0.834961 0.676042 0.035547 0.043750
0 0.808984 0.629167 0.039844 0.050000
0 0.823633 0.618056 0.033984 0.045833
0 0.790430 0.645486 0.032422 0.038194
0 0.754883 0.620139 0.038672 0.041667
0 0.768359 0.604167 0.035156 0.038889
0 0.774414 0.582986 0.030859 0.031250
0 0.686719 0.301736 0.019531 0.024306
0 0.694336 0.270833 0.016016 0.023611
0 0.706641 0.281944 0.012500 0.019444
0 0.723242 0.265625 0.014453 0.021528
0 0.726367 0.238542 0.013672 0.025694
0 0.738086 0.250000 0.013672 0.018056
0 0.756836 0.237153 0.015234 0.022917
0 0.766016 0.222917 0.012500 0.022222
0 0.774414 0.217014 0.011328 0.020139
0 0.778320 0.196181 0.008203 0.014583
0 0.622070 0.369097 0.021484 0.029861
0 0.573633 0.375694 0.026172 0.029167
0 0.801758 0.172917 0.009766 0.019444
0 0.813477 0.162500 0.012109 0.015278
0 0.820898 0.149306 0.010547 0.018056
0 0.835547 0.152431 0.016406 0.024306
0 0.828516 0.170139 0.010937 0.018056
0 0.818750 0.177083 0.016406 0.016667
0 0.807031 0.187153 0.014844 0.017361
0 0.895312 0.136111 0.011719 0.015278
0 0.875000 0.122222 0.010156 0.015278
0 0.890039 0.108681 0.012891 0.011806
0 0.850586 0.125694 0.011328 0.019444
0 0.864844 0.128472 0.012500 0.018056
0 0.875000 0.111458 0.010156 0.010417
0 0.952148 0.041667 0.011328 0.018056
0 0.965234 0.019097 0.010937 0.014583
0 0.939648 0.046181 0.009766 0.011806
0 0.930078 0.064931 0.008594 0.015972
0 0.923438 0.058333 0.007031 0.019444
0 0.914648 0.065972 0.008984 0.018056
0 0.858008 0.361806 0.022266 0.029167
0 0.892383 0.398611 0.025391 0.026389
0 0.924414 0.416667 0.024609 0.023611
0 0.894727 0.481944 0.017578 0.040278
0 0.868359 0.448611 0.019531 0.054167
