2 0.673242 0.284722 0.049609 0.045833
2 0.379492 0.755556 0.065234 0.069444
2 0.975195 0.884722 0.049609 0.084722
2 0.832031 0.371528 0.066406 0.051389
1 0.892969 0.078472 0.022656 0.034722
1 0.866797 0.128125 0.016406 0.024306
1 0.794922 0.192361 0.021094 0.034722
1 0.665820 0.661458 0.048828 0.059028
1 0.885742 0.860764 0.044922 0.059028
1 0.104492 0.232639 0.025391 0.031944
0 0.080078 0.174306 0.017969 0.026389
0 0.068359 0.188194 0.013281 0.022222
0 0.009766 0.120486 0.010156 0.022917
0 0.208984 0.271181 0.025000 0.024306
0 0.161328 0.246528 0.019531 0.030556
0 0.199219 0.295139 0.017188 0.025000
0 0.179883 0.300694 0.017578 0.027778
0 0.233008 0.322222 0.026172 0.040278
0 0.215820 0.334028 0.017578 0.022222
0 0.255273 0.343056 0.018359 0.033333
0 0.275391 0.359375 0.021094 0.031250
0 0.268164 0.373264 0.022266 0.031250
0 0.323633 0.357292 0.024609 0.031250
0 0.350586 0.381250 0.019922 0.029167
0 0.333984 0.389583 0.023438 0.029167
0 0.320898 0.399306 0.022266 0.030556
0 0.307422 0.411111 0.027344 0.034722
0 0.426758 0.388889 0.029297 0.041667
0 0.405273 0.698264 0.030859 0.045139
0 0.425586 0.711806 0.029297 0.038889
0 0.345703 0.768403 0.035156 0.050694
0 0.259766 0.901736 0.036719 0.050694
0 0.601562 0.587847 0.032813 0.050694
0 0.609766 0.412847 0.026562 0.038194
0 0.614453 0.354861 0.019531 0.036111
0 0.631250 0.366319 0.016406 0.031250
0 0.638281 0.327083 0.014844 0.026389
0 0.655469 0.339931 0.015625 0.024306
0 0.634180 0.757639 0.044141 0.056944
0 0.684570 0.795833 0.038672 0.054167
0 0.751953 0.848958 0.035156 0.040972
0 0.654102 0.954861 0.037109 0.055556
0 0.717773 0.978472 0.027734 0.043056
0 0.777148 0.583681 0.041016 0.038194
0 0.767188 0.602778 0.035937 0.041667
0 0.753320 0.616319 0.037891 0.047917
0 0.790820 0.645139 0.029297 0.043056
0 0.808984 0.627431 0.039844 0.043750
0 0.822852 0.619097 0.032422 0.039583
0 0.835938 0.673958 0.035156 0.045139
0 0.857812 0.664583 0.032031 0.041667
0 0.912305 0.701389 0.041016 0.051389
0 0.966797 0.737847 0.041406 0.056250
0 0.895312 0.481944 0.015625 0.033333
0 0.926758 0.417708 0.023828 0.029861
0 0.895312 0.398264 0.031250 0.032639
0 0.869922 0.444444 0.023438 0.048611
0 0.858203 0.363542 0.019531 0.025694
0 0.747461 0.301736 0.018359 0.024306
0 0.693359 0.298611 0.017188 0.025000
0 0.672852 0.312500 0.023828 0.030556
0 0.708008 0.281597 0.017578 0.024306
0 0.716406 0.250000 0.016406 0.020833
0 0.724609 0.263889 0.017969 0.018056
0 0.734766 0.233681 0.016406 0.022917
0 0.740234 0.248958 0.014063 0.018750
1 0.757227 0.212847 0.022266 0.032639
0 0.756055 0.237153 0.013672 0.018750
0 0.769531 0.224653 0.010156 0.018750
0 0.779297 0.217014 0.013281 0.017361
0 0.780078 0.198264 0.011719 0.017361
0 0.805078 0.173611 0.012500 0.023611
0 0.814844 0.162153 0.010937 0.018750
0 0.825391 0.150694 0.011719 0.020833
0 0.842383 0.151042 0.012891 0.017361
0 0.830078 0.163889 0.011719 0.015278
0 0.813281 0.187500 0.015625 0.016667
0 0.850977 0.126042 0.010547 0.015972
0 0.888867 0.107639 0.009766 0.013889
0 0.936523 0.047917 0.008203 0.015278
0 0.917383 0.066319 0.008984 0.017361
0 0.932227 0.073264 0.008984 0.010417
0 0.947656 0.038194 0.007031 0.013889
0 0.963281 0.032986 0.010937 0.017361
