1 0.901758 0.709375 0.059766 0.071528
1 0.875781 0.661458 0.078125 0.084028
1 0.625391 0.338194 0.033594 0.045833
1 0.227734 0.894792 0.053125 0.081250
1 0.500000 0.553472 0.074219 0.059722
2 0.136133 0.829861 0.091016 0.134722
2 0.313477 0.789583 0.084766 0.116667
2 0.358984 0.782986 0.082812 0.114583
2 0.964063 0.473958 0.059375 0.052083
0 0.062500 0.181250 0.019531 0.033333
0 0.146289 0.253125 0.019141 0.027083
0 0.228320 0.324306 0.022266 0.033333
0 0.254492 0.342708 0.023047 0.031250
0 0.272266 0.378472 0.022656 0.034722
0 0.284570 0.366667 0.025391 0.038889
0 0.290039 0.420833 0.024609 0.030556
0 0.304883 0.410764 0.026953 0.035417
0 0.319336 0.401042 0.024609 0.035417
0 0.156836 0.979167 0.046484 0.041667
0 0.383594 0.688542 0.035937 0.043750
0 0.378125 0.727778 0.031250 0.025000
0 0.416602 0.692014 0.034766 0.042361
0 0.416602 0.727083 0.034766 0.041667
0 0.629297 0.979861 0.044531 0.040278
0 0.716992 0.977431 0.024609 0.045139
0 0.751367 0.850694 0.041016 0.047222
0 0.704883 0.843056 0.030859 0.056944
0 0.636133 0.755208 0.041016 0.045139
0 0.940625 0.911458 0.046094 0.052083
0 0.943359 0.718403 0.037500 0.043750
0 0.802344 0.652431 0.033594 0.036806
0 0.806445 0.628819 0.036328 0.039583
0 0.737891 0.630556 0.031250 0.036111
0 0.752734 0.619097 0.034375 0.039583
0 0.762305 0.601389 0.035547 0.034722
0 0.741992 0.539931 0.039453 0.045139
0 0.925391 0.415625 0.024219 0.024306
0 0.895508 0.480903 0.019922 0.034028
0 0.895312 0.398264 0.026562 0.029861
0 0.869531 0.443056 0.019531 0.044444
0 0.847070 0.372917 0.029297 0.027778
0 0.857031 0.363889 0.026562 0.029167
0 0.831055 0.351736 0.023828 0.029861
0 0.980078 0.008333 0.013281 0.015278
0 0.989844 0.030208 0.011719 0.015972
0 0.962695 0.031250 0.008984 0.015278
0 0.948633 0.035764 0.010547 0.017361
0 0.953320 0.043056 0.009766 0.016667
0 0.964648 0.071528 0.009766 0.013889
0 0.929492 0.052431 0.009766 0.018750
0 0.944531 0.079861 0.010937 0.013889
0 0.948828 0.089236 0.008594 0.017361
0 0.933594 0.093403 0.014063 0.015972
0 0.908008 0.117708 0.011328 0.017361
0 0.890234 0.139583 0.014063 0.018056
0 0.896289 0.148611 0.010547 0.015278
0 0.860156 0.172917 0.013281 0.020833
0 0.785547 0.276389 0.017188 0.027778
0 0.753711 0.321875 0.022266 0.029861
0 0.729883 0.318750 0.022266 0.029167
0 0.694727 0.357639 0.022266 0.026389
0 0.680273 0.419097 0.017578 0.032639
0 0.654687 0.404861 0.025000 0.031944
0 0.651953 0.436806 0.028906 0.036111
0 0.795117 0.205903 0.016797 0.021528
0 0.759570 0.229514 0.020703 0.025694
0 0.743555 0.244097 0.019141 0.027083
0 0.748242 0.258333 0.017578 0.023611
0 0.720703 0.246181 0.018750 0.027083
0 0.729883 0.257292 0.019922 0.028472
0 0.732617 0.273611 0.016797 0.027778
0 0.702734 0.263889 0.019531 0.027778
0 0.712891 0.274653 0.021875 0.025694
0 0.720313 0.292014 0.021094 0.024306
0 0.687500 0.284028 0.019531 0.029167
0 0.698438 0.287153 0.019531 0.025694
0 0.696484 0.312500 0.021094 0.037500
0 0.668164 0.294792 0.016797 0.029861
0 0.680469 0.309028 0.021094 0.030556
0 0.679492 0.332292 0.023047 0.029861
0 0.658789 0.309375 0.020703 0.028472
0 0.665625 0.327431 0.021875 0.029861
0 0.660547 0.352778 0.020313 0.031944
0 0.635352 0.351042 0.026953 0.039583
0 0.643164 0.373264 0.022266 0.029861
