2 0.698438 0.377083 0.049219 0.087500
2 0.828711 0.369792 0.071484 0.065972
2 0.725391 0.637500 0.069531 0.076389
2 0.276758 0.329514 0.059766 0.090972
2 0.667383 0.285417 0.046484 0.072222
2 0.923633 0.070139 0.021484 0.043056
1 0.174414 0.292708 0.033203 0.031250
1 0.197266 0.314236 0.025000 0.045139
1 0.240430 0.305208 0.037109 0.056250
1 0.890039 0.068750 0.025391 0.036111
1 0.660352 0.350000 0.030859 0.052778
1 0.902148 0.638194 0.056641 0.070833
0 0.237500 0.229167 0.031250 0.034722
0 0.189844 0.289236 0.019531 0.027083
0 0.211133 0.304167 0.019922 0.029167
0 0.233008 0.321875 0.027734 0.045139
0 0.222461 0.337847 0.019922 0.031250
0 0.254883 0.343750 0.023047 0.034722
0 0.244531 0.360417 0.025000 0.027778
0 0.274609 0.358681 0.026562 0.031250
0 0.267383 0.372222 0.024609 0.033333
0 0.254297 0.384028 0.028125 0.034722
0 0.301953 0.338542 0.013281 0.024306
0 0.323828 0.358333 0.028906 0.034722
0 0.312695 0.365972 0.024609 0.034722
0 0.350781 0.380208 0.028906 0.035417
0 0.335156 0.389931 0.028906 0.031250
0 0.322656 0.400694 0.026562 0.041667
0 0.308398 0.410069 0.026953 0.032639
0 0.522070 0.440625 0.024609 0.035417
0 0.523242 0.474306 0.038672 0.051389
0 0.409180 0.594444 0.039453 0.056944
0 0.291992 0.686111 0.038672 0.040278
0 0.287305 0.726736 0.051953 0.057639
0 0.186719 0.802778 0.046094 0.052778
0 0.380859 0.695833 0.040625 0.044444
0 0.691992 0.481597 0.041016 0.059028
0 0.636328 0.753472 0.045312 0.063889
0 0.660742 0.840625 0.044141 0.064583
0 0.618164 0.908681 0.040234 0.064583
0 0.715234 0.977778 0.039062 0.044444
0 0.749805 0.848958 0.046484 0.050694
0 0.945117 0.765278 0.046484 0.051389
0 0.961133 0.731250 0.042578 0.043056
0 0.909180 0.700000 0.046484 0.041667
0 0.885547 0.709028 0.043750 0.041667
0 0.881445 0.743056 0.048047 0.054167
0 0.884180 0.657292 0.041016 0.036806
0 0.856055 0.662500 0.037109 0.036111
0 0.837109 0.673611 0.039844 0.044444
0 0.822461 0.615278 0.033203 0.040278
0 0.809375 0.630556 0.038281 0.048611
0 0.791406 0.645833 0.036719 0.040278
0 0.753320 0.618056 0.034766 0.041667
0 0.765430 0.601736 0.033984 0.038194
0 0.775195 0.587847 0.041016 0.036806
0 0.894922 0.481250 0.025781 0.045833
0 0.928711 0.415972 0.027734 0.043056
0 0.895312 0.399306 0.032813 0.036111
0 0.872461 0.446528 0.024609 0.052778
0 0.858398 0.360417 0.028516 0.034722
0 0.682031 0.330556 0.021094 0.034722
0 0.658984 0.324306 0.028906 0.033333
0 0.639453 0.373958 0.026562 0.040972
0 0.616016 0.375000 0.025781 0.041667
0 0.733398 0.236806 0.023828 0.029167
0 0.773242 0.209375 0.020703 0.032639
0 0.781055 0.255556 0.024609 0.034722
0 0.816797 0.226736 0.021875 0.035417
0 0.853516 0.187500 0.015625 0.022222
0 0.813672 0.165625 0.019531 0.028472
0 0.838281 0.144444 0.019531 0.023611
0 0.866992 0.114236 0.017578 0.025694
0 0.884375 0.111458 0.015625 0.024306
0 0.905664 0.120486 0.012891 0.020139
0 0.973633 0.047569 0.010547 0.015972
0 0.928320 0.051389 0.012109 0.019444
0 0.938477 0.062153 0.012109 0.015972
0 0.991602 0.025000 0.007422 0.013889
