2 0.795117 0.613542 0.119922 0.107639
2 0.831836 0.372917 0.065234 0.050000
2 0.733008 0.225694 0.041797 0.062500
2 0.231641 0.878819 0.078906 0.099306
2 0.120508 0.965278 0.105859 0.069444
1 0.209570 0.802083 0.061328 0.104167
1 0.432617 0.372917 0.060547 0.062500
1 0.346289 0.801042 0.046484 0.072917
1 0.695703 0.486806 0.043750 0.069444
1 0.636133 0.326042 0.030859 0.047917
1 0.833398 0.196181 0.023047 0.036806
0 0.281445 0.366667 0.020703 0.037500
0 0.303516 0.403472 0.022656 0.033333
0 0.358594 0.386111 0.026562 0.030556
0 0.048438 0.951389 0.028906 0.043056
0 0.066797 0.968056 0.039062 0.047222
0 0.257227 0.724306 0.037109 0.052778
0 0.369336 0.626042 0.030859 0.043750
0 0.193750 0.979514 0.040625 0.038194
0 0.234180 0.930556 0.041016 0.027778
0 0.288867 0.835417 0.034766 0.041667
0 0.295117 0.865972 0.039453 0.034722
0 0.324023 0.790278 0.030859 0.047222
0 0.364844 0.749653 0.032813 0.038194
0 0.385352 0.768750 0.033203 0.044444
0 0.400000 0.708333 0.032813 0.044444
0 0.415625 0.730208 0.029687 0.043750
0 0.441992 0.563194 0.028516 0.048611
0 0.476367 0.520139 0.027734 0.044444
0 0.526367 0.466319 0.028516 0.038194
0 0.503125 0.388889 0.028125 0.022222
0 0.538086 0.984722 0.036328 0.030556
0 0.614453 0.985764 0.045312 0.028472
0 0.715430 0.976736 0.026953 0.046528
0 0.650195 0.958333 0.037891 0.051389
0 0.619336 0.911111 0.030078 0.062500
0 0.653125 0.847222 0.032031 0.065278
0 0.681055 0.805208 0.017578 0.059028
0 0.635352 0.755903 0.041016 0.050694
0 0.750977 0.850694 0.036328 0.047222
0 0.872266 0.822917 0.043750 0.052778
0 0.988867 0.773611 0.022266 0.041667
0 0.950977 0.752431 0.033203 0.039583
0 0.939453 0.718403 0.035156 0.035417
0 0.905664 0.719097 0.037109 0.036806
0 0.858594 0.687153 0.045312 0.053472
0 0.812109 0.663542 0.036719 0.038194
0 0.821094 0.621875 0.028906 0.038194
0 0.811133 0.590278 0.037109 0.038889
0 0.760156 0.624306 0.034375 0.036111
0 0.733984 0.628125 0.031250 0.036806
0 0.717969 0.637153 0.033594 0.040972
0 0.625195 0.611806 0.026953 0.047222
0 0.584570 0.519792 0.017578 0.036806
0 0.605859 0.415972 0.021875 0.033333
0 0.593750 0.392708 0.029687 0.043750
0 0.572656 0.374653 0.030469 0.024306
0 0.705859 0.304514 0.021875 0.029861
0 0.661523 0.332292 0.021484 0.025694
0 0.670703 0.299306 0.021875 0.029167
0 0.766602 0.307292 0.014453 0.027083
0 0.790234 0.339236 0.016406 0.032639
0 0.855664 0.362153 0.023828 0.022917
0 0.893164 0.398264 0.028516 0.038194
0 0.927344 0.418403 0.022656 0.020139
0 0.894336 0.481597 0.018359 0.039583
0 0.867578 0.443403 0.018750 0.043750
0 0.819727 0.236111 0.017578 0.019444
0 0.769336 0.212153 0.017578 0.027083
0 0.785937 0.192014 0.017969 0.015972
0 0.809570 0.166667 0.021484 0.023611
0 0.823633 0.154514 0.014453 0.021528
0 0.833008 0.143403 0.013672 0.018750
0 0.897461 0.087500 0.016797 0.023611
0 0.977930 0.047569 0.008984 0.013194
