2 0.277148 0.331597 0.052734 0.072917
2 0.650586 0.329167 0.035547 0.058333
2 0.737109 0.527431 0.113281 0.117361
2 0.825977 0.369792 0.071484 0.063194
2 0.926758 0.647222 0.081641 0.086111
2 0.716602 0.634375 0.069141 0.075694
1 0.241406 0.303472 0.035156 0.050000
2 0.095703 0.118403 0.028906 0.036806
1 0.176172 0.296181 0.029687 0.040972
1 0.196289 0.310069 0.025391 0.029861
1 0.817969 0.150694 0.029687 0.041667
1 0.964648 0.053819 0.012109 0.022917
1 0.662500 0.349306 0.024219 0.051389
0 0.048828 0.156597 0.014063 0.021528
0 0.168750 0.237153 0.018750 0.024306
0 0.242578 0.248958 0.019531 0.022917
0 0.301758 0.292708 0.026172 0.022917
0 0.166406 0.269444 0.019531 0.023611
0 0.190430 0.289583 0.017578 0.025000
0 0.212695 0.307292 0.020703 0.027083
0 0.233984 0.326042 0.026562 0.039583
0 0.223242 0.335417 0.022266 0.026389
0 0.256641 0.347917 0.019531 0.026389
0 0.274609 0.358681 0.021875 0.029861
0 0.268359 0.373264 0.024219 0.029861
0 0.283984 0.412500 0.025781 0.037500
0 0.308984 0.392014 0.023438 0.031250
0 0.328906 0.425000 0.025000 0.034722
0 0.339648 0.415625 0.026172 0.035417
0 0.341016 0.395139 0.024219 0.031944
0 0.313867 0.371875 0.019922 0.027083
0 0.304688 0.340625 0.010156 0.021528
0 0.323242 0.357639 0.026172 0.030556
0 0.350000 0.380208 0.022656 0.031250
0 0.378711 0.697222 0.033984 0.037500
0 0.635938 0.757639 0.039062 0.050000
0 0.661914 0.842361 0.029297 0.063889
0 0.717578 0.977431 0.026562 0.045139
0 0.749219 0.850000 0.038281 0.043056
0 0.618750 0.913194 0.032813 0.066667
0 0.652539 0.957639 0.030859 0.061111
0 0.614453 0.984375 0.042969 0.031250
0 0.882031 0.753819 0.042969 0.036806
0 0.839258 0.723264 0.034766 0.035417
0 0.883789 0.706250 0.035547 0.040278
0 0.905664 0.699653 0.036328 0.042361
0 0.924805 0.732292 0.019141 0.031250
0 0.858789 0.643056 0.035547 0.037500
0 0.851562 0.663194 0.032031 0.031944
0 0.832812 0.672569 0.034375 0.040972
0 0.795508 0.691319 0.041797 0.045139
0 0.780078 0.657986 0.030469 0.028472
0 0.790820 0.643056 0.033984 0.036111
0 0.804883 0.624306 0.039453 0.043056
0 0.799805 0.604167 0.036328 0.029167
0 0.751172 0.594097 0.031250 0.035417
0 0.723633 0.557292 0.032422 0.038194
0 0.702734 0.581944 0.032031 0.034722
0 0.726758 0.611806 0.033203 0.038889
0 0.894336 0.480208 0.019141 0.034028
0 0.925000 0.420139 0.021875 0.025000
0 0.893750 0.398264 0.023438 0.024306
0 0.869531 0.444444 0.017969 0.043056
0 0.857812 0.361806 0.021875 0.025000
0 0.607812 0.360417 0.012500 0.026389
0 0.621484 0.371181 0.017969 0.028472
0 0.638672 0.374653 0.022656 0.038194
0 0.683398 0.330208 0.019922 0.028472
0 0.705273 0.301736 0.021484 0.035417
0 0.740039 0.268403 0.017578 0.022917
0 0.772656 0.225000 0.016406 0.026389
0 0.848633 0.130903 0.015234 0.020139
0 0.858789 0.171528 0.017578 0.027778
0 0.942187 0.044444 0.012500 0.015278
