1 0.875586 0.661458 0.074609 0.081250
1 0.900781 0.711111 0.055469 0.063889
1 0.412500 0.592708 0.063281 0.082639
1 0.226367 0.895486 0.051953 0.079861
1 0.623633 0.340972 0.030078 0.051389
1 0.313867 0.789583 0.081641 0.119444
1 0.357031 0.781250 0.078906 0.122222
0 0.127539 0.233681 0.023047 0.038194
0 0.187695 0.288889 0.021484 0.030556
0 0.236328 0.328472 0.022656 0.029167
0 0.263672 0.349306 0.024219 0.034722
0 0.273438 0.380208 0.024219 0.034028
0 0.285352 0.365625 0.025391 0.038194
0 0.288867 0.418750 0.024609 0.031944
0 0.304102 0.408681 0.024609 0.029861
0 0.318164 0.398958 0.023828 0.031250
0 0.156641 0.979861 0.042188 0.038889
0 0.229297 0.940278 0.040625 0.029167
0 0.282813 0.880208 0.039062 0.040972
0 0.412695 0.659028 0.031641 0.044444
0 0.415430 0.695486 0.033203 0.039583
0 0.416797 0.727431 0.032031 0.042361
0 0.377148 0.727083 0.033203 0.029167
0 0.649805 0.959722 0.037109 0.056944
0 0.715625 0.975000 0.022656 0.050000
0 0.636914 0.755903 0.040234 0.057639
0 0.751172 0.851736 0.039062 0.049306
0 0.799414 0.805208 0.040234 0.047917
0 0.941992 0.720139 0.036328 0.048611
0 0.801758 0.650347 0.032422 0.031250
0 0.807422 0.630208 0.037500 0.043750
0 0.734961 0.629514 0.032422 0.036806
0 0.753516 0.619792 0.034375 0.038194
0 0.761133 0.600694 0.036328 0.036111
0 0.894336 0.479514 0.020703 0.032639
0 0.925781 0.413889 0.023438 0.022222
0 0.894922 0.398264 0.023438 0.027083
0 0.868164 0.443403 0.019922 0.046528
0 0.846680 0.373264 0.027734 0.031250
0 0.857227 0.364583 0.023047 0.029167
0 0.830664 0.353819 0.026953 0.032639
0 0.992188 0.036458 0.012500 0.013194
0 0.966406 0.030556 0.012500 0.018056
0 0.943750 0.051042 0.014844 0.020139
0 0.925977 0.071528 0.011328 0.019444
0 0.915039 0.069792 0.012109 0.015972
0 0.891797 0.088889 0.011719 0.022222
0 0.903711 0.095139 0.012109 0.016667
0 0.941406 0.080903 0.012500 0.015972
0 0.945898 0.092708 0.010547 0.018750
0 0.933398 0.091319 0.010547 0.015972
0 0.923438 0.101736 0.013281 0.017361
0 0.913281 0.117014 0.015625 0.020139
0 0.851758 0.197222 0.021484 0.023611
0 0.818750 0.217014 0.019531 0.025694
0 0.825977 0.228819 0.016016 0.024306
0 0.789844 0.246875 0.015625 0.020139
0 0.761719 0.287153 0.018750 0.022917
0 0.739648 0.333333 0.019922 0.022222
0 0.714648 0.358333 0.024609 0.031944
0 0.676953 0.457639 0.025781 0.051389
0 0.758398 0.214236 0.018359 0.027083
0 0.758594 0.228472 0.017969 0.030556
0 0.770312 0.236111 0.015625 0.023611
0 0.741602 0.245139 0.019141 0.026389
0 0.749805 0.259028 0.017578 0.025000
0 0.721094 0.246181 0.017188 0.021528
0 0.729688 0.257639 0.018750 0.023611
0 0.733984 0.275000 0.018750 0.029167
0 0.702930 0.263194 0.018359 0.023611
0 0.712305 0.272569 0.014453 0.024306
0 0.721680 0.294444 0.020703 0.026389
0 0.688477 0.281944 0.017578 0.023611
0 0.698633 0.287153 0.017578 0.027083
0 0.696094 0.311806 0.022656 0.037500
0 0.667969 0.293403 0.019531 0.025694
0 0.678906 0.310417 0.019531 0.029167
0 0.677734 0.334375 0.019531 0.027083
0 0.656445 0.310764 0.019141 0.022917
0 0.663672 0.326736 0.019531 0.025694
0 0.654883 0.358681 0.020703 0.031250
0 0.635156 0.351042 0.026562 0.038194
0 0.619727 0.398958 0.026953 0.031250
