2 0.792969 0.616667 0.121094 0.113889
2 0.829297 0.372222 0.068750 0.061111
2 0.836523 0.206250 0.035547 0.052778
2 0.764453 0.197917 0.038281 0.059722
2 0.135352 0.965972 0.105859 0.068056
1 0.343359 0.801389 0.053125 0.069444
1 0.691797 0.384722 0.036719 0.058333
1 0.660352 0.347569 0.030078 0.046528
1 0.648438 0.328472 0.032813 0.054167
1 0.651758 0.305903 0.039453 0.054861
0 0.346680 0.378472 0.024609 0.037500
0 0.427539 0.437153 0.030859 0.034028
0 0.491406 0.468056 0.037500 0.037500
0 0.057422 0.937847 0.041406 0.046528
0 0.232031 0.937847 0.046094 0.042361
0 0.288867 0.834028 0.037109 0.045833
0 0.296094 0.869097 0.042969 0.039583
0 0.324219 0.786111 0.033594 0.038889
0 0.363672 0.747569 0.032813 0.038194
0 0.382812 0.769792 0.033594 0.038194
0 0.379492 0.696528 0.034766 0.043056
0 0.395703 0.711111 0.035156 0.038889
0 0.416016 0.729861 0.035937 0.040278
0 0.542969 0.981250 0.045312 0.037500
0 0.616406 0.984028 0.052344 0.031944
0 0.651758 0.955208 0.034766 0.054861
0 0.715820 0.977778 0.023828 0.044444
0 0.617773 0.911806 0.029297 0.063889
0 0.654102 0.848958 0.033984 0.065972
0 0.682617 0.794792 0.022266 0.054861
0 0.750391 0.850694 0.040625 0.047222
0 0.635352 0.755903 0.044922 0.052083
0 0.819531 0.621181 0.032813 0.049306
0 0.848633 0.617708 0.029297 0.042361
0 0.605469 0.448611 0.030469 0.033333
0 0.558789 0.457986 0.035547 0.036806
0 0.655859 0.401736 0.021094 0.032639
0 0.894727 0.481597 0.017578 0.036806
0 0.925586 0.417014 0.023828 0.027083
0 0.895312 0.397569 0.028906 0.028472
0 0.867383 0.447569 0.020703 0.049306
0 0.857227 0.361458 0.023047 0.025694
0 0.639453 0.371875 0.024219 0.036806
0 0.622852 0.368750 0.023047 0.033333
0 0.609570 0.361111 0.016797 0.029167
0 0.624414 0.340972 0.021484 0.036111
0 0.684766 0.329514 0.020313 0.027083
0 0.672266 0.317014 0.017969 0.025694
0 0.705273 0.303472 0.020703 0.037500
0 0.687891 0.301736 0.018750 0.028472
0 0.677539 0.284375 0.016797 0.022917
0 0.698438 0.268403 0.019531 0.025694
0 0.707031 0.278819 0.019531 0.025694
0 0.724219 0.288194 0.021094 0.029167
0 0.757227 0.312500 0.021484 0.027778
0 0.736523 0.270833 0.019141 0.027778
1 0.716992 0.245139 0.029297 0.038889
0 0.752734 0.254167 0.016406 0.023611
0 0.737109 0.232292 0.014063 0.022917
0 0.798633 0.237500 0.016797 0.023611
0 0.771484 0.232292 0.019531 0.024306
0 0.800781 0.195486 0.017969 0.020139
0 0.789844 0.184722 0.015625 0.020833
0 0.815039 0.184375 0.014453 0.020139
0 0.825391 0.170833 0.014844 0.022222
0 0.840820 0.148264 0.016797 0.027083
0 0.852148 0.128125 0.012891 0.020139
1 0.906641 0.076389 0.017969 0.022222
0 0.948438 0.095139 0.009375 0.016667
0 0.987109 0.043750 0.009375 0.016667
0 0.962500 0.063194 0.009375 0.015278
0 0.942187 0.056597 0.011719 0.015972
0 0.963086 0.022917 0.010547 0.015278
