0 0.582422 0.551042 0.024219 0.043750
0 0.454883 0.424306 0.021484 0.027778
2 0.674219 0.288542 0.045312 0.059028
2 0.377930 0.763542 0.067578 0.079861
2 0.948438 0.865625 0.103125 0.135417
2 0.832422 0.371528 0.066406 0.051389
1 0.894141 0.079514 0.027344 0.038194
1 0.795508 0.191667 0.020703 0.031944
1 0.756641 0.210764 0.028906 0.034028
1 0.629883 0.627431 0.044141 0.061806
1 0.823633 0.807292 0.051172 0.060417
0 0.925391 0.417014 0.022656 0.029861
0 0.060547 0.162500 0.014844 0.020833
0 0.042969 0.165625 0.013281 0.015972
1 0.089258 0.220139 0.027734 0.038889
0 0.139258 0.229514 0.016016 0.022917
0 0.189844 0.257639 0.017969 0.023611
0 0.187500 0.287500 0.018750 0.027778
0 0.170313 0.294792 0.018750 0.025694
0 0.202344 0.324653 0.019531 0.028472
0 0.230469 0.318056 0.025781 0.045833
0 0.255469 0.345139 0.017188 0.023611
0 0.275977 0.357639 0.017578 0.027778
0 0.267383 0.374653 0.023828 0.031250
0 0.323633 0.359028 0.021484 0.029167
0 0.349805 0.377778 0.021484 0.029167
0 0.334180 0.390278 0.023047 0.033333
0 0.323047 0.401042 0.023438 0.038194
0 0.306055 0.405903 0.027734 0.040972
0 0.301172 0.377778 0.021875 0.029167
0 0.387305 0.588889 0.020703 0.050000
0 0.405469 0.698264 0.031250 0.040972
0 0.424219 0.713542 0.028906 0.039583
0 0.336133 0.779167 0.037109 0.038889
0 0.634766 0.756250 0.036719 0.055556
0 0.680469 0.792014 0.045312 0.050694
0 0.749805 0.849653 0.033984 0.042361
0 0.717969 0.974306 0.027344 0.051389
0 0.652930 0.952778 0.040234 0.052778
0 0.962891 0.734028 0.030469 0.044444
0 0.913477 0.702778 0.034766 0.050000
0 0.856055 0.665625 0.037109 0.040972
0 0.836133 0.673264 0.033984 0.046528
0 0.820508 0.616667 0.037109 0.038889
0 0.807813 0.629167 0.041406 0.050000
0 0.790430 0.643403 0.033984 0.046528
0 0.773633 0.587153 0.033984 0.039583
0 0.764844 0.601042 0.032031 0.035417
0 0.752930 0.617014 0.037109 0.040972
0 0.893555 0.479167 0.017578 0.036111
0 0.892188 0.397917 0.027344 0.030556
0 0.867969 0.444792 0.020313 0.045139
0 0.858008 0.363889 0.025391 0.029167
0 0.722266 0.330556 0.018750 0.025000
0 0.613672 0.349653 0.021094 0.031250
0 0.628516 0.363542 0.019531 0.020139
0 0.637891 0.380556 0.027344 0.020833
0 0.638086 0.329167 0.017578 0.022222
0 0.650391 0.337153 0.021875 0.029861
0 0.673633 0.313889 0.026172 0.034722
0 0.693555 0.297917 0.016016 0.022222
0 0.708594 0.282292 0.017969 0.024306
0 0.715430 0.249653 0.018359 0.020139
0 0.723633 0.262500 0.017578 0.020833
0 0.734766 0.229514 0.017969 0.020139
0 0.738672 0.250000 0.015625 0.023611
0 0.754883 0.235417 0.017578 0.015278
0 0.766797 0.222917 0.013281 0.013889
0 0.776563 0.215278 0.014063 0.016667
0 0.779883 0.197917 0.014453 0.013889
0 0.805469 0.171528 0.013281 0.013889
0 0.816211 0.158681 0.011328 0.021528
0 0.825977 0.149653 0.013672 0.018750
0 0.839063 0.138889 0.017969 0.013889
0 0.850586 0.124653 0.010547 0.018750
0 0.859766 0.120139 0.010156 0.013889
0 0.873633 0.107639 0.018359 0.011111
0 0.811719 0.187153 0.014063 0.014583
0 0.826172 0.169792 0.014844 0.015972
0 0.841602 0.151389 0.014453 0.022222
1 0.867969 0.122917 0.013281 0.023611
0 0.880469 0.113542 0.010937 0.013194
0 0.893555 0.105556 0.012109 0.016667
0 0.924219 0.061806 0.009375 0.015278
0 0.940430 0.043056 0.008984 0.015278
0 0.937305 0.062500 0.008984 0.012500
0 0.952930 0.030903 0.006641 0.010417
0 0.969141 0.025000 0.008594 0.016667
0 0.219531 0.945833 0.042969 0.056944
