2 0.277539 0.329167 0.051953 0.070833
2 0.374414 0.315972 0.050391 0.061111
2 0.898828 0.142361 0.035156 0.044444
2 0.826367 0.369792 0.074609 0.063194
2 0.724219 0.641667 0.063281 0.063889
1 0.240234 0.301736 0.039062 0.049306
1 0.174023 0.295139 0.032422 0.043056
1 0.200586 0.314931 0.022266 0.029861
1 0.891016 0.069792 0.025000 0.031250
2 0.802539 0.182639 0.030859 0.043056
1 0.664062 0.350694 0.032813 0.051389
1 0.760742 0.284375 0.032422 0.047917
0 0.193359 0.291667 0.017969 0.023611
0 0.212305 0.305903 0.019922 0.031250
0 0.234570 0.324653 0.029297 0.039583
0 0.255859 0.346528 0.018750 0.026389
0 0.276172 0.360069 0.021875 0.027083
0 0.269336 0.374653 0.025391 0.031250
0 0.257422 0.385069 0.024219 0.032639
0 0.245898 0.355903 0.018359 0.024306
0 0.223047 0.330208 0.017188 0.021528
0 0.296289 0.378472 0.023828 0.025000
0 0.313281 0.368750 0.021094 0.026389
0 0.324023 0.359375 0.022266 0.027083
0 0.305859 0.339583 0.008594 0.019444
0 0.349219 0.378819 0.023438 0.034028
0 0.334180 0.388889 0.023047 0.030556
0 0.320898 0.398958 0.024609 0.034028
0 0.308789 0.410417 0.029297 0.034722
0 0.391797 0.614931 0.031250 0.052083
0 0.379688 0.698958 0.035937 0.043750
0 0.466602 0.370833 0.037109 0.030556
0 0.564844 0.404861 0.028125 0.047222
0 0.639062 0.369792 0.030469 0.036806
0 0.654102 0.313194 0.022266 0.031944
0 0.692383 0.275694 0.022266 0.031944
0 0.720898 0.285069 0.023828 0.036806
0 0.753320 0.221528 0.019141 0.027778
0 0.779883 0.217361 0.019141 0.025000
0 0.781641 0.191319 0.015625 0.028472
0 0.827539 0.168056 0.019922 0.025000
0 0.848437 0.183681 0.019531 0.027083
0 0.891992 0.104514 0.015234 0.022917
0 0.947266 0.075347 0.014063 0.022917
0 0.971484 0.060764 0.017969 0.027083
0 0.927734 0.062500 0.018750 0.020833
0 0.706055 0.505556 0.027734 0.040278
0 0.636914 0.756597 0.043359 0.057639
0 0.661914 0.841667 0.032422 0.069444
0 0.618555 0.913194 0.035547 0.066667
0 0.651172 0.955903 0.035937 0.054861
0 0.616602 0.985764 0.046484 0.028472
0 0.716602 0.977431 0.029297 0.045139
0 0.750000 0.848958 0.037500 0.042361
0 0.966602 0.760417 0.036328 0.048611
0 0.963086 0.731597 0.037891 0.032639
0 0.936328 0.695833 0.035937 0.040278
0 0.929492 0.736111 0.036328 0.044444
0 0.904687 0.698958 0.035156 0.043750
0 0.887891 0.709722 0.034375 0.041667
0 0.883203 0.658333 0.033594 0.041667
0 0.853906 0.665625 0.032813 0.039583
0 0.841016 0.723264 0.035937 0.043750
0 0.794922 0.695486 0.041406 0.046528
0 0.810742 0.679514 0.030859 0.036806
0 0.836328 0.673958 0.034375 0.038194
0 0.808789 0.627778 0.036328 0.045833
0 0.819531 0.620139 0.032813 0.041667
0 0.792188 0.644792 0.031250 0.036806
0 0.771875 0.585417 0.037500 0.043056
0 0.764844 0.599306 0.033594 0.036111
0 0.754102 0.617708 0.031641 0.042361
0 0.733594 0.621528 0.035937 0.044444
0 0.896094 0.479861 0.023438 0.037500
0 0.925195 0.414236 0.022266 0.029861
0 0.893750 0.400694 0.026562 0.038889
0 0.868555 0.444792 0.023047 0.047917
0 0.857617 0.361806 0.025391 0.029167
