1 0.875586 0.658333 0.070703 0.084722
1 0.900781 0.707986 0.061719 0.064583
1 0.607227 0.560069 0.066016 0.065972
1 0.622656 0.338194 0.028125 0.045833
1 0.227930 0.894444 0.056641 0.077778
2 0.950586 0.477431 0.045703 0.056250
2 0.982617 0.047917 0.016797 0.025000
2 0.263281 0.703819 0.082812 0.132639
2 0.315820 0.790278 0.085547 0.120833
2 0.358594 0.780556 0.083594 0.123611
0 0.099805 0.213194 0.018359 0.025000
0 0.183984 0.287500 0.021875 0.029167
0 0.213281 0.311458 0.021875 0.029861
0 0.257227 0.366319 0.023828 0.034028
0 0.284766 0.366667 0.028125 0.040278
0 0.304883 0.410069 0.026953 0.036806
0 0.319727 0.398958 0.023828 0.035417
0 0.289062 0.421875 0.025000 0.031250
0 0.501367 0.450694 0.035547 0.034722
0 0.157031 0.979167 0.043750 0.041667
0 0.228711 0.943750 0.039453 0.029167
0 0.283594 0.881250 0.039062 0.036111
0 0.378125 0.693750 0.033594 0.045833
0 0.377930 0.726389 0.027734 0.025000
0 0.416016 0.692361 0.033594 0.041667
0 0.417187 0.727431 0.035937 0.040972
0 0.716406 0.975694 0.024219 0.048611
0 0.652734 0.952083 0.033594 0.063889
0 0.636133 0.756250 0.041797 0.050000
0 0.757031 0.810069 0.048438 0.039583
0 0.749219 0.849306 0.039844 0.044444
0 0.945312 0.721528 0.038281 0.050000
0 0.850977 0.710069 0.030859 0.040972
0 0.871680 0.626389 0.044922 0.044444
0 0.802539 0.653819 0.032422 0.039583
0 0.806836 0.628472 0.037109 0.044444
0 0.752734 0.617708 0.035156 0.036806
0 0.761719 0.603125 0.035937 0.042361
0 0.894336 0.479861 0.019141 0.031944
0 0.925586 0.415625 0.021484 0.025694
0 0.893750 0.397569 0.024219 0.031250
0 0.869141 0.446875 0.019531 0.047917
0 0.846289 0.372569 0.026953 0.031250
0 0.857227 0.362847 0.023828 0.028472
0 0.829883 0.351736 0.022266 0.025694
0 0.976758 0.010069 0.011328 0.013194
0 0.962500 0.021181 0.010937 0.017361
0 0.954102 0.083681 0.011328 0.018750
0 0.922852 0.102778 0.014453 0.015278
0 0.901953 0.125694 0.012500 0.020833
0 0.913867 0.134722 0.016016 0.022222
0 0.885156 0.145139 0.014844 0.019444
0 0.846875 0.179514 0.016406 0.022917
0 0.832031 0.219097 0.017969 0.021528
0 0.818750 0.214236 0.016406 0.022917
0 0.768945 0.277083 0.019141 0.023611
0 0.716992 0.360417 0.022266 0.027778
0 0.680664 0.410069 0.019141 0.031250
0 0.684766 0.484028 0.025000 0.043056
0 0.642188 0.419792 0.023438 0.032639
0 0.592969 0.441667 0.032813 0.026389
0 0.588477 0.476736 0.036328 0.031250
0 0.758594 0.228472 0.021094 0.027778
0 0.731055 0.235069 0.019141 0.025694
0 0.742383 0.243403 0.019141 0.028472
0 0.747656 0.258333 0.017188 0.027778
0 0.729688 0.256250 0.020313 0.027778
0 0.732422 0.276042 0.019531 0.028472
0 0.703711 0.265625 0.021484 0.027083
0 0.713086 0.276042 0.019141 0.028472
0 0.720117 0.292708 0.019141 0.027083
0 0.687109 0.280903 0.014844 0.022917
0 0.697461 0.287153 0.017578 0.028472
0 0.696680 0.310764 0.023047 0.036806
0 0.669141 0.292708 0.017969 0.027083
0 0.679492 0.309375 0.019141 0.025694
0 0.680273 0.332639 0.020703 0.031944
0 0.657422 0.308333 0.019531 0.026389
0 0.663086 0.327083 0.020703 0.029167
0 0.660352 0.351736 0.020703 0.029861
0 0.634961 0.351389 0.024609 0.036111
0 0.642578 0.374306 0.023438 0.031944
