1 0.917578 0.691319 0.072656 0.084028
1 0.945898 0.739236 0.056641 0.067361
2 0.945312 0.484028 0.024219 0.059722
2 0.599414 0.528472 0.081641 0.072222
2 0.360352 0.779861 0.081641 0.115278
2 0.314258 0.791319 0.080859 0.122917
2 0.814648 0.235764 0.030859 0.053472
1 0.622266 0.340972 0.028906 0.051389
1 0.228906 0.893056 0.053125 0.075000
0 0.005664 0.145139 0.010547 0.019444
0 0.092773 0.186458 0.018359 0.025694
0 0.095898 0.210764 0.018359 0.029861
0 0.129688 0.208681 0.020313 0.027083
0 0.164648 0.235417 0.019141 0.025000
0 0.231250 0.345486 0.026562 0.032639
0 0.318945 0.398958 0.026172 0.035417
0 0.407617 0.422222 0.029297 0.031944
0 0.462500 0.444792 0.029687 0.031250
0 0.523828 0.471875 0.032031 0.027083
0 0.538477 0.448611 0.030078 0.030556
0 0.156445 0.978125 0.044922 0.042361
0 0.183594 0.806597 0.037500 0.046528
0 0.287305 0.705556 0.036328 0.050000
0 0.371875 0.640278 0.032813 0.043056
0 0.378320 0.694097 0.036328 0.043750
0 0.417773 0.692014 0.034766 0.042361
0 0.417383 0.726389 0.034766 0.044444
0 0.377344 0.724306 0.032031 0.027778
0 0.284570 0.879167 0.037109 0.040278
0 0.231445 0.944097 0.039453 0.028472
0 0.593750 0.440278 0.034375 0.029167
0 0.618750 0.464236 0.025781 0.028472
0 0.607617 0.575000 0.035547 0.034722
0 0.635938 0.755556 0.039062 0.048611
0 0.750977 0.848611 0.036328 0.047222
0 0.716797 0.978125 0.025000 0.043750
0 0.649414 0.960069 0.037891 0.052083
0 0.628125 0.987153 0.025000 0.025694
0 0.954492 0.685069 0.027734 0.036806
0 0.805078 0.653472 0.032813 0.037500
0 0.807617 0.629861 0.038672 0.041667
0 0.753906 0.619444 0.034375 0.040278
0 0.761914 0.601736 0.033984 0.039583
0 0.895312 0.481250 0.017969 0.031944
0 0.925781 0.413194 0.023438 0.030556
0 0.895117 0.396181 0.021484 0.035417
0 0.869336 0.441319 0.014453 0.049306
0 0.848047 0.374306 0.027344 0.034722
0 0.858203 0.365972 0.022656 0.029167
0 0.831445 0.352083 0.022266 0.027778
0 0.977148 0.010417 0.012109 0.016667
0 0.955273 0.068403 0.011328 0.020139
0 0.931250 0.099653 0.012500 0.018750
0 0.913086 0.112153 0.012891 0.021528
0 0.849023 0.140278 0.012109 0.020833
0 0.798242 0.201389 0.015234 0.020833
0 0.779102 0.208681 0.018359 0.021528
0 0.729102 0.256597 0.020703 0.027083
0 0.733594 0.273958 0.017188 0.027083
0 0.719727 0.293403 0.016797 0.028472
0 0.712695 0.273958 0.019141 0.027083
0 0.703320 0.264931 0.019141 0.024306
0 0.687891 0.280903 0.017188 0.027083
0 0.698242 0.286111 0.018359 0.026389
0 0.697461 0.309722 0.019922 0.034722
0 0.668750 0.293056 0.017969 0.023611
0 0.680469 0.309028 0.019531 0.023611
0 0.679883 0.332986 0.018359 0.031250
0 0.658594 0.309028 0.017188 0.023611
0 0.663867 0.328819 0.019141 0.024306
0 0.660742 0.352778 0.017578 0.026389
0 0.633984 0.349653 0.023438 0.036806
0 0.642578 0.372917 0.020313 0.027778
0 0.679102 0.399306 0.027734 0.031944
0 0.703125 0.352083 0.021875 0.031944
0 0.638477 0.425694 0.026953 0.030556
