2 0.792383 0.617014 0.119922 0.117361
2 0.829297 0.369444 0.068750 0.052778
2 0.225977 0.882986 0.080859 0.117361
2 0.117188 0.969097 0.101562 0.061806
2 0.763281 0.200347 0.039062 0.067361
2 0.981836 0.053819 0.022266 0.036806
1 0.618359 0.390278 0.034375 0.058333
1 0.647461 0.329167 0.036328 0.051389
1 0.651953 0.305208 0.045312 0.056250
1 0.717187 0.244792 0.028906 0.040972
1 0.881641 0.162847 0.025000 0.039583
1 0.837891 0.135069 0.019531 0.022917
1 0.346875 0.803125 0.049219 0.072917
0 0.359180 0.388889 0.027734 0.033333
0 0.288281 0.836111 0.033594 0.044444
0 0.189648 0.980556 0.031641 0.038889
0 0.232031 0.931250 0.039062 0.031944
0 0.294141 0.865278 0.036719 0.033333
0 0.323633 0.788889 0.028516 0.047222
0 0.363867 0.748611 0.028516 0.040278
0 0.383203 0.769444 0.028906 0.048611
0 0.396875 0.713542 0.035156 0.050694
0 0.415430 0.734028 0.037109 0.047222
0 0.459961 0.604861 0.030078 0.045833
0 0.716797 0.977431 0.029687 0.045139
0 0.541602 0.981944 0.044922 0.036111
0 0.615234 0.985069 0.043750 0.029861
0 0.651953 0.955208 0.035937 0.065972
0 0.618945 0.911806 0.033203 0.063889
0 0.653711 0.846181 0.033203 0.064583
0 0.682617 0.795486 0.024609 0.060417
0 0.634180 0.756944 0.045703 0.059722
0 0.751563 0.851042 0.042969 0.050694
0 0.822266 0.620486 0.031250 0.050694
0 0.892969 0.476042 0.019531 0.039583
0 0.927734 0.418056 0.027344 0.029167
0 0.893555 0.397569 0.027734 0.032639
0 0.858203 0.365972 0.026562 0.030556
0 0.791016 0.343750 0.019531 0.037500
0 0.577539 0.444792 0.024609 0.049306
0 0.608594 0.360069 0.014063 0.024306
0 0.624805 0.339583 0.020703 0.040278
0 0.670117 0.340972 0.016797 0.029167
0 0.683594 0.374306 0.021094 0.029167
0 0.723242 0.330903 0.021484 0.034028
0 0.670508 0.319097 0.017578 0.032639
0 0.677539 0.285764 0.014453 0.025694
0 0.688281 0.302431 0.021094 0.032639
0 0.706836 0.304514 0.019922 0.039583
0 0.698828 0.270139 0.018750 0.029167
0 0.707227 0.279861 0.018359 0.027778
0 0.721680 0.289931 0.016797 0.028472
0 0.736914 0.269792 0.016797 0.029861
0 0.727734 0.257639 0.016406 0.023611
0 0.737500 0.232639 0.015625 0.027778
0 0.753125 0.255208 0.017188 0.025694
0 0.768750 0.234028 0.012500 0.031944
0 0.797070 0.243056 0.017578 0.023611
0 0.771094 0.296181 0.022656 0.031250
0 0.831641 0.200347 0.017969 0.021528
0 0.800977 0.194792 0.018359 0.022917
0 0.787891 0.186111 0.013281 0.022222
0 0.813867 0.186458 0.014453 0.027083
0 0.826367 0.170833 0.016797 0.018056
0 0.821875 0.151042 0.009375 0.018750
0 0.834570 0.154514 0.014453 0.028472
0 0.848633 0.151736 0.013672 0.015972
0 0.865039 0.124306 0.019141 0.023611
0 0.898633 0.101389 0.014453 0.018056
0 0.908203 0.117361 0.010937 0.016667
0 0.918555 0.124653 0.012891 0.020139
0 0.924609 0.110764 0.015625 0.021528
0 0.942187 0.079861 0.013281 0.015278
0 0.868555 0.446875 0.014453 0.054861
