2 0.197656 0.910417 0.083594 0.102778
2 0.795117 0.617708 0.119922 0.125694
2 0.830469 0.368750 0.069531 0.054167
1 0.651953 0.303819 0.042188 0.056250
2 0.765039 0.199306 0.035547 0.059722
2 0.893750 0.144792 0.028906 0.039583
1 0.347070 0.801042 0.051172 0.065972
1 0.647461 0.330208 0.036328 0.056250
1 0.661328 0.349653 0.032813 0.056250
1 0.753516 0.308681 0.034375 0.056250
1 0.716602 0.239931 0.026172 0.038194
0 0.190625 0.984028 0.038281 0.031944
0 0.359766 0.387847 0.026562 0.034028
0 0.227344 0.937847 0.051562 0.042361
0 0.289258 0.833333 0.033984 0.045833
0 0.292969 0.867708 0.039062 0.043750
0 0.324414 0.786806 0.030078 0.043056
0 0.362891 0.747569 0.034375 0.042361
0 0.381445 0.765972 0.033203 0.041667
0 0.379297 0.694444 0.035156 0.038889
0 0.397070 0.712847 0.033984 0.042361
0 0.414648 0.730208 0.033984 0.040972
0 0.541211 0.981944 0.044141 0.036111
0 0.617578 0.984028 0.042188 0.031944
0 0.718164 0.978472 0.030078 0.043056
0 0.751172 0.850694 0.039062 0.044444
0 0.653125 0.957986 0.033594 0.060417
0 0.620313 0.912153 0.028125 0.064583
0 0.653906 0.846528 0.035156 0.070833
0 0.682031 0.790972 0.021875 0.058333
0 0.636914 0.755903 0.041797 0.052083
0 0.820312 0.620833 0.034375 0.051389
0 0.566406 0.450694 0.031250 0.031944
0 0.588281 0.471528 0.032031 0.027778
0 0.697070 0.500000 0.024609 0.043056
0 0.857812 0.364583 0.023438 0.029167
0 0.791016 0.340625 0.017969 0.032639
0 0.868555 0.446528 0.018359 0.052778
0 0.894141 0.480903 0.020313 0.035417
0 0.926953 0.416667 0.022656 0.027778
0 0.894531 0.399306 0.026562 0.029167
0 0.679492 0.377431 0.022266 0.029861
0 0.645508 0.416319 0.028516 0.032639
0 0.639453 0.372569 0.025000 0.038194
0 0.622852 0.369444 0.020703 0.031944
0 0.608008 0.361111 0.017578 0.031944
0 0.623828 0.340278 0.020313 0.034722
0 0.684570 0.329514 0.022266 0.027083
0 0.672266 0.313889 0.016406 0.022222
0 0.687500 0.301042 0.019531 0.032639
0 0.679492 0.286111 0.018359 0.026389
0 0.706836 0.301042 0.019141 0.032639
0 0.699609 0.270486 0.023438 0.024306
0 0.705273 0.278472 0.016797 0.023611
0 0.724023 0.286111 0.015234 0.025000
0 0.737500 0.271528 0.017969 0.033333
0 0.752539 0.255903 0.016016 0.024306
0 0.737305 0.231597 0.017578 0.025694
0 0.752930 0.234028 0.019141 0.027778
0 0.772461 0.229861 0.015234 0.029167
0 0.770508 0.271875 0.019922 0.021528
0 0.796094 0.246528 0.017969 0.023611
0 0.824023 0.230556 0.017578 0.020833
0 0.814648 0.212500 0.015234 0.023611
0 0.790039 0.189583 0.015234 0.022222
0 0.801953 0.193750 0.016406 0.023611
0 0.815039 0.182986 0.012109 0.022917
0 0.827539 0.172569 0.014453 0.021528
0 0.833594 0.157292 0.014844 0.027083
0 0.827344 0.145833 0.010156 0.018056
1 0.871289 0.110764 0.019141 0.025694
0 0.867773 0.162847 0.012109 0.020139
0 0.932227 0.057639 0.012109 0.013889
0 0.891992 0.109375 0.011328 0.020139
0 0.987305 0.047917 0.009766 0.016667
