2 0.275391 0.327431 0.054688 0.074306
2 0.543555 0.555903 0.081641 0.117361
2 0.834570 0.375694 0.061328 0.044444
2 0.780859 0.185417 0.033594 0.041667
2 0.722656 0.639236 0.069531 0.082639
1 0.239844 0.305903 0.039844 0.054861
1 0.174805 0.295139 0.032422 0.043056
1 0.192969 0.286458 0.024219 0.031250
1 0.197070 0.314583 0.030859 0.034722
1 0.660742 0.345833 0.027734 0.051389
1 0.904883 0.057986 0.023047 0.038194
1 0.948242 0.045139 0.016797 0.034722
0 0.015820 0.980903 0.030859 0.038194
0 0.191211 0.287847 0.026172 0.031250
0 0.214844 0.307639 0.021094 0.025000
0 0.236328 0.325000 0.028906 0.036111
0 0.221875 0.339931 0.024219 0.027083
0 0.259570 0.346528 0.026953 0.033333
0 0.242773 0.357292 0.026953 0.031250
0 0.276172 0.358333 0.025000 0.026389
0 0.269336 0.372222 0.027734 0.031944
0 0.256836 0.382986 0.021484 0.036806
0 0.304492 0.337500 0.012891 0.018056
0 0.323242 0.353125 0.026172 0.032639
0 0.313477 0.367361 0.021484 0.027778
0 0.303711 0.380556 0.018359 0.025000
0 0.351953 0.379514 0.028125 0.036806
0 0.334961 0.386111 0.026953 0.026389
0 0.323242 0.398611 0.027734 0.034722
0 0.305859 0.405903 0.025000 0.029861
0 0.190820 0.826042 0.036328 0.059028
0 0.366406 0.636806 0.030469 0.051389
0 0.448633 0.553125 0.037109 0.056250
0 0.380273 0.698611 0.041797 0.052778
0 0.538477 0.448958 0.030859 0.039583
0 0.547266 0.413542 0.028125 0.038194
0 0.591016 0.401042 0.037500 0.046528
0 0.638477 0.754861 0.054297 0.069444
0 0.662109 0.843403 0.034375 0.071528
0 0.616602 0.911458 0.041797 0.064583
0 0.714648 0.976736 0.037109 0.046528
0 0.750000 0.845139 0.044531 0.051389
0 0.963477 0.734375 0.036328 0.047917
0 0.991797 0.905556 0.016406 0.050000
0 0.906250 0.697222 0.039062 0.043056
0 0.888672 0.713542 0.040625 0.046528
0 0.874805 0.629167 0.042578 0.043056
0 0.882031 0.654861 0.039062 0.037500
0 0.855664 0.662500 0.034766 0.043056
0 0.834375 0.670833 0.038281 0.043056
0 0.822070 0.615972 0.030859 0.036111
0 0.810937 0.625000 0.039844 0.044444
0 0.794336 0.644097 0.037891 0.039583
0 0.773047 0.582292 0.034375 0.038194
0 0.765820 0.600347 0.037109 0.040972
0 0.756055 0.619444 0.036328 0.036111
0 0.897070 0.480556 0.027734 0.043056
0 0.925977 0.418403 0.031641 0.040972
0 0.892773 0.394444 0.030859 0.043056
0 0.869531 0.445833 0.023438 0.052778
0 0.856250 0.359028 0.024219 0.027778
0 0.773828 0.298611 0.021094 0.033333
0 0.706836 0.361458 0.026953 0.046528
0 0.688672 0.401042 0.024219 0.032639
0 0.640430 0.371181 0.026172 0.039583
0 0.685937 0.331597 0.022656 0.036806
0 0.688281 0.282986 0.028906 0.031250
0 0.733789 0.254514 0.023047 0.047917
0 0.780273 0.257292 0.023047 0.029861
0 0.776172 0.222569 0.025781 0.036806
0 0.807813 0.186111 0.020313 0.033333
0 0.816016 0.160764 0.020313 0.038194
0 0.845313 0.133333 0.014063 0.023611
0 0.872852 0.106944 0.020703 0.026389
0 0.889062 0.130903 0.023438 0.028472
0 0.915625 0.106944 0.014844 0.019444
0 0.923633 0.117361 0.012109 0.018056
0 0.892383 0.091319 0.015234 0.021528
0 0.931445 0.069444 0.012891 0.018056
0 0.929102 0.055556 0.012109 0.016667
0 0.963086 0.035764 0.015234 0.010417
0 0.964453 0.020833 0.014063 0.016667
0 0.411523 0.338194 0.030078 0.036111
0 0.087305 0.122569 0.017578 0.021528
0 0.028906 0.108681 0.014063 0.022917
