2 0.586328 0.434375 0.081250 0.093750
2 0.674219 0.287847 0.047656 0.057639
1 0.899414 0.078472 0.025391 0.034722
1 0.756836 0.209028 0.029297 0.034722
1 0.811523 0.176736 0.021484 0.032639
0 0.063281 0.186806 0.018750 0.029167
0 0.099219 0.188194 0.018750 0.018056
0 0.114844 0.228472 0.018750 0.023611
0 0.151172 0.261806 0.019531 0.020833
0 0.271875 0.340278 0.020313 0.025000
0 0.328906 0.363889 0.029687 0.038889
0 0.317188 0.397222 0.026562 0.030556
0 0.278906 0.384722 0.026562 0.030556
0 0.598437 0.586111 0.028125 0.047222
0 0.635156 0.752083 0.045312 0.056944
0 0.685547 0.796528 0.042969 0.051389
0 0.712109 0.838889 0.027344 0.066667
0 0.751563 0.848611 0.037500 0.050000
0 0.651953 0.958333 0.041406 0.052778
0 0.716797 0.977083 0.028906 0.045833
0 0.753906 0.618750 0.039062 0.043056
0 0.764844 0.602778 0.035937 0.044444
0 0.775781 0.582639 0.034375 0.040278
0 0.790234 0.644444 0.036719 0.044444
0 0.810156 0.624306 0.039062 0.048611
0 0.853906 0.638889 0.034375 0.038889
0 0.863281 0.668750 0.032813 0.034722
0 0.837891 0.674306 0.035156 0.043056
0 0.912109 0.704861 0.038281 0.048611
0 0.966797 0.736806 0.036719 0.037500
0 0.894531 0.477778 0.018750 0.036111
0 0.925781 0.414583 0.026562 0.023611
0 0.893359 0.396528 0.022656 0.023611
0 0.869141 0.449306 0.027344 0.048611
0 0.858594 0.361111 0.023438 0.025000
1 0.962500 0.031944 0.010937 0.022222
2 0.833984 0.372222 0.061719 0.055556
0 0.938672 0.089583 0.014844 0.018056
0 0.882031 0.101389 0.014063 0.019444
0 0.872266 0.113889 0.013281 0.016667
0 0.852344 0.124306 0.007812 0.012500
0 0.858984 0.131250 0.013281 0.018056
0 0.836328 0.136806 0.016406 0.015278
0 0.850781 0.146528 0.012500 0.015278
0 0.825000 0.150000 0.015625 0.013889
0 0.839453 0.159722 0.014844 0.019444
0 0.825000 0.168750 0.014063 0.015278
0 0.796094 0.175694 0.014063 0.015278
0 0.785156 0.189583 0.014063 0.015278
0 0.799609 0.200694 0.014844 0.020833
0 0.783203 0.207639 0.014844 0.015278
0 0.775391 0.219444 0.014844 0.016667
0 0.759766 0.232639 0.016406 0.015278
0 0.732812 0.229861 0.018750 0.018056
0 0.740234 0.245139 0.014844 0.020833
0 0.748828 0.259028 0.014844 0.018056
0 0.715234 0.251389 0.019531 0.022222
0 0.723437 0.263889 0.017188 0.022222
0 0.709375 0.279861 0.018750 0.023611
0 0.700391 0.313194 0.021094 0.023611
0 0.673047 0.309028 0.028906 0.034722
0 0.637891 0.328472 0.022656 0.023611
0 0.655078 0.335417 0.022656 0.031944
0 0.650000 0.365972 0.023438 0.029167
0 0.632031 0.357639 0.025000 0.031944
0 0.616797 0.350000 0.024219 0.036111
