2 0.791992 0.615972 0.120703 0.119444
2 0.217188 0.889931 0.083594 0.100694
2 0.106445 0.975694 0.096484 0.048611
2 0.764062 0.202778 0.040625 0.059722
2 0.830469 0.375347 0.064062 0.047917
2 0.961719 0.072917 0.015625 0.034722
1 0.645508 0.362153 0.030859 0.047917
1 0.651563 0.329167 0.035156 0.051389
1 0.650000 0.306250 0.039844 0.061111
1 0.851953 0.192708 0.023438 0.046528
1 0.717969 0.242361 0.025000 0.043056
1 0.343750 0.802083 0.053906 0.068056
0 0.190430 0.982292 0.041016 0.035417
0 0.232031 0.932292 0.039062 0.038194
0 0.289258 0.832986 0.036328 0.043750
0 0.292969 0.868056 0.040625 0.038889
0 0.325586 0.787847 0.033984 0.040972
0 0.364063 0.747222 0.035156 0.034722
0 0.383203 0.769444 0.032813 0.041667
0 0.394922 0.712847 0.032813 0.045139
0 0.415430 0.728125 0.033203 0.036806
0 0.427539 0.646181 0.034766 0.036806
0 0.358008 0.388889 0.024609 0.033333
0 0.542773 0.982986 0.047266 0.034028
0 0.617383 0.986458 0.044141 0.027083
0 0.650195 0.959722 0.032422 0.059722
0 0.716992 0.977431 0.026172 0.045139
0 0.619922 0.912153 0.032813 0.064583
0 0.654883 0.848264 0.032422 0.067361
0 0.635352 0.757986 0.038672 0.050694
0 0.681250 0.796181 0.019531 0.057639
0 0.750391 0.850694 0.040625 0.051389
0 0.821680 0.622569 0.031641 0.047917
0 0.894531 0.479167 0.019531 0.038889
0 0.926758 0.417708 0.026172 0.029861
0 0.893750 0.398264 0.028125 0.031250
0 0.867578 0.444444 0.016406 0.045833
0 0.858594 0.363889 0.025781 0.030556
0 0.601562 0.410417 0.026562 0.047222
0 0.652539 0.417708 0.024609 0.036806
0 0.685352 0.371875 0.021484 0.029861
0 0.731836 0.339583 0.014453 0.029167
0 0.620703 0.371875 0.020313 0.029861
0 0.609961 0.361806 0.013672 0.023611
0 0.622852 0.336806 0.016016 0.034722
0 0.684375 0.329514 0.016406 0.027083
0 0.670117 0.317361 0.016797 0.026389
0 0.676953 0.287153 0.015625 0.027083
0 0.687695 0.303125 0.018359 0.031250
0 0.705859 0.302778 0.019531 0.036111
0 0.696484 0.269792 0.017188 0.028472
0 0.706641 0.280208 0.017188 0.027083
0 0.723047 0.287847 0.017188 0.025694
0 0.736523 0.268750 0.015234 0.027778
0 0.727344 0.256597 0.017969 0.025694
0 0.737109 0.232292 0.016406 0.024306
0 0.751953 0.255208 0.015625 0.022917
0 0.760547 0.287153 0.018750 0.031250
0 0.769336 0.230208 0.015234 0.027083
0 0.789844 0.188889 0.015625 0.029167
0 0.800586 0.195833 0.014453 0.023611
0 0.814063 0.182986 0.012500 0.020139
0 0.826562 0.170139 0.012500 0.019444
0 0.823242 0.152431 0.010547 0.014583
0 0.835547 0.156944 0.016406 0.029167
0 0.840820 0.132986 0.016797 0.021528
1 0.850000 0.147569 0.012500 0.018750
0 0.881250 0.111806 0.016406 0.019444
0 0.921094 0.078472 0.012500 0.016667
0 0.880859 0.147222 0.012500 0.018056
0 0.898242 0.131250 0.014453 0.018056
0 0.915820 0.112153 0.012109 0.014583
0 0.898828 0.146528 0.013281 0.016667
0 0.797461 0.237847 0.018359 0.017361
0 0.791602 0.344444 0.018359 0.036111
