2 0.795508 0.656597 0.088672 0.096528
2 0.722852 0.568403 0.109766 0.106250
2 0.837695 0.377431 0.051953 0.045139
1 0.897461 0.144444 0.028516 0.033333
2 0.243555 0.226389 0.041016 0.055556
0 0.112695 0.138194 0.016797 0.025000
0 0.175977 0.298611 0.018359 0.027778
0 0.192773 0.309028 0.022266 0.034722
0 0.217773 0.310764 0.019922 0.034028
0 0.237305 0.326389 0.021484 0.037500
0 0.231250 0.346528 0.023438 0.029167
0 0.257031 0.368750 0.020313 0.030556
0 0.287500 0.393056 0.021094 0.031944
0 0.295703 0.425694 0.024219 0.031944
0 0.255078 0.304514 0.019531 0.022917
0 0.260937 0.342014 0.029687 0.046528
0 0.320898 0.393056 0.022266 0.031944
0 0.363672 0.456597 0.024219 0.034028
0 0.364648 0.434722 0.024609 0.031944
0 0.272656 0.317014 0.021875 0.027083
0 0.293750 0.332639 0.020313 0.026389
0 0.317578 0.353472 0.024219 0.030556
0 0.338672 0.368403 0.022656 0.031250
0 0.360547 0.385764 0.021875 0.032639
0 0.287695 0.347222 0.023047 0.030556
0 0.309766 0.368750 0.021094 0.031944
0 0.356055 0.404514 0.026172 0.032639
0 0.378320 0.694097 0.034766 0.038194
0 0.416406 0.693403 0.033594 0.039583
0 0.980273 0.896875 0.039453 0.046528
0 0.619141 0.987847 0.028906 0.024306
0 0.649609 0.960417 0.035937 0.054167
0 0.716211 0.977431 0.021484 0.045139
0 0.727344 0.813542 0.036719 0.045139
0 0.750586 0.851042 0.039453 0.042361
0 0.636133 0.756597 0.040234 0.046528
0 0.985742 0.774653 0.028516 0.045139
0 0.984961 0.750347 0.030078 0.035417
0 0.943164 0.745486 0.033203 0.036806
0 0.897070 0.714583 0.036328 0.036111
0 0.905859 0.696181 0.035937 0.036806
0 0.756641 0.668750 0.036719 0.034722
0 0.727930 0.626736 0.033203 0.036806
0 0.685937 0.615972 0.035156 0.037500
0 0.622461 0.532639 0.030859 0.031944
0 0.893945 0.479514 0.017578 0.028472
0 0.925977 0.414236 0.024609 0.025694
0 0.894141 0.396181 0.025781 0.031250
0 0.867969 0.443056 0.012500 0.044444
0 0.857812 0.361806 0.023438 0.025000
0 0.641992 0.372222 0.021484 0.026389
0 0.661133 0.352083 0.021484 0.026389
0 0.699219 0.284375 0.021875 0.038194
0 0.770312 0.218750 0.017188 0.025000
0 0.798633 0.244444 0.016797 0.025000
0 0.853906 0.192708 0.014844 0.024306
0 0.839844 0.155208 0.016406 0.018750
0 0.841797 0.136111 0.017969 0.033333
0 0.861914 0.117014 0.012891 0.018750
0 0.885547 0.110069 0.011719 0.015972
0 0.906836 0.076736 0.009766 0.017361
0 0.916211 0.077083 0.010547 0.022222
0 0.927930 0.057292 0.011328 0.014583
0 0.950391 0.071875 0.010156 0.014583
0 0.939648 0.100000 0.011328 0.016667
0 0.958008 0.039931 0.010547 0.011806
0 0.969727 0.014931 0.008984 0.014583
0 0.967383 0.051389 0.011328 0.022222
0 0.974414 0.059375 0.009766 0.017361
0 0.991016 0.043750 0.010937 0.016667
0 0.990820 0.029514 0.009766 0.014583
