1 0.659961 0.416667 0.046484 0.061111
1 0.663281 0.345139 0.028906 0.052778
1 0.649609 0.330903 0.037500 0.064583
1 0.651563 0.308681 0.044531 0.065972
1 0.347266 0.802083 0.048438 0.070833
1 0.718164 0.244792 0.026953 0.045139
2 0.792969 0.615278 0.121094 0.120833
2 0.805469 0.241667 0.039844 0.054167
2 0.766406 0.195486 0.039844 0.057639
0 0.318945 0.353819 0.024609 0.032639
0 0.079492 0.915972 0.044141 0.052778
0 0.127148 0.901042 0.037891 0.056250
0 0.227930 0.779514 0.037891 0.047917
0 0.192188 0.976389 0.040625 0.045833
0 0.233789 0.934028 0.042578 0.043056
0 0.288867 0.835764 0.035547 0.049306
0 0.293555 0.863194 0.036328 0.034722
0 0.325977 0.789236 0.033203 0.043750
0 0.363867 0.745833 0.033203 0.037500
0 0.383008 0.769444 0.030078 0.045833
0 0.378320 0.696528 0.033203 0.043056
0 0.396680 0.712847 0.030859 0.045139
0 0.415430 0.728125 0.030859 0.036806
0 0.443750 0.445833 0.032031 0.038889
0 0.508008 0.462500 0.037109 0.037500
0 0.574023 0.466319 0.031641 0.038194
0 0.615234 0.448611 0.027344 0.033333
0 0.546484 0.981944 0.046094 0.036111
0 0.615820 0.986458 0.044922 0.027083
0 0.653125 0.957986 0.032031 0.060417
0 0.715625 0.977431 0.022656 0.045139
0 0.619922 0.911111 0.031250 0.062500
0 0.655273 0.849653 0.036328 0.071528
0 0.636328 0.755903 0.040625 0.052083
0 0.681836 0.793403 0.021484 0.056250
0 0.751563 0.851736 0.045312 0.052083
0 0.975000 0.695833 0.033594 0.044444
0 0.894336 0.479861 0.018359 0.036111
0 0.926758 0.418750 0.025391 0.030556
0 0.894336 0.399306 0.024609 0.029167
0 0.868164 0.446181 0.021484 0.046528
2 0.831250 0.371875 0.068750 0.054861
0 0.858203 0.361111 0.025000 0.026389
0 0.791602 0.341319 0.018359 0.032639
0 0.692773 0.395833 0.018359 0.031944
0 0.671680 0.382639 0.019141 0.029167
0 0.720508 0.354514 0.016797 0.024306
0 0.757617 0.285069 0.016797 0.024306
0 0.638867 0.371875 0.019922 0.036806
0 0.622266 0.369444 0.019531 0.027778
0 0.609570 0.358681 0.018359 0.027083
0 0.623047 0.340972 0.018750 0.036111
0 0.684570 0.328819 0.018359 0.027083
0 0.672266 0.316319 0.016406 0.024306
0 0.688281 0.302431 0.017188 0.029861
0 0.676953 0.286111 0.017188 0.029167
0 0.696875 0.268056 0.018750 0.026389
0 0.705859 0.277083 0.019531 0.025000
0 0.707422 0.303125 0.020313 0.031250
0 0.725195 0.287847 0.019141 0.029861
0 0.737695 0.269097 0.015234 0.027083
0 0.752734 0.253472 0.016406 0.025000
0 0.738086 0.233333 0.018359 0.025000
0 0.771094 0.232292 0.020313 0.028472
0 0.782227 0.214931 0.016016 0.025694
0 0.801758 0.195139 0.014453 0.022222
0 0.792188 0.182639 0.013281 0.023611
0 0.814063 0.183681 0.014844 0.021528
0 0.828125 0.171181 0.015625 0.025694
0 0.853711 0.135417 0.016016 0.026389
0 0.874805 0.107292 0.014453 0.021528
0 0.921875 0.119792 0.012500 0.014583
0 0.935547 0.091319 0.014063 0.020139
0 0.924609 0.058681 0.013281 0.020139
0 0.963086 0.076042 0.012109 0.018750
0 0.982812 0.037847 0.014063 0.018750
0 0.963867 0.028125 0.011328 0.014583
