2 0.383203 0.416667 0.064062 0.087500
2 0.892969 0.082292 0.025000 0.047917
2 0.827344 0.371875 0.072656 0.057639
2 0.791992 0.612500 0.120703 0.119444
2 0.506445 0.554514 0.069141 0.053472
1 0.333008 0.384375 0.040234 0.065972
1 0.650586 0.300000 0.042578 0.050000
1 0.647461 0.327083 0.036328 0.054167
1 0.659766 0.348611 0.033594 0.054167
1 0.716211 0.244444 0.026953 0.041667
0 0.057031 0.103819 0.014844 0.014583
0 0.020898 0.080556 0.011328 0.012500
0 0.056641 0.160764 0.018750 0.020139
0 0.238281 0.293750 0.022656 0.029167
0 0.263281 0.311806 0.022656 0.031944
0 0.288086 0.331944 0.024609 0.029167
0 0.297656 0.358333 0.021875 0.027778
0 0.451562 0.449653 0.032031 0.034028
0 0.444141 0.474306 0.031250 0.040278
0 0.447266 0.540625 0.035156 0.054861
1 0.218750 0.943403 0.055469 0.067361
0 0.379688 0.696528 0.033594 0.037500
0 0.501367 0.486806 0.037891 0.034722
0 0.547070 0.463889 0.037109 0.034722
0 0.566992 0.529514 0.030078 0.036806
0 0.363086 0.751736 0.037109 0.043750
0 0.380859 0.768750 0.034375 0.037500
0 0.414844 0.728472 0.034375 0.043056
0 0.396289 0.714583 0.033984 0.045833
0 0.541602 0.981944 0.047266 0.036111
0 0.615430 0.984722 0.044141 0.030556
0 0.719336 0.977431 0.030859 0.045139
0 0.651563 0.958681 0.039062 0.059028
0 0.620703 0.911458 0.035156 0.065972
0 0.636133 0.755903 0.041016 0.052083
0 0.750000 0.852431 0.042188 0.050694
0 0.909570 0.658681 0.037109 0.043750
0 0.820898 0.620139 0.033984 0.045833
0 0.817187 0.710417 0.041406 0.047222
0 0.762891 0.673264 0.036719 0.043750
0 0.701172 0.607639 0.039062 0.047222
0 0.647852 0.592361 0.041016 0.038889
0 0.655469 0.569792 0.029687 0.036806
0 0.895312 0.482639 0.020313 0.041667
0 0.925195 0.416319 0.023047 0.025694
0 0.894336 0.397917 0.026172 0.033333
0 0.868750 0.446181 0.022656 0.046528
0 0.857227 0.362847 0.023047 0.029861
0 0.639258 0.372569 0.026953 0.038194
0 0.621875 0.371181 0.021094 0.034028
0 0.608203 0.361111 0.017188 0.026389
0 0.622656 0.341667 0.019531 0.034722
0 0.684766 0.329861 0.018750 0.029167
0 0.671289 0.314931 0.016797 0.027083
0 0.677539 0.287500 0.018359 0.027778
0 0.706250 0.302083 0.020313 0.034722
0 0.724219 0.285417 0.015625 0.027778
0 0.737695 0.269444 0.017578 0.029167
0 0.719922 0.268056 0.019531 0.029167
0 0.699219 0.272569 0.022656 0.027083
0 0.758008 0.248264 0.017578 0.025694
0 0.770312 0.231944 0.015625 0.027778
0 0.782813 0.212847 0.017188 0.025694
0 0.772266 0.202431 0.016406 0.025694
0 0.796484 0.183681 0.018750 0.025694
0 0.802148 0.194097 0.015234 0.024306
0 0.858398 0.138194 0.014453 0.022222
0 0.926562 0.097917 0.013281 0.018056
0 0.917969 0.081597 0.011719 0.018750
0 0.926758 0.056944 0.012891 0.016667
2 0.957422 0.077431 0.023438 0.038194
