2 0.368750 0.406250 0.059375 0.086111
2 0.794336 0.617014 0.119922 0.117361
2 0.827734 0.367014 0.069531 0.054861
2 0.916992 0.060417 0.025391 0.045833
2 0.932813 0.105208 0.025000 0.039583
1 0.325977 0.378819 0.041016 0.067361
1 0.661719 0.346528 0.028125 0.045833
1 0.649219 0.331597 0.034375 0.059028
1 0.651563 0.305208 0.042969 0.056250
1 0.719336 0.243750 0.031641 0.036111
2 0.564258 0.554167 0.070703 0.061111
0 0.008398 0.081597 0.011328 0.017361
0 0.037695 0.104514 0.014453 0.018750
0 0.052539 0.100694 0.012891 0.013889
0 0.091406 0.128125 0.013281 0.018750
0 0.104102 0.149653 0.015234 0.022917
0 0.106641 0.137847 0.013281 0.015972
0 0.182617 0.205556 0.019922 0.019444
0 0.237305 0.292708 0.022266 0.032639
0 0.262695 0.311806 0.022266 0.026389
0 0.288867 0.335069 0.022266 0.028472
0 0.299023 0.359028 0.021484 0.030556
0 0.324414 0.350347 0.023828 0.018750
0 0.416406 0.452778 0.027344 0.034722
0 0.419141 0.430903 0.031250 0.038194
0 0.453516 0.481250 0.032813 0.037500
0 0.479102 0.462847 0.031641 0.034028
0 0.525391 0.510417 0.034375 0.048611
0 0.364453 0.751736 0.035156 0.042361
0 0.381445 0.770486 0.031641 0.045139
0 0.414648 0.728819 0.030859 0.043750
0 0.396875 0.713194 0.034375 0.040278
0 0.377930 0.697222 0.030859 0.041667
0 0.540430 0.982292 0.051172 0.035417
0 0.614453 0.986111 0.046875 0.027778
0 0.651953 0.956944 0.035156 0.055556
0 0.717578 0.977083 0.026562 0.045833
0 0.750586 0.848958 0.037109 0.047917
0 0.620703 0.912153 0.033594 0.064583
0 0.636523 0.755903 0.037891 0.049306
0 0.828711 0.716319 0.038672 0.039583
0 0.991602 0.714583 0.016797 0.031944
0 0.717578 0.618056 0.035156 0.038889
0 0.689258 0.619097 0.036328 0.043750
0 0.670508 0.581250 0.032422 0.034722
0 0.623047 0.551389 0.029687 0.033333
0 0.818945 0.619444 0.030859 0.045833
0 0.894531 0.478819 0.017969 0.038194
0 0.925586 0.414931 0.023047 0.031250
0 0.893359 0.398264 0.026562 0.025694
0 0.867969 0.443403 0.016406 0.043750
0 0.856055 0.363194 0.021484 0.022222
0 0.608984 0.361111 0.014844 0.029167
0 0.621484 0.370139 0.018750 0.031944
0 0.639258 0.372917 0.018359 0.041667
0 0.623633 0.339583 0.019141 0.031944
0 0.671875 0.316667 0.017969 0.025000
0 0.684961 0.330556 0.017578 0.027778
0 0.677930 0.288194 0.016797 0.027778
0 0.705859 0.303472 0.020313 0.037500
0 0.698242 0.271181 0.020703 0.031250
0 0.723633 0.287153 0.018359 0.028472
0 0.737695 0.266667 0.015234 0.029167
0 0.741016 0.240278 0.017188 0.034722
0 0.758203 0.248958 0.017969 0.022917
0 0.770312 0.230903 0.014063 0.027083
0 0.782227 0.213542 0.015234 0.022917
0 0.809961 0.183681 0.018359 0.022917
0 0.799219 0.175347 0.016406 0.021528
0 0.823047 0.163889 0.019531 0.022222
0 0.880273 0.117014 0.013672 0.021528
0 0.897852 0.130556 0.015234 0.020833
0 0.939453 0.087153 0.010156 0.018750
0 0.938867 0.061806 0.012109 0.012500
0 0.947656 0.039236 0.012500 0.018750
0 0.980664 0.054167 0.008203 0.015278
