2 0.792773 0.614236 0.115234 0.115972
2 0.832031 0.370486 0.063281 0.045139
1 0.616602 0.338542 0.047266 0.056250
1 0.545117 0.440972 0.041797 0.069444
1 0.763086 0.202083 0.037109 0.051389
1 0.346484 0.805208 0.050000 0.074306
1 0.756641 0.309375 0.020313 0.040972
2 0.123828 0.962500 0.107031 0.075000
2 0.233789 0.880903 0.076172 0.099306
0 0.124219 0.237153 0.020313 0.029861
0 0.302344 0.406250 0.026562 0.034722
0 0.359961 0.386806 0.024609 0.033333
0 0.193945 0.979167 0.031641 0.041667
0 0.234375 0.934375 0.042969 0.031250
0 0.288086 0.834028 0.033984 0.045833
0 0.292969 0.866319 0.035156 0.035417
0 0.324609 0.786111 0.032813 0.041667
0 0.364844 0.750347 0.032813 0.040972
0 0.384180 0.765278 0.033984 0.040278
0 0.400781 0.709722 0.032813 0.045833
0 0.415234 0.729514 0.028906 0.045139
0 0.482617 0.488542 0.023047 0.027083
0 0.482031 0.517361 0.028906 0.038889
0 0.686719 0.478819 0.020313 0.035417
0 0.597266 0.427778 0.024219 0.034722
0 0.544336 0.982986 0.042578 0.034028
0 0.616797 0.985764 0.041406 0.028472
0 0.620508 0.911458 0.033984 0.065972
0 0.652148 0.956597 0.033984 0.054861
0 0.716992 0.976736 0.023828 0.046528
0 0.653906 0.848264 0.030469 0.067361
0 0.635352 0.756597 0.037109 0.049306
0 0.680664 0.802778 0.020703 0.056944
0 0.676758 0.675694 0.037891 0.051389
0 0.809570 0.829167 0.036328 0.047222
0 0.750977 0.850694 0.037891 0.047222
0 0.885938 0.857292 0.035156 0.049306
0 0.992773 0.784028 0.014453 0.034722
0 0.929492 0.730556 0.037109 0.033333
0 0.855273 0.735764 0.039453 0.039583
0 0.868359 0.693056 0.045312 0.050000
0 0.820898 0.622222 0.033984 0.040278
0 0.812109 0.661806 0.034375 0.031944
0 0.761328 0.627431 0.032031 0.038194
0 0.893945 0.478819 0.017578 0.035417
0 0.925391 0.417014 0.019531 0.027083
0 0.894336 0.400347 0.024609 0.034028
0 0.867188 0.446181 0.019531 0.042361
0 0.858008 0.362847 0.023828 0.029861
0 0.803711 0.382292 0.028516 0.027083
0 0.790234 0.341319 0.016406 0.025694
0 0.559180 0.401389 0.026172 0.026389
0 0.608008 0.382639 0.023828 0.034722
0 0.645508 0.345833 0.020703 0.034722
0 0.653320 0.310764 0.017578 0.027083
0 0.675195 0.315625 0.020703 0.028472
0 0.671875 0.343403 0.019531 0.031250
0 0.685937 0.283333 0.019531 0.030556
0 0.705664 0.284375 0.019141 0.029861
1 0.715430 0.248958 0.029297 0.042361
0 0.733203 0.277431 0.016406 0.025694
0 0.737500 0.235069 0.019531 0.032639
0 0.767383 0.223264 0.019141 0.031250
0 0.785742 0.190972 0.013672 0.022222
0 0.796680 0.180208 0.012891 0.021528
0 0.797656 0.201042 0.014844 0.024306
0 0.825586 0.150000 0.016797 0.020833
0 0.830078 0.163889 0.015625 0.022222
0 0.846094 0.136111 0.014063 0.018056
0 0.855078 0.123611 0.012500 0.018056
0 0.892969 0.103819 0.013281 0.021528
0 0.853125 0.180208 0.016406 0.014583
0 0.972266 0.063194 0.010156 0.013889
0 0.979102 0.008681 0.009766 0.014583
