2 0.795508 0.653819 0.085547 0.099306
2 0.793750 0.611806 0.117188 0.113889
2 0.831836 0.372917 0.065234 0.052778
2 0.529687 0.532292 0.055469 0.074306
2 0.448828 0.634028 0.074219 0.095833
2 0.024219 0.078819 0.034375 0.046528
1 0.864648 0.841667 0.055859 0.070833
1 0.840234 0.136458 0.020313 0.029861
0 0.172266 0.178472 0.021875 0.033333
0 0.249609 0.254167 0.020313 0.023611
0 0.286328 0.260764 0.013281 0.018750
0 0.372070 0.346181 0.023047 0.021528
0 0.153711 0.279861 0.019141 0.023611
0 0.187305 0.284722 0.020703 0.029167
0 0.192188 0.307639 0.020313 0.029167
0 0.215039 0.289931 0.020703 0.028472
0 0.222070 0.337847 0.022266 0.031250
0 0.236133 0.327083 0.021484 0.027778
0 0.253516 0.304514 0.019531 0.028472
0 0.272852 0.315972 0.025391 0.029167
0 0.258594 0.336806 0.028125 0.052778
0 0.254883 0.364931 0.023047 0.032639
0 0.250781 0.382986 0.020313 0.028472
0 0.278711 0.385764 0.024609 0.031250
0 0.283789 0.364931 0.023047 0.032639
0 0.292578 0.333681 0.021875 0.029861
0 0.311328 0.367708 0.026562 0.031250
0 0.317383 0.352778 0.024609 0.030556
0 0.302148 0.405903 0.023047 0.035417
0 0.313281 0.391319 0.025781 0.028472
0 0.338281 0.366667 0.026562 0.031944
0 0.340234 0.393750 0.030469 0.036111
0 0.360156 0.386806 0.021875 0.029167
0 0.161719 0.971875 0.046094 0.054861
0 0.242383 0.925694 0.043359 0.043056
0 0.272852 0.838889 0.051953 0.075000
0 0.315625 0.844444 0.037500 0.048611
0 0.348438 0.765278 0.032813 0.040278
0 0.372656 0.767708 0.034375 0.052083
0 0.405078 0.573958 0.032813 0.042361
0 0.614258 0.985069 0.044141 0.029861
0 0.716602 0.976736 0.024609 0.046528
0 0.651953 0.959028 0.035937 0.058333
0 0.634961 0.756597 0.040234 0.053472
0 0.696484 0.706597 0.039844 0.039583
0 0.750977 0.851389 0.037891 0.045833
0 0.563281 0.550347 0.025000 0.035417
0 0.642969 0.373611 0.021875 0.029167
0 0.704688 0.347569 0.017188 0.027083
0 0.987109 0.772569 0.025781 0.039583
0 0.987305 0.751389 0.025391 0.030556
0 0.948828 0.751042 0.030469 0.038194
0 0.905078 0.719444 0.035937 0.033333
0 0.908789 0.696181 0.034766 0.038194
0 0.859766 0.684722 0.044531 0.058333
0 0.894336 0.479167 0.016797 0.030556
0 0.925781 0.417014 0.023438 0.024306
0 0.893945 0.395833 0.023828 0.029167
0 0.866992 0.445486 0.013672 0.043750
0 0.857227 0.364236 0.024609 0.031250
0 0.775000 0.262500 0.016406 0.025000
0 0.874609 0.175694 0.016406 0.020833
0 0.891406 0.143056 0.018750 0.027778
0 0.874414 0.122569 0.015234 0.024306
0 0.968750 0.053819 0.010937 0.014583
0 0.949805 0.046181 0.009766 0.013194
0 0.973242 0.019792 0.008203 0.014583
