2 0.793750 0.651389 0.091406 0.094444
2 0.556641 0.450694 0.096875 0.093056
2 0.168750 0.940972 0.102344 0.118056
2 0.106836 0.132292 0.032422 0.047917
1 0.958984 0.078125 0.015625 0.031250
0 0.139453 0.248611 0.017188 0.022222
0 0.310547 0.313194 0.023438 0.026389
0 0.192578 0.313542 0.021875 0.027083
0 0.233008 0.342361 0.024609 0.034722
0 0.245898 0.375000 0.020703 0.030556
0 0.238086 0.326736 0.020703 0.028472
0 0.274414 0.357986 0.022266 0.032639
0 0.274805 0.382639 0.025391 0.036111
0 0.325391 0.426042 0.026562 0.029861
0 0.349023 0.466319 0.027734 0.032639
0 0.371289 0.430903 0.036328 0.053472
0 0.253320 0.303472 0.020703 0.026389
0 0.272461 0.316667 0.022266 0.033333
0 0.297852 0.337500 0.023828 0.033333
0 0.326367 0.360764 0.028516 0.032639
0 0.308984 0.367361 0.021875 0.036111
0 0.363867 0.389931 0.025391 0.032639
0 0.399609 0.414931 0.029687 0.038194
0 0.429688 0.463194 0.030469 0.036111
0 0.477930 0.429167 0.029297 0.027778
0 0.469531 0.542708 0.029687 0.035417
0 0.489063 0.529514 0.026562 0.042361
0 0.558984 0.592361 0.033594 0.044444
0 0.303516 0.817708 0.032813 0.045139
0 0.378125 0.695486 0.032813 0.039583
0 0.416797 0.692361 0.032031 0.043056
0 0.416406 0.727431 0.035156 0.038194
0 0.577344 0.455556 0.027344 0.036111
0 0.610742 0.515278 0.039453 0.048611
0 0.623047 0.573611 0.037500 0.036111
0 0.656445 0.575000 0.034766 0.038889
0 0.607422 0.646528 0.038281 0.038889
0 0.636328 0.755208 0.039062 0.045139
0 0.679102 0.698611 0.034766 0.040278
0 0.676172 0.608681 0.037500 0.036806
0 0.702344 0.580556 0.032813 0.033333
0 0.650195 0.959375 0.039453 0.053472
0 0.715625 0.977083 0.020313 0.045833
0 0.750000 0.850000 0.038281 0.048611
0 0.974414 0.925694 0.042578 0.055556
0 0.982227 0.771875 0.035547 0.042361
0 0.964648 0.732986 0.034766 0.039583
0 0.861133 0.688542 0.043359 0.049306
0 0.856445 0.662500 0.033984 0.036111
0 0.765625 0.601736 0.036719 0.039583
0 0.893945 0.480556 0.016797 0.036111
0 0.925586 0.414931 0.023047 0.022917
0 0.893555 0.396181 0.024609 0.028472
0 0.867969 0.446181 0.016406 0.045139
2 0.839063 0.376042 0.048438 0.045139
0 0.856445 0.362847 0.022266 0.028472
0 0.644336 0.373611 0.019922 0.029167
0 0.634375 0.349306 0.025000 0.030556
0 0.661328 0.353125 0.020313 0.027083
0 0.685742 0.304861 0.018359 0.029167
0 0.747656 0.221181 0.022656 0.042361
0 0.748047 0.239583 0.016406 0.025000
0 0.784375 0.205903 0.019531 0.022917
0 0.804492 0.178472 0.016797 0.022222
0 0.828516 0.148958 0.013281 0.022917
0 0.838477 0.152083 0.014453 0.026389
0 0.843750 0.130556 0.012500 0.019444
0 0.883008 0.111806 0.013672 0.016667
0 0.893555 0.093056 0.010547 0.019444
0 0.907617 0.116319 0.012109 0.020139
0 0.923438 0.117708 0.013281 0.020139
0 0.958398 0.038194 0.010547 0.016667
0 0.983984 0.034722 0.010156 0.018056
0 0.997266 0.033681 0.005469 0.018750
