2 0.301953 0.353125 0.053906 0.075694
2 0.678125 0.453819 0.064062 0.125694
2 0.647852 0.329167 0.031641 0.054167
2 0.765039 0.550000 0.080078 0.086111
2 0.825977 0.371181 0.069922 0.056250
2 0.702148 0.624306 0.062109 0.072222
1 0.248828 0.312500 0.039062 0.051389
1 0.740430 0.221875 0.036328 0.047917
1 0.658594 0.346528 0.028906 0.045833
1 0.182227 0.301042 0.030859 0.038194
1 0.228711 0.338194 0.026953 0.033333
0 0.013867 0.126389 0.013672 0.019444
0 0.074023 0.127778 0.010547 0.016667
0 0.102344 0.220139 0.019531 0.022222
0 0.137109 0.213194 0.019531 0.022222
0 0.166406 0.270139 0.016406 0.022222
0 0.198828 0.295139 0.021875 0.029167
0 0.230273 0.318056 0.023047 0.027778
0 0.261133 0.345486 0.028516 0.038194
0 0.268359 0.376736 0.025000 0.031250
0 0.291016 0.375694 0.022656 0.031944
0 0.333594 0.368056 0.021875 0.029167
0 0.364648 0.391667 0.027734 0.027778
0 0.369531 0.418750 0.027344 0.030556
0 0.346289 0.415278 0.026953 0.034722
0 0.353125 0.442361 0.021875 0.037500
0 0.408203 0.447917 0.031250 0.034722
1 0.320312 0.438194 0.058594 0.076389
0 0.466797 0.415972 0.030469 0.033333
0 0.488281 0.398611 0.028906 0.034722
0 0.463672 0.510069 0.028906 0.034028
0 0.460938 0.536458 0.029687 0.039583
0 0.446289 0.547569 0.030859 0.039583
0 0.554688 0.460764 0.028125 0.038194
0 0.589648 0.462847 0.030078 0.038194
0 0.378906 0.700000 0.039844 0.045833
0 0.635742 0.756944 0.041797 0.045833
0 0.717383 0.977778 0.028516 0.044444
0 0.651953 0.857986 0.035937 0.061806
0 0.571094 0.965278 0.050000 0.056944
0 0.613672 0.985764 0.042969 0.028472
0 0.650781 0.956250 0.035156 0.056944
0 0.751758 0.852431 0.044141 0.050694
0 0.638477 0.554861 0.037109 0.044444
0 0.662305 0.529514 0.033984 0.043750
0 0.695312 0.575000 0.035937 0.040278
0 0.706055 0.603472 0.026953 0.023611
0 0.735938 0.566667 0.032813 0.030556
0 0.758203 0.598611 0.034375 0.040278
0 0.769727 0.628819 0.034766 0.038194
0 0.774805 0.677083 0.040234 0.047222
0 0.839063 0.723958 0.035937 0.038194
0 0.882031 0.753472 0.039062 0.041667
0 0.961328 0.757986 0.035156 0.043750
0 0.996875 0.761458 0.006250 0.018750
0 0.996484 0.786111 0.007031 0.023611
1 0.990430 0.718403 0.019141 0.053472
0 0.909766 0.721528 0.032813 0.040278
0 0.941211 0.718056 0.036328 0.041667
0 0.935352 0.670833 0.034766 0.041667
0 0.903125 0.671875 0.035937 0.047917
0 0.868164 0.673958 0.036328 0.043750
0 0.834180 0.671528 0.031641 0.040278
0 0.836328 0.629861 0.033594 0.036111
0 0.853125 0.617708 0.032813 0.042361
0 0.894336 0.480208 0.020703 0.036806
0 0.925195 0.414236 0.022266 0.029861
0 0.892969 0.397917 0.023438 0.033333
0 0.868164 0.444444 0.015234 0.041667
0 0.855859 0.361806 0.023438 0.027778
0 0.608398 0.358681 0.014453 0.027083
0 0.621289 0.370486 0.017578 0.032639
0 0.639648 0.372222 0.021484 0.040278
0 0.622461 0.338194 0.021484 0.034722
0 0.683008 0.329167 0.019141 0.031944
0 0.706055 0.301389 0.020703 0.034722
0 0.734180 0.275000 0.020703 0.029167
0 0.750977 0.257639 0.017578 0.030556
0 0.784766 0.188889 0.015625 0.023611
0 0.856445 0.126736 0.014453 0.025694
0 0.963672 0.022222 0.010937 0.016667
0 0.988867 0.009375 0.004297 0.009028
