2 0.795117 0.653819 0.086328 0.097917
2 0.793164 0.611806 0.118359 0.109722
2 0.837109 0.376389 0.050000 0.038889
1 0.832812 0.216319 0.028125 0.036806
1 0.907422 0.072569 0.014844 0.028472
2 0.373633 0.318056 0.055859 0.062500
0 0.222461 0.213889 0.021484 0.033333
0 0.175586 0.298958 0.019141 0.024306
0 0.192578 0.309722 0.021875 0.030556
0 0.216797 0.309722 0.020313 0.030556
0 0.227344 0.343750 0.025781 0.029167
0 0.253906 0.367708 0.025000 0.027083
0 0.278320 0.385764 0.021484 0.029861
0 0.300781 0.404167 0.024219 0.034722
0 0.250977 0.385417 0.024609 0.027778
0 0.237109 0.328472 0.020313 0.031944
0 0.256055 0.336806 0.031641 0.045833
0 0.283203 0.367014 0.022656 0.032639
0 0.314648 0.396181 0.026172 0.034028
0 0.253711 0.303472 0.019922 0.027778
0 0.272070 0.318403 0.021484 0.029861
0 0.292383 0.332639 0.020703 0.026389
0 0.317969 0.353125 0.021875 0.029861
0 0.339258 0.365625 0.023828 0.032639
0 0.360352 0.387500 0.026172 0.033333
0 0.288672 0.350000 0.020313 0.031944
0 0.309180 0.366319 0.023828 0.029861
0 0.339453 0.393056 0.024219 0.031944
0 0.258594 0.728819 0.038281 0.052083
0 0.377734 0.693750 0.037500 0.044444
0 0.417383 0.693750 0.036328 0.045833
0 0.716602 0.975347 0.023828 0.042361
0 0.644531 0.964583 0.042188 0.050000
0 0.699414 0.859722 0.032422 0.054167
0 0.750391 0.852431 0.041406 0.045139
0 0.770117 0.815625 0.048047 0.043750
0 0.687109 0.718056 0.043750 0.047222
0 0.636133 0.755208 0.042578 0.045139
0 0.986328 0.773264 0.027344 0.045139
0 0.988281 0.750694 0.023438 0.026389
0 0.948242 0.750000 0.030859 0.037500
0 0.905273 0.718750 0.036328 0.038889
0 0.908203 0.696875 0.034375 0.036806
0 0.860742 0.685417 0.047266 0.051389
0 0.819922 0.620486 0.035156 0.036806
0 0.761523 0.670486 0.036328 0.042361
0 0.754102 0.619097 0.020703 0.024306
0 0.717187 0.637153 0.033594 0.039583
0 0.729883 0.627431 0.036328 0.042361
0 0.924805 0.416319 0.022266 0.029861
0 0.893555 0.396181 0.026172 0.031250
0 0.894727 0.480556 0.018359 0.036111
0 0.868555 0.443750 0.017578 0.040278
0 0.857031 0.362153 0.021094 0.029861
0 0.696680 0.390972 0.018359 0.036111
0 0.641602 0.371875 0.022266 0.029861
0 0.662891 0.348264 0.019531 0.032639
0 0.771289 0.292361 0.022266 0.029167
0 0.772852 0.265972 0.021484 0.026389
0 0.800195 0.186111 0.017578 0.027778
0 0.868555 0.174306 0.016016 0.022222
0 0.849805 0.140278 0.013672 0.020833
0 0.891602 0.140625 0.019141 0.021528
0 0.909570 0.111111 0.016797 0.029167
0 0.922070 0.118056 0.016016 0.023611
0 0.942773 0.097222 0.011328 0.018056
0 0.939648 0.084028 0.012109 0.019444
0 0.924805 0.058681 0.011328 0.018750
0 0.940234 0.059375 0.010937 0.017361
0 0.969727 0.052083 0.011328 0.018056
0 0.959375 0.023958 0.009375 0.014583
0 0.969531 0.025694 0.011719 0.016667
0 0.977734 0.009375 0.010937 0.015972
0 0.993945 0.035069 0.012109 0.022917
