2 0.367383 0.401736 0.060547 0.090972
2 0.590234 0.556597 0.068750 0.063194
2 0.794336 0.619097 0.114453 0.118750
2 0.928711 0.052083 0.026172 0.045833
2 0.916992 0.120833 0.025391 0.044444
2 0.827344 0.371875 0.072656 0.057639
1 0.323633 0.378819 0.036328 0.064583
1 0.651172 0.304167 0.043750 0.054167
1 0.646094 0.330903 0.039062 0.057639
1 0.660352 0.351389 0.030859 0.052778
1 0.717187 0.243750 0.028906 0.043056
0 0.027930 0.095833 0.016797 0.020833
0 0.011719 0.125694 0.012500 0.019444
0 0.069531 0.113542 0.014063 0.018750
0 0.111133 0.141667 0.016797 0.018056
0 0.211133 0.227431 0.020703 0.021528
0 0.237695 0.294444 0.021484 0.030556
0 0.262500 0.309722 0.022656 0.029167
0 0.288672 0.332986 0.021875 0.027083
0 0.297852 0.358333 0.021484 0.031944
0 0.411133 0.450000 0.027734 0.031944
0 0.413867 0.428472 0.026953 0.033333
0 0.442188 0.471528 0.030469 0.036111
0 0.459570 0.460417 0.032422 0.036111
0 0.363477 0.749653 0.031641 0.040972
0 0.381445 0.769097 0.034766 0.038194
0 0.415625 0.728472 0.032813 0.040278
0 0.395898 0.714583 0.033203 0.041667
0 0.378711 0.695833 0.034766 0.038889
0 0.543750 0.982986 0.042188 0.034028
0 0.615430 0.985417 0.041797 0.029167
0 0.717578 0.977083 0.026562 0.045833
0 0.750000 0.850694 0.039844 0.052778
0 0.950781 0.849306 0.043750 0.047222
0 0.620703 0.910764 0.035937 0.063194
0 0.651563 0.957292 0.035937 0.057639
0 0.635547 0.755556 0.039844 0.048611
0 0.555859 0.509028 0.035156 0.043056
0 0.635547 0.560764 0.029687 0.036806
0 0.671484 0.581597 0.032031 0.045139
0 0.709961 0.634375 0.039453 0.039583
0 0.723437 0.620486 0.037500 0.042361
0 0.791406 0.693750 0.035156 0.040278
0 0.827344 0.718403 0.038281 0.045139
0 0.894141 0.479514 0.021875 0.038194
0 0.924805 0.415625 0.022266 0.029861
0 0.894141 0.396528 0.025781 0.034722
0 0.868164 0.444444 0.018359 0.043056
0 0.858203 0.363542 0.022656 0.029861
0 0.639453 0.373264 0.026562 0.039583
0 0.621680 0.371181 0.020703 0.031250
0 0.609570 0.360069 0.016797 0.031250
0 0.625000 0.340278 0.021875 0.036111
0 0.684375 0.331250 0.018750 0.029167
0 0.671484 0.315278 0.015625 0.023611
0 0.676562 0.287847 0.018750 0.027083
0 0.698242 0.270486 0.020703 0.027083
0 0.706055 0.300694 0.024609 0.037500
0 0.724609 0.287847 0.018750 0.027083
0 0.737305 0.267014 0.016016 0.028472
0 0.757617 0.249653 0.016797 0.025694
0 0.751953 0.227778 0.016406 0.029167
0 0.770703 0.231597 0.015625 0.022917
0 0.782617 0.213194 0.016016 0.022222
0 0.819141 0.177778 0.017188 0.025000
0 0.812500 0.159722 0.014844 0.018056
0 0.833008 0.157292 0.014453 0.022917
0 0.883398 0.147569 0.016797 0.024306
0 0.893555 0.107292 0.014453 0.021528
0 0.970898 0.067014 0.011328 0.017361
0 0.948828 0.051736 0.011719 0.014583
0 0.955664 0.028472 0.010547 0.015278
0 0.926172 0.102778 0.011719 0.015278
