2 0.795312 0.652431 0.088281 0.099306
2 0.839844 0.377431 0.049219 0.047917
2 0.457617 0.381944 0.084766 0.097222
2 0.258594 0.848611 0.092188 0.120833
2 0.049219 0.092708 0.030469 0.040972
1 0.984570 0.049653 0.016797 0.028472
1 0.147461 0.985764 0.059766 0.028472
0 0.187500 0.223611 0.018750 0.022222
0 0.335352 0.316667 0.020703 0.026389
0 0.210352 0.308333 0.021484 0.029167
0 0.228711 0.345486 0.024609 0.029861
0 0.283594 0.385069 0.024219 0.032639
0 0.306055 0.430208 0.023047 0.034028
0 0.336133 0.434375 0.023828 0.034028
0 0.414453 0.498611 0.030469 0.033333
0 0.477344 0.567708 0.030469 0.035417
0 0.489063 0.523958 0.041406 0.064583
0 0.259961 0.308333 0.023828 0.029167
0 0.282422 0.326736 0.025000 0.031250
0 0.313867 0.348958 0.020703 0.028472
0 0.348633 0.376389 0.027734 0.031944
0 0.386133 0.403819 0.026953 0.031250
0 0.424414 0.435417 0.026953 0.033333
0 0.278320 0.358681 0.023828 0.027083
0 0.343164 0.391319 0.026172 0.034028
0 0.394922 0.435764 0.025781 0.036806
0 0.438477 0.470139 0.033203 0.040278
0 0.349023 0.418403 0.026172 0.035417
0 0.473828 0.383333 0.024219 0.029167
0 0.476953 0.415625 0.034375 0.038194
0 0.556445 0.479514 0.029297 0.029861
0 0.346680 0.767361 0.037109 0.038889
0 0.417383 0.727431 0.033203 0.043750
0 0.416797 0.690972 0.033594 0.038889
0 0.378906 0.694097 0.033594 0.040972
0 0.715625 0.976389 0.021094 0.047222
0 0.649023 0.959375 0.038672 0.047917
0 0.750000 0.850000 0.037500 0.041667
0 0.637109 0.755556 0.041406 0.044444
0 0.716406 0.712500 0.035937 0.040278
0 0.973828 0.888194 0.037500 0.044444
0 0.926953 0.839236 0.048438 0.042361
0 0.637695 0.675347 0.035547 0.042361
0 0.617969 0.626389 0.032813 0.044444
0 0.977148 0.698611 0.034766 0.037500
0 0.933203 0.780903 0.039062 0.040972
0 0.891797 0.711111 0.035937 0.037500
0 0.858594 0.663194 0.033594 0.031944
0 0.756445 0.597569 0.028516 0.031250
0 0.736523 0.602431 0.036328 0.040972
0 0.663867 0.600000 0.033984 0.030556
0 0.665430 0.557639 0.027734 0.033333
0 0.649609 0.520486 0.028906 0.031250
0 0.612891 0.544792 0.031250 0.032639
0 0.616797 0.569444 0.035156 0.031944
0 0.893164 0.479514 0.015234 0.027083
0 0.924414 0.416319 0.022266 0.024306
0 0.893164 0.397917 0.024609 0.027778
0 0.869141 0.444792 0.012500 0.047917
0 0.856250 0.362847 0.023438 0.027083
0 0.642969 0.372569 0.019531 0.027083
0 0.635156 0.350694 0.024219 0.037500
0 0.661914 0.353472 0.021484 0.027778
0 0.666406 0.325694 0.021094 0.027778
0 0.708594 0.280556 0.018750 0.025000
0 0.699805 0.264236 0.024609 0.042361
0 0.743555 0.259028 0.019922 0.027778
0 0.758594 0.214931 0.015625 0.024306
0 0.795508 0.197222 0.015234 0.030556
0 0.790625 0.184028 0.013281 0.019444
0 0.800781 0.169444 0.013281 0.022222
0 0.837891 0.147222 0.012500 0.018056
0 0.848047 0.134028 0.013281 0.020833
0 0.951367 0.087500 0.012109 0.016667
0 0.951562 0.073958 0.014063 0.018750
0 0.925586 0.075347 0.011328 0.015972
0 0.988086 0.003472 0.007422 0.005556
