2 0.794336 0.654167 0.086328 0.093056
2 0.794727 0.618403 0.120703 0.117361
2 0.835156 0.374653 0.057031 0.042361
2 0.610156 0.442361 0.047656 0.062500
2 0.533398 0.535764 0.065234 0.090972
1 0.807813 0.169444 0.024219 0.033333
0 0.016602 0.077083 0.010547 0.019444
0 0.112891 0.138542 0.018750 0.025694
0 0.174609 0.198611 0.018750 0.025000
0 0.198828 0.201389 0.017188 0.023611
0 0.166797 0.290625 0.019531 0.027083
0 0.191797 0.307639 0.021875 0.034722
0 0.209766 0.304861 0.018750 0.034722
0 0.220898 0.338542 0.018359 0.031250
0 0.235742 0.328125 0.021484 0.036806
0 0.253516 0.305208 0.019531 0.027083
0 0.271680 0.317361 0.023828 0.033333
0 0.257617 0.340972 0.030078 0.051389
0 0.268750 0.328472 0.017188 0.029167
0 0.293164 0.333681 0.020703 0.028472
0 0.253906 0.369444 0.024219 0.031944
0 0.250195 0.382986 0.019922 0.028472
0 0.278516 0.385764 0.026562 0.034028
0 0.283789 0.364931 0.023047 0.032639
0 0.308789 0.366667 0.025391 0.031944
0 0.317773 0.352778 0.024609 0.027778
0 0.338477 0.366667 0.024609 0.029167
0 0.360352 0.386806 0.025391 0.033333
0 0.339062 0.392361 0.026562 0.033333
0 0.315430 0.393056 0.026953 0.038889
0 0.302148 0.403125 0.023047 0.036806
0 0.278711 0.388194 0.022266 0.034722
0 0.177734 0.812847 0.036719 0.054861
0 0.215234 0.954167 0.044531 0.059722
0 0.181445 0.908333 0.040234 0.045833
0 0.185547 0.934028 0.060156 0.072222
0 0.275000 0.845833 0.039844 0.051389
0 0.335156 0.818403 0.037500 0.043750
0 0.392773 0.706597 0.049609 0.068750
0 0.400391 0.743056 0.035937 0.047222
0 0.461523 0.679167 0.038672 0.044444
0 0.457813 0.638194 0.029687 0.038889
0 0.716211 0.977431 0.021484 0.045139
0 0.615234 0.985764 0.042188 0.028472
0 0.650391 0.956250 0.032031 0.056944
0 0.636328 0.756597 0.040625 0.056250
0 0.675586 0.704514 0.037109 0.047917
0 0.751172 0.853125 0.039062 0.049306
0 0.875586 0.822569 0.041016 0.046528
0 0.987891 0.776042 0.024219 0.039583
0 0.987891 0.753819 0.024219 0.032639
0 0.948828 0.751736 0.031250 0.038194
0 0.904883 0.720833 0.037891 0.033333
0 0.907617 0.700000 0.034766 0.038889
0 0.858398 0.687153 0.048828 0.056250
0 0.820898 0.621181 0.033984 0.042361
0 0.717383 0.639236 0.034766 0.043750
0 0.729297 0.627083 0.033594 0.038889
0 0.752930 0.620486 0.021484 0.040972
0 0.894141 0.479861 0.018750 0.029167
0 0.925195 0.416667 0.023047 0.023611
0 0.893359 0.399306 0.026562 0.029167
0 0.866602 0.445833 0.012891 0.041667
0 0.856445 0.362500 0.020703 0.023611
0 0.664648 0.424653 0.023828 0.031250
0 0.642969 0.372917 0.021875 0.030556
0 0.776563 0.265278 0.015625 0.030556
0 0.840430 0.189236 0.012891 0.021528
0 0.829492 0.165625 0.016016 0.018750
0 0.916797 0.080556 0.010156 0.016667
0 0.942578 0.087847 0.012500 0.022917
0 0.918945 0.124306 0.010547 0.019444
0 0.938867 0.056944 0.011328 0.016667
