2 0.251563 0.231597 0.040625 0.050694
2 0.276758 0.331944 0.055859 0.069444
2 0.952734 0.082639 0.024219 0.044444
2 0.954492 0.674653 0.091016 0.117361
2 0.723633 0.641667 0.066016 0.077778
2 0.826367 0.373958 0.076172 0.064583
2 0.726758 0.253819 0.031641 0.049306
1 0.239844 0.305208 0.038281 0.053472
1 0.175391 0.293056 0.028125 0.034722
1 0.199414 0.313542 0.026172 0.029861
1 0.660352 0.346528 0.028516 0.045833
1 0.862695 0.161458 0.022266 0.036806
1 0.880273 0.092014 0.022266 0.039583
0 0.130273 0.242014 0.018359 0.029861
0 0.019531 0.130208 0.014844 0.020139
0 0.295117 0.281944 0.028516 0.030556
0 0.191992 0.288889 0.018359 0.025000
0 0.212695 0.307639 0.021484 0.026389
0 0.234180 0.322917 0.028516 0.043056
0 0.256641 0.345139 0.021875 0.026389
0 0.245703 0.359028 0.021875 0.029167
0 0.256055 0.387500 0.026953 0.033333
0 0.266602 0.376389 0.025391 0.036111
0 0.275000 0.360764 0.022656 0.032639
0 0.307227 0.411111 0.025391 0.034722
0 0.298047 0.381944 0.024219 0.027778
0 0.311133 0.370833 0.021484 0.029167
0 0.304492 0.340625 0.009766 0.022917
0 0.323047 0.357986 0.025781 0.031250
0 0.347461 0.378472 0.025391 0.029167
0 0.333203 0.390625 0.025000 0.029861
0 0.322656 0.401389 0.025000 0.029167
0 0.306055 0.412153 0.026953 0.032639
0 0.496484 0.389931 0.032813 0.027083
0 0.270898 0.713889 0.036328 0.050000
0 0.377930 0.699653 0.035547 0.040972
0 0.634961 0.755903 0.041797 0.050694
0 0.661133 0.843403 0.030078 0.065972
0 0.616016 0.914583 0.039844 0.059722
0 0.614844 0.985764 0.046094 0.028472
0 0.651367 0.957639 0.036328 0.056944
0 0.715234 0.976736 0.028906 0.046528
0 0.748437 0.851736 0.041406 0.049306
0 0.882422 0.756944 0.039844 0.037500
0 0.964258 0.760764 0.036328 0.043750
0 0.963281 0.730556 0.037500 0.038889
0 0.930469 0.737847 0.035937 0.045139
0 0.905859 0.700000 0.035156 0.041667
0 0.886914 0.707639 0.033203 0.037500
0 0.905273 0.671528 0.035547 0.033333
0 0.861719 0.645139 0.033594 0.037500
0 0.853516 0.664583 0.033594 0.037500
0 0.835352 0.670833 0.033203 0.037500
0 0.840234 0.725347 0.035156 0.045139
0 0.797070 0.693403 0.037891 0.039583
0 0.779492 0.660069 0.029297 0.032639
0 0.790430 0.644097 0.032422 0.035417
0 0.807813 0.630208 0.039062 0.047917
0 0.819531 0.619097 0.032031 0.040972
0 0.773242 0.588194 0.037891 0.041667
0 0.765234 0.600694 0.032031 0.037500
0 0.754297 0.616319 0.032031 0.035417
0 0.732617 0.619792 0.038672 0.042361
0 0.894336 0.480208 0.019141 0.035417
0 0.924219 0.417014 0.024219 0.028472
0 0.894922 0.400347 0.025781 0.032639
0 0.866406 0.443750 0.020313 0.044444
0 0.856445 0.361806 0.024609 0.025000
0 0.711523 0.354514 0.019922 0.029861
0 0.670312 0.294792 0.017969 0.025694
0 0.590430 0.373611 0.030859 0.033333
0 0.640039 0.374306 0.029297 0.037500
0 0.683984 0.330556 0.025000 0.027778
0 0.680078 0.314583 0.020313 0.025000
0 0.706641 0.301042 0.023438 0.036806
0 0.709766 0.254167 0.017969 0.031944
0 0.777148 0.225694 0.019922 0.027778
0 0.843164 0.151736 0.018359 0.027083
0 0.900781 0.081597 0.015625 0.024306
0 0.922461 0.103819 0.013672 0.024306
0 0.990039 0.030903 0.009766 0.017361
