2 0.354883 0.796528 0.064453 0.087500
2 0.796680 0.766667 0.135547 0.143056
2 0.673633 0.287153 0.051172 0.045139
1 0.796875 0.190278 0.021875 0.034722
1 0.756641 0.210417 0.030469 0.036111
1 0.893555 0.079167 0.022266 0.036111
2 0.827930 0.371875 0.069141 0.049306
0 0.008594 0.120139 0.011719 0.019444
0 0.074023 0.174306 0.017578 0.020833
0 0.041797 0.173264 0.017969 0.024306
0 0.129883 0.222917 0.020703 0.026389
0 0.125586 0.253125 0.017578 0.029861
0 0.142969 0.250000 0.017188 0.025000
0 0.197266 0.293403 0.027344 0.043750
0 0.246680 0.338889 0.021484 0.027778
0 0.275391 0.359375 0.022656 0.031250
0 0.255469 0.365278 0.023438 0.027778
0 0.321094 0.357292 0.024219 0.031250
0 0.349805 0.377778 0.021484 0.029167
0 0.333594 0.387153 0.026562 0.029861
0 0.323633 0.401042 0.023828 0.032639
0 0.308008 0.407639 0.023828 0.036111
0 0.300586 0.381250 0.023828 0.030556
0 0.374219 0.494792 0.028906 0.042361
0 0.477930 0.534028 0.019141 0.040278
0 0.396094 0.709375 0.032813 0.043750
0 0.423438 0.713542 0.034375 0.043750
0 0.261719 0.861806 0.039844 0.048611
0 0.650586 0.955903 0.035547 0.060417
0 0.717383 0.975000 0.031641 0.048611
0 0.683594 0.791667 0.039062 0.051389
0 0.749023 0.849653 0.038672 0.046528
0 0.636719 0.755903 0.039844 0.053472
1 0.677930 0.670139 0.038672 0.050000
0 0.964844 0.734028 0.037500 0.047222
0 0.910547 0.696875 0.039844 0.049306
0 0.854883 0.662153 0.033984 0.039583
0 0.836719 0.674306 0.032031 0.044444
0 0.819727 0.615278 0.026172 0.034722
0 0.811719 0.630903 0.039844 0.054861
0 0.791211 0.645139 0.029297 0.041667
0 0.773438 0.584028 0.037500 0.036111
0 0.767383 0.602431 0.034766 0.036806
0 0.757227 0.615278 0.032422 0.037500
1 0.572852 0.530903 0.026172 0.057639
0 0.579102 0.454514 0.023828 0.043750
0 0.670508 0.422917 0.015234 0.037500
0 0.894727 0.479514 0.017578 0.031250
0 0.867188 0.445139 0.017969 0.051389
0 0.923633 0.414931 0.019922 0.029861
0 0.892188 0.396528 0.029687 0.031944
0 0.855469 0.356250 0.025000 0.033333
0 0.614844 0.349653 0.019531 0.031250
0 0.630469 0.361806 0.019531 0.031944
0 0.639844 0.326389 0.022656 0.025000
0 0.654297 0.338542 0.017188 0.022917
0 0.674219 0.312153 0.020313 0.029861
0 0.691602 0.300000 0.015234 0.027778
0 0.722266 0.290278 0.019531 0.027778
0 0.708594 0.279514 0.014063 0.021528
0 0.716016 0.249653 0.016406 0.027083
0 0.723633 0.263542 0.015234 0.022917
0 0.739844 0.251042 0.018750 0.020139
0 0.736133 0.232639 0.019141 0.020833
0 0.754883 0.235417 0.015234 0.020833
0 0.766602 0.223264 0.013672 0.020139
0 0.776758 0.215278 0.012109 0.013889
0 0.781055 0.193403 0.014453 0.017361
0 0.806055 0.168403 0.011328 0.015972
0 0.815430 0.182639 0.016016 0.022222
0 0.824805 0.169792 0.011328 0.018750
0 0.844727 0.149653 0.012891 0.018750
0 0.816602 0.160417 0.013672 0.016667
0 0.826758 0.148264 0.014453 0.017361
0 0.837305 0.139931 0.012891 0.013194
0 0.851172 0.128125 0.012500 0.017361
0 0.859766 0.120139 0.010156 0.013889
0 0.870313 0.113542 0.007812 0.017361
0 0.880469 0.113889 0.013281 0.025000
0 0.895508 0.099653 0.011328 0.018750
0 0.904102 0.091667 0.009766 0.016667
0 0.917969 0.079514 0.013281 0.017361
0 0.942969 0.043403 0.008594 0.014583
0 0.957422 0.026042 0.013281 0.014583
0 0.957422 0.038542 0.009375 0.017361
0 0.973047 0.014931 0.008594 0.015972
0 0.987305 0.007639 0.007422 0.013889
