2 0.434961 0.455903 0.070703 0.090972
2 0.793359 0.619792 0.121875 0.124306
2 0.829102 0.369444 0.074609 0.059722
2 0.859375 0.111458 0.028906 0.049306
2 0.985742 0.038542 0.017578 0.029861
2 0.398633 0.616667 0.066797 0.070833
1 0.360938 0.403125 0.047656 0.071528
1 0.651563 0.297222 0.042969 0.051389
1 0.644922 0.328819 0.035156 0.061806
1 0.660352 0.347917 0.030859 0.052778
1 0.305859 0.845486 0.049219 0.082639
0 0.012305 0.071181 0.014453 0.015972
0 0.007812 0.084375 0.011719 0.015972
0 0.107617 0.195833 0.017578 0.023611
0 0.238477 0.294444 0.022266 0.031944
0 0.263086 0.313194 0.023047 0.029167
0 0.292383 0.336111 0.021484 0.027778
0 0.302734 0.362847 0.023438 0.029861
0 0.329492 0.362153 0.025391 0.035417
0 0.302734 0.673611 0.035937 0.062500
0 0.453711 0.551389 0.027734 0.040278
0 0.382422 0.770139 0.034375 0.047222
0 0.363867 0.750347 0.034766 0.036806
0 0.414062 0.728472 0.035156 0.044444
0 0.396875 0.717014 0.035156 0.043750
0 0.378125 0.695486 0.035156 0.039583
0 0.539062 0.490972 0.032031 0.033333
0 0.553125 0.457986 0.036719 0.040972
0 0.593359 0.472222 0.032813 0.034722
0 0.608008 0.540625 0.036328 0.036806
0 0.593750 0.624306 0.019531 0.062500
0 0.650195 0.570486 0.037891 0.046528
0 0.637305 0.755903 0.043359 0.050694
0 0.707812 0.630903 0.035937 0.038194
0 0.759766 0.673611 0.035156 0.040278
0 0.821875 0.623264 0.032031 0.046528
0 0.800195 0.584722 0.035547 0.034722
0 0.952930 0.689931 0.033203 0.043750
0 0.542578 0.980556 0.039062 0.038889
0 0.613086 0.983681 0.046484 0.032639
0 0.651563 0.956597 0.035156 0.061806
0 0.716406 0.976736 0.026562 0.046528
0 0.620898 0.913194 0.032422 0.062500
0 0.750195 0.848264 0.037109 0.049306
0 0.894727 0.478819 0.019922 0.034028
0 0.922266 0.452778 0.028906 0.040278
0 0.924609 0.415972 0.021875 0.022222
0 0.894141 0.397569 0.026562 0.032639
0 0.868164 0.445833 0.019922 0.045833
0 0.858789 0.362847 0.025391 0.028472
0 0.648633 0.414931 0.028516 0.034028
0 0.608008 0.361111 0.015234 0.031944
0 0.621875 0.370139 0.017969 0.036111
0 0.639258 0.371181 0.024609 0.040972
0 0.623633 0.337847 0.021484 0.031250
0 0.670703 0.314583 0.015625 0.026389
0 0.684375 0.328472 0.016406 0.029167
0 0.677344 0.286458 0.018750 0.025694
0 0.694336 0.293750 0.017578 0.036111
0 0.707422 0.303125 0.018750 0.038194
0 0.726172 0.286111 0.021875 0.026389
0 0.698047 0.267014 0.020313 0.024306
1 0.718555 0.243056 0.026172 0.041667
0 0.737500 0.268403 0.017188 0.031250
0 0.757422 0.249653 0.016406 0.022917
0 0.769531 0.231944 0.011719 0.023611
0 0.757812 0.226389 0.016406 0.023611
0 0.742383 0.226736 0.018359 0.024306
0 0.782422 0.213194 0.014063 0.022222
0 0.799805 0.193750 0.018359 0.027778
0 0.831641 0.162847 0.012500 0.022917
0 0.883984 0.115278 0.014063 0.020833
0 0.892773 0.092361 0.013672 0.026389
0 0.964258 0.059028 0.016016 0.023611
