1 0.875781 0.660069 0.078125 0.084028
1 0.899414 0.712847 0.060547 0.074306
2 0.963086 0.477083 0.054297 0.050000
1 0.228711 0.893056 0.062109 0.075000
1 0.623633 0.338194 0.027734 0.050000
2 0.358008 0.777431 0.086328 0.124306
2 0.313867 0.793056 0.081641 0.122222
2 0.051172 0.919444 0.092188 0.147222
1 0.453906 0.569097 0.071875 0.074306
0 0.096094 0.209375 0.019531 0.032639
0 0.167773 0.271528 0.020703 0.031944
0 0.235937 0.328125 0.027344 0.029861
0 0.261914 0.346528 0.027734 0.031944
0 0.273633 0.380903 0.024609 0.032639
0 0.285547 0.365278 0.026562 0.040278
0 0.290820 0.421528 0.024609 0.033333
0 0.304102 0.406944 0.028516 0.043056
0 0.321094 0.399653 0.025781 0.040972
0 0.155273 0.977431 0.049609 0.045139
0 0.282617 0.881250 0.037109 0.038889
0 0.229687 0.946181 0.042188 0.036806
0 0.390820 0.681597 0.037109 0.042361
0 0.417187 0.691667 0.035156 0.047222
0 0.416602 0.725694 0.033984 0.038889
0 0.715625 0.976389 0.022656 0.047222
0 0.641992 0.967361 0.041797 0.056944
0 0.636328 0.753472 0.041406 0.052778
0 0.738867 0.799653 0.037109 0.040972
0 0.750391 0.848264 0.042969 0.056250
0 0.941992 0.719097 0.040234 0.050694
0 0.802734 0.651736 0.032813 0.040972
0 0.807813 0.629861 0.036719 0.044444
0 0.733984 0.628472 0.031250 0.034722
0 0.753516 0.615972 0.032813 0.037500
0 0.761914 0.599653 0.034766 0.035417
0 0.895312 0.479514 0.018750 0.036806
0 0.868359 0.442361 0.016406 0.048611
0 0.893750 0.397569 0.027344 0.036806
0 0.926172 0.414931 0.024219 0.024306
0 0.847070 0.374653 0.028516 0.031250
0 0.856641 0.364931 0.023438 0.029861
0 0.831250 0.352083 0.025781 0.029167
0 0.699219 0.500694 0.032813 0.052778
0 0.681055 0.404167 0.023828 0.038889
0 0.704102 0.375694 0.020703 0.026389
0 0.711719 0.347222 0.021875 0.027778
0 0.744922 0.300694 0.015625 0.026389
0 0.774805 0.262500 0.017578 0.025000
0 0.791016 0.271528 0.014844 0.025000
0 0.819336 0.232639 0.016797 0.027778
0 0.892773 0.139236 0.015234 0.024306
0 0.913281 0.112847 0.013281 0.021528
0 0.922656 0.120833 0.013281 0.019444
0 0.925977 0.101736 0.011328 0.021528
0 0.937109 0.088542 0.010937 0.018750
0 0.945703 0.075000 0.010156 0.012500
0 0.971875 0.062500 0.010937 0.016667
0 0.983984 0.045139 0.010156 0.013889
0 0.946289 0.052083 0.009766 0.015278
0 0.931836 0.050694 0.006641 0.015278
0 0.931836 0.070486 0.015234 0.018750
0 0.911523 0.071528 0.014453 0.020833
0 0.780664 0.192361 0.013672 0.023611
0 0.780469 0.224306 0.019531 0.025000
0 0.758594 0.227778 0.018750 0.026389
0 0.742188 0.244097 0.014844 0.029861
0 0.748437 0.257986 0.016406 0.027083
0 0.721289 0.245139 0.021484 0.027778
0 0.728516 0.256250 0.019531 0.027778
0 0.733398 0.274306 0.017578 0.026389
0 0.701758 0.263194 0.017578 0.027778
0 0.713867 0.278125 0.017578 0.027083
0 0.720508 0.294444 0.020703 0.027778
0 0.686328 0.281597 0.017188 0.024306
0 0.698242 0.287847 0.017578 0.029861
0 0.695508 0.310764 0.021484 0.038194
0 0.667383 0.292361 0.018359 0.027778
0 0.678516 0.309028 0.020313 0.030556
0 0.679297 0.331944 0.022656 0.029167
0 0.657813 0.307986 0.020313 0.028472
0 0.663867 0.328472 0.020703 0.029167
0 0.661914 0.353125 0.020703 0.034028
0 0.637891 0.379514 0.023438 0.032639
0 0.635352 0.350694 0.028516 0.040278
