2 0.795508 0.652431 0.085547 0.092361
2 0.793945 0.614236 0.115234 0.109028
2 0.837891 0.375694 0.053125 0.044444
2 0.452930 0.366319 0.075391 0.065972
2 0.992773 0.036458 0.014453 0.028472
2 0.981836 0.034028 0.016797 0.023611
1 0.940820 0.039931 0.012891 0.024306
1 0.781641 0.278819 0.033594 0.049306
0 0.294336 0.260417 0.027734 0.034722
0 0.175391 0.298958 0.019531 0.022917
0 0.193359 0.307986 0.021094 0.028472
0 0.217969 0.311806 0.020313 0.029167
0 0.228320 0.342361 0.023828 0.031944
0 0.237109 0.326736 0.017969 0.029861
0 0.255078 0.304167 0.020313 0.029167
0 0.257812 0.338889 0.029687 0.047222
0 0.253906 0.366319 0.025000 0.027083
0 0.251172 0.383333 0.021875 0.029167
0 0.272656 0.317361 0.024219 0.029167
0 0.293750 0.334028 0.021875 0.027778
0 0.288672 0.349306 0.025000 0.027778
0 0.284961 0.365625 0.021484 0.029861
0 0.279883 0.385417 0.020703 0.025000
0 0.302539 0.405208 0.020703 0.031250
0 0.314453 0.393403 0.025000 0.036806
0 0.309180 0.365278 0.020703 0.030556
0 0.338867 0.392014 0.030078 0.034028
0 0.317188 0.352778 0.025000 0.033333
0 0.339258 0.365625 0.023828 0.024306
0 0.360352 0.386458 0.026172 0.035417
0 0.450195 0.533333 0.033203 0.040278
0 0.378711 0.694444 0.037109 0.047222
0 0.399023 0.713542 0.035547 0.042361
0 0.716406 0.976736 0.025781 0.046528
0 0.827734 0.851042 0.040625 0.049306
0 0.707812 0.832292 0.034375 0.054861
0 0.750391 0.850347 0.039844 0.043750
0 0.669922 0.926042 0.032813 0.057639
0 0.624414 0.981597 0.047266 0.036806
0 0.636914 0.755208 0.041016 0.052083
0 0.591406 0.645486 0.038281 0.036806
0 0.986914 0.773958 0.026172 0.042361
0 0.987891 0.751042 0.024219 0.029861
0 0.948047 0.749306 0.034375 0.036111
0 0.904102 0.718403 0.037109 0.036806
0 0.907422 0.696181 0.034375 0.035417
0 0.860352 0.685069 0.045703 0.050694
0 0.820508 0.620139 0.030859 0.036111
0 0.762500 0.670833 0.037500 0.038889
0 0.754883 0.621528 0.022266 0.026389
0 0.718750 0.638889 0.036719 0.038889
0 0.728906 0.627778 0.035156 0.040278
0 0.895508 0.478472 0.019922 0.030556
0 0.926562 0.415972 0.022656 0.029167
0 0.894727 0.397222 0.026172 0.029167
0 0.867969 0.444792 0.017188 0.040972
0 0.857617 0.362847 0.021484 0.027083
0 0.692773 0.471875 0.021484 0.036806
0 0.644922 0.413542 0.021094 0.027083
0 0.643945 0.372917 0.022266 0.030556
0 0.663867 0.347917 0.021484 0.027778
0 0.707617 0.366319 0.025391 0.032639
0 0.801758 0.242361 0.019141 0.023611
0 0.841992 0.188194 0.018359 0.022222
0 0.859180 0.131597 0.016016 0.027083
0 0.868945 0.154514 0.016016 0.029861
0 0.882617 0.163889 0.012891 0.023611
0 0.908984 0.138194 0.014063 0.018056
0 0.901172 0.125347 0.012500 0.020139
0 0.898242 0.098611 0.012109 0.022222
0 0.935352 0.089236 0.013672 0.018750
0 0.965430 0.068750 0.013672 0.025000
0 0.974219 0.062500 0.009375 0.018056
0 0.956055 0.030556 0.010547 0.016667
0 0.949414 0.050000 0.010547 0.013889
0 0.969531 0.028472 0.008594 0.012500
