2 0.794922 0.653125 0.084375 0.096528
2 0.793945 0.610764 0.117578 0.100694
2 0.839063 0.376042 0.049219 0.039583
2 0.649219 0.305208 0.045312 0.063194
2 0.917188 0.120139 0.021094 0.031944
2 0.907617 0.111806 0.016797 0.030556
1 0.615039 0.475694 0.042578 0.061111
0 0.175391 0.298611 0.018750 0.023611
0 0.193555 0.309375 0.021484 0.029861
0 0.218164 0.310417 0.018359 0.030556
0 0.237305 0.328125 0.016797 0.029861
0 0.228125 0.342361 0.021094 0.027778
0 0.254102 0.304861 0.018359 0.026389
0 0.272070 0.316319 0.020703 0.028472
0 0.258203 0.338542 0.028125 0.046528
0 0.254688 0.366667 0.021094 0.029167
0 0.251758 0.383333 0.021484 0.027778
0 0.279492 0.384722 0.024609 0.029167
0 0.284570 0.367014 0.020703 0.031250
0 0.288477 0.347569 0.022266 0.029861
0 0.293164 0.333681 0.019922 0.029861
0 0.316992 0.351736 0.023047 0.029861
0 0.311133 0.366319 0.020703 0.027083
0 0.314258 0.393403 0.023047 0.035417
0 0.303320 0.404861 0.023828 0.031944
0 0.339453 0.392361 0.025000 0.029167
0 0.338867 0.368750 0.023047 0.025000
0 0.360938 0.387153 0.022656 0.027083
0 0.378516 0.694444 0.035156 0.037500
0 0.395313 0.754514 0.039062 0.040972
0 0.065039 0.966319 0.038672 0.052083
0 0.491797 0.378472 0.037500 0.034722
0 0.498828 0.495139 0.024219 0.037500
0 0.514648 0.602778 0.031641 0.037500
0 0.538086 0.538889 0.023828 0.033333
0 0.717187 0.977431 0.022656 0.045139
0 0.653320 0.953125 0.033984 0.053472
0 0.700000 0.849653 0.031250 0.054861
0 0.635742 0.755903 0.040234 0.045139
0 0.750586 0.850000 0.037891 0.045833
0 0.987500 0.775000 0.025000 0.043056
0 0.988086 0.749653 0.023828 0.028472
0 0.949414 0.750694 0.035547 0.037500
0 0.905469 0.718403 0.036719 0.032639
0 0.907227 0.696528 0.034766 0.036111
0 0.905664 0.651042 0.035547 0.038194
0 0.859961 0.684028 0.045703 0.052778
0 0.761914 0.671528 0.035547 0.037500
0 0.717578 0.637500 0.035937 0.037500
0 0.729297 0.627431 0.032813 0.035417
0 0.753516 0.619097 0.020313 0.027083
0 0.895703 0.479167 0.017188 0.027778
0 0.925781 0.415278 0.021875 0.026389
0 0.894336 0.398611 0.023828 0.030556
0 0.868555 0.442708 0.015234 0.040972
0 0.856836 0.362153 0.022266 0.031250
0 0.643555 0.373264 0.021484 0.029861
0 0.632812 0.426389 0.025000 0.027778
0 0.671289 0.340278 0.020703 0.026389
0 0.718359 0.264236 0.019531 0.025694
0 0.743164 0.326042 0.020703 0.034028
0 0.729492 0.313194 0.024609 0.043056
0 0.778711 0.258333 0.014453 0.022222
0 0.796484 0.262153 0.017188 0.020139
0 0.841992 0.204861 0.015234 0.023611
0 0.862500 0.171181 0.019531 0.035417
0 0.882617 0.166319 0.014453 0.017361
0 0.962500 0.033681 0.011719 0.018750
0 0.983398 0.051042 0.008203 0.013194
0 0.988281 0.032292 0.009375 0.013194
0 0.981641 0.016319 0.008594 0.013194
