2 0.793359 0.614236 0.117969 0.109028
2 0.830078 0.371528 0.064844 0.052778
2 0.762695 0.204167 0.037891 0.052778
2 0.125586 0.962500 0.101172 0.075000
2 0.231250 0.878472 0.078125 0.104167
1 0.492969 0.494792 0.049219 0.074306
1 0.346289 0.801389 0.046484 0.069444
1 0.585352 0.365625 0.055859 0.057639
1 0.704102 0.257986 0.026953 0.040972
1 0.859375 0.686458 0.045312 0.064583
0 0.166602 0.271181 0.017578 0.028472
1 0.974023 0.684028 0.051953 0.062500
0 0.303711 0.405556 0.026172 0.034722
0 0.360547 0.389583 0.024219 0.033333
0 0.193164 0.980556 0.038672 0.038889
0 0.231055 0.931944 0.041016 0.030556
0 0.289844 0.835417 0.032813 0.045833
0 0.294531 0.865625 0.039844 0.039583
0 0.326172 0.786806 0.032031 0.040278
0 0.364453 0.747917 0.034375 0.041667
0 0.384375 0.765972 0.031250 0.043056
0 0.400586 0.709375 0.033984 0.046528
0 0.414844 0.730556 0.029687 0.040278
0 0.408594 0.567708 0.021875 0.032639
0 0.413086 0.595139 0.030859 0.040278
0 0.514648 0.448611 0.023828 0.036111
0 0.566211 0.425694 0.024609 0.034722
0 0.574609 0.490972 0.018750 0.043056
0 0.541406 0.980556 0.042188 0.038889
0 0.616602 0.986458 0.043359 0.027083
0 0.651563 0.959028 0.032813 0.058333
0 0.716016 0.977778 0.023438 0.044444
0 0.619727 0.914583 0.030859 0.065278
0 0.654297 0.847917 0.033594 0.068056
0 0.634570 0.755208 0.040234 0.049306
0 0.680273 0.803125 0.020703 0.054861
0 0.750391 0.852083 0.036719 0.045833
0 0.970313 0.950694 0.039062 0.052778
0 0.830469 0.792361 0.042969 0.054167
0 0.921680 0.759375 0.036328 0.040972
0 0.967383 0.762500 0.032422 0.034722
0 0.904102 0.717708 0.036328 0.036806
0 0.784766 0.685417 0.038281 0.037500
0 0.812109 0.662500 0.035156 0.033333
0 0.759766 0.625347 0.036719 0.031250
0 0.819922 0.619792 0.032031 0.038194
0 0.894727 0.481250 0.017578 0.034722
0 0.925000 0.416667 0.022656 0.027778
0 0.893359 0.395833 0.025000 0.029167
0 0.868555 0.444097 0.016016 0.042361
0 0.856836 0.362153 0.023828 0.027083
0 0.791016 0.339931 0.017188 0.031250
0 0.775781 0.364931 0.023438 0.028472
0 0.684570 0.412847 0.016016 0.031250
0 0.605859 0.385764 0.019531 0.035417
0 0.626172 0.390278 0.020313 0.029167
0 0.638281 0.353125 0.018750 0.027083
0 0.629102 0.336458 0.020703 0.028472
0 0.666406 0.304514 0.019531 0.029861
0 0.680078 0.312500 0.019531 0.027778
0 0.686719 0.327083 0.018750 0.030556
1 0.766992 0.281944 0.022266 0.038889
0 0.734375 0.252431 0.023438 0.035417
0 0.732031 0.234722 0.016406 0.022222
0 0.768945 0.238194 0.016797 0.023611
0 0.785937 0.192361 0.015625 0.027778
0 0.795898 0.180903 0.014453 0.020139
0 0.805664 0.189236 0.014453 0.021528
0 0.818164 0.160764 0.018359 0.024306
0 0.837891 0.141667 0.016406 0.018056
0 0.850586 0.128819 0.011328 0.018750
0 0.860938 0.135764 0.014844 0.020139
0 0.889453 0.140972 0.016406 0.019444
0 0.960352 0.025000 0.011328 0.015278
0 0.991992 0.040625 0.008203 0.013194
