0 0.193359 0.214236 0.025000 0.022917
0 0.303125 0.404514 0.025000 0.032639
0 0.360742 0.391319 0.026953 0.039583
2 0.122656 0.963542 0.103125 0.072917
2 0.233008 0.874653 0.072266 0.100694
2 0.792773 0.617014 0.119141 0.124306
2 0.830469 0.372917 0.069531 0.045833
2 0.762695 0.201042 0.037891 0.056250
1 0.344922 0.806250 0.053125 0.072222
1 0.850586 0.392014 0.035547 0.040972
1 0.650977 0.330903 0.040234 0.057639
1 0.651367 0.301042 0.041016 0.047917
1 0.717969 0.245139 0.028906 0.034722
0 0.191797 0.979167 0.035937 0.041667
0 0.232031 0.931250 0.042188 0.033333
0 0.288867 0.833681 0.032422 0.042361
0 0.295312 0.867361 0.039062 0.040278
0 0.324805 0.790625 0.032422 0.046528
0 0.363672 0.750000 0.035937 0.040278
0 0.383008 0.769097 0.033984 0.043750
0 0.396680 0.715625 0.033203 0.046528
0 0.415234 0.732292 0.030469 0.043750
0 0.542773 0.982292 0.044922 0.035417
0 0.616016 0.985764 0.042188 0.028472
0 0.717578 0.976736 0.024219 0.046528
0 0.651367 0.956944 0.033984 0.055556
0 0.620898 0.912500 0.029297 0.069444
0 0.653125 0.847569 0.033594 0.072917
0 0.636328 0.756597 0.037500 0.049306
0 0.680469 0.802778 0.020313 0.056944
0 0.680078 0.689236 0.034375 0.063194
0 0.750781 0.849306 0.038281 0.044444
0 0.618359 0.603472 0.029687 0.048611
0 0.720117 0.528472 0.031641 0.037500
0 0.821484 0.621181 0.032813 0.042361
0 0.895117 0.478472 0.018359 0.029167
0 0.597656 0.426736 0.017188 0.039583
0 0.926758 0.418750 0.023828 0.027778
0 0.889844 0.432986 0.021875 0.031250
0 0.868359 0.445486 0.016406 0.047917
0 0.893945 0.398611 0.023828 0.026389
0 0.857812 0.363194 0.024219 0.025000
0 0.789844 0.341667 0.015625 0.034722
0 0.783594 0.278819 0.016406 0.028472
0 0.621484 0.370486 0.017188 0.032639
0 0.609375 0.360069 0.016406 0.027083
0 0.623437 0.340625 0.017969 0.036806
0 0.669922 0.348264 0.019531 0.029861
0 0.672266 0.319792 0.016406 0.031250
0 0.676953 0.287500 0.017188 0.027778
0 0.688086 0.301736 0.017578 0.028472
0 0.702539 0.285764 0.017578 0.025694
0 0.696094 0.272569 0.018750 0.027083
0 0.735156 0.275347 0.016406 0.025694
0 0.728711 0.256944 0.016797 0.022222
0 0.736523 0.231597 0.017578 0.025694
0 0.799219 0.197569 0.017188 0.024306
0 0.785937 0.190972 0.015625 0.022222
0 0.804492 0.171181 0.013672 0.018750
0 0.812695 0.185764 0.011328 0.014583
0 0.826953 0.172222 0.015625 0.019444
0 0.832227 0.155903 0.019141 0.031250
0 0.846680 0.151042 0.013672 0.021528
0 0.837305 0.136458 0.015234 0.018750
0 0.850391 0.132639 0.013281 0.018056
0 0.856836 0.142014 0.009766 0.014583
0 0.908789 0.075347 0.012109 0.015972
0 0.925781 0.102083 0.013281 0.018056
0 0.948242 0.075347 0.011328 0.013194
0 0.973047 0.049653 0.010937 0.015972
0 0.979492 0.055903 0.008203 0.014583
0 0.990234 0.026042 0.009375 0.013194
