2 0.278125 0.329167 0.062500 0.087500
2 0.376758 0.766667 0.062109 0.076389
2 0.020508 0.962500 0.037891 0.075000
2 0.833789 0.377083 0.074609 0.077778
1 0.230078 0.293750 0.044531 0.050000
1 0.170313 0.290972 0.028906 0.034722
1 0.199023 0.312847 0.028516 0.038194
1 0.895703 0.081250 0.023438 0.037500
1 0.950000 0.027431 0.018750 0.027083
1 0.817578 0.174653 0.019531 0.032639
1 0.646875 0.330903 0.033594 0.040972
1 0.457031 0.510417 0.053906 0.062500
0 0.308008 0.812153 0.051172 0.047917
1 0.237305 0.941667 0.060547 0.062500
0 0.233398 0.323611 0.032422 0.043056
2 0.728711 0.646875 0.066797 0.081250
0 0.219727 0.336458 0.023047 0.029861
0 0.191602 0.288194 0.020703 0.023611
0 0.212695 0.304514 0.020703 0.028472
0 0.244922 0.357292 0.024219 0.031250
0 0.275391 0.359028 0.024219 0.033333
0 0.268555 0.375347 0.021484 0.031250
0 0.256250 0.388194 0.029687 0.044444
0 0.307617 0.411111 0.026953 0.045833
0 0.295898 0.378472 0.022266 0.030556
0 0.324609 0.401389 0.025000 0.034722
0 0.336133 0.390625 0.024609 0.034028
0 0.350781 0.380208 0.026562 0.040972
0 0.325000 0.356944 0.025000 0.029167
0 0.314453 0.367014 0.020313 0.029861
0 0.299609 0.336806 0.017969 0.025000
0 0.414844 0.365278 0.024219 0.036111
0 0.532617 0.460764 0.029297 0.040972
0 0.147461 0.870486 0.040234 0.061806
0 0.209375 0.815972 0.044531 0.056944
0 0.261914 0.857292 0.041797 0.053472
0 0.285547 0.877083 0.039062 0.048611
0 0.327930 0.834028 0.041797 0.047222
0 0.378125 0.700000 0.033594 0.036111
0 0.352930 0.756944 0.041797 0.047222
0 0.405664 0.700000 0.027734 0.041667
0 0.427148 0.709028 0.029297 0.044444
0 0.580273 0.393403 0.025391 0.039583
0 0.609570 0.409375 0.022266 0.038194
0 0.603516 0.383681 0.021094 0.028472
0 0.718555 0.977431 0.028516 0.045139
0 0.748828 0.850347 0.037500 0.052083
0 0.634961 0.756944 0.044141 0.048611
0 0.963086 0.731944 0.037109 0.052778
0 0.913086 0.701389 0.041016 0.048611
0 0.889258 0.707639 0.037109 0.043056
0 0.852930 0.664583 0.037891 0.037500
0 0.839063 0.673264 0.040625 0.042361
0 0.822461 0.618403 0.035547 0.042361
0 0.812109 0.630208 0.042188 0.046528
0 0.791797 0.644097 0.035156 0.043750
0 0.775000 0.588194 0.039844 0.041667
0 0.765234 0.600000 0.032813 0.034722
0 0.896289 0.482292 0.017578 0.039583
0 0.924219 0.416319 0.023438 0.029861
0 0.857812 0.363889 0.025000 0.030556
0 0.866016 0.446875 0.016406 0.047917
0 0.892383 0.394097 0.026953 0.039583
0 0.622070 0.343750 0.019922 0.030556
0 0.672852 0.345486 0.023828 0.031250
0 0.693945 0.320139 0.020703 0.036111
0 0.706641 0.263542 0.024219 0.028472
0 0.746680 0.230208 0.022266 0.025694
0 0.776953 0.220486 0.020313 0.035417
0 0.783398 0.193056 0.018359 0.019444
0 0.804102 0.171875 0.012109 0.017361
0 0.818750 0.156250 0.014063 0.025000
0 0.831836 0.140972 0.016797 0.019444
0 0.834375 0.155556 0.011719 0.023611
0 0.851758 0.143056 0.012109 0.015278
0 0.861328 0.119444 0.012500 0.020833
0 0.869531 0.110069 0.014063 0.022917
0 0.881055 0.102431 0.012891 0.017361
0 0.884766 0.111458 0.010937 0.017361
0 0.874023 0.127083 0.018359 0.018056
0 0.908203 0.091667 0.010937 0.022222
0 0.914453 0.084722 0.010156 0.016667
0 0.920117 0.076042 0.009766 0.015972
0 0.927930 0.076042 0.009766 0.014583
0 0.914062 0.069097 0.010937 0.017361
0 0.904492 0.079861 0.009766 0.016667
0 0.936133 0.047917 0.010547 0.016667
0 0.942383 0.042014 0.008984 0.014583
0 0.697461 0.506250 0.027734 0.037500
