2 0.695117 0.374653 0.050391 0.072917
2 0.830664 0.371528 0.071484 0.062500
2 0.792578 0.615278 0.121875 0.123611
2 0.780859 0.179514 0.035156 0.059028
1 0.344141 0.808681 0.053125 0.081250
1 0.568750 0.478819 0.061719 0.059028
1 0.659961 0.348958 0.027734 0.054861
1 0.648242 0.332639 0.036328 0.061111
1 0.650000 0.303472 0.039844 0.059722
0 0.251172 0.304167 0.020313 0.033333
0 0.297461 0.343056 0.022266 0.031944
0 0.336914 0.370139 0.023828 0.031944
0 0.375000 0.407639 0.026562 0.037500
0 0.450391 0.458333 0.033594 0.038889
0 0.497070 0.492361 0.032422 0.038889
0 0.518945 0.464236 0.030859 0.028472
0 0.492578 0.565625 0.036719 0.036806
0 0.412305 0.581944 0.037891 0.044444
0 0.371680 0.631250 0.032422 0.047222
0 0.289453 0.869792 0.043750 0.040972
0 0.286328 0.839236 0.032031 0.046528
0 0.323633 0.786806 0.036328 0.043056
0 0.363672 0.748958 0.032031 0.046528
0 0.382031 0.767708 0.031250 0.043750
0 0.416211 0.728472 0.037109 0.043056
0 0.396875 0.714236 0.036719 0.042361
0 0.378711 0.695486 0.032422 0.039583
0 0.217773 0.949653 0.039453 0.039583
0 0.542188 0.980903 0.046094 0.038194
0 0.615430 0.984375 0.044141 0.031250
0 0.716406 0.976736 0.026562 0.046528
0 0.651563 0.959028 0.036719 0.058333
0 0.617773 0.911806 0.033203 0.069444
0 0.661719 0.826736 0.029687 0.071528
0 0.750586 0.852083 0.041016 0.050000
0 0.634570 0.754861 0.041797 0.051389
0 0.641406 0.709375 0.037500 0.047917
0 0.820508 0.620486 0.030859 0.042361
0 0.696875 0.497917 0.024219 0.034722
0 0.677148 0.465625 0.020703 0.035417
0 0.637891 0.424306 0.023438 0.036111
0 0.894531 0.481597 0.019531 0.036806
0 0.924805 0.416319 0.022266 0.024306
0 0.894141 0.398611 0.027344 0.030556
0 0.867383 0.443403 0.016797 0.043750
0 0.857617 0.364931 0.023828 0.027083
0 0.790820 0.348958 0.016797 0.034028
0 0.640234 0.371528 0.022656 0.038889
0 0.621094 0.369792 0.021094 0.031250
0 0.608398 0.360069 0.019141 0.027083
0 0.624414 0.341319 0.023047 0.035417
0 0.684766 0.330556 0.019531 0.022222
0 0.670898 0.316667 0.016016 0.025000
0 0.706445 0.301389 0.020703 0.034722
0 0.686328 0.300347 0.019531 0.032639
0 0.677930 0.287847 0.016016 0.027083
0 0.725781 0.285764 0.023438 0.022917
0 0.705078 0.279167 0.020313 0.025000
0 0.696875 0.269792 0.018750 0.025694
1 0.716406 0.244792 0.027344 0.040972
0 0.737500 0.268403 0.017969 0.027083
0 0.752344 0.252083 0.019531 0.025000
0 0.738281 0.232639 0.017969 0.029167
0 0.771680 0.230556 0.016797 0.025000
0 0.783789 0.214583 0.014453 0.029167
0 0.813672 0.247222 0.017969 0.026389
0 0.823633 0.209028 0.015234 0.022222
0 0.800000 0.192708 0.014844 0.028472
0 0.814648 0.186111 0.016016 0.026389
0 0.826172 0.173264 0.014063 0.025694
0 0.809375 0.166319 0.017188 0.022917
0 0.864453 0.184722 0.015625 0.029167
0 0.891211 0.134375 0.014453 0.022917
0 0.928320 0.067014 0.015234 0.022917
0 0.938086 0.046875 0.012109 0.020139
0 0.972461 0.013542 0.010547 0.017361
