2 0.791016 0.618403 0.125000 0.124306
2 0.119922 0.962500 0.110937 0.075000
2 0.230664 0.875694 0.079297 0.095833
2 0.831836 0.369792 0.066797 0.056250
2 0.765039 0.201042 0.042578 0.053472
1 0.649023 0.331597 0.036328 0.063194
1 0.877539 0.417014 0.035547 0.047917
1 0.345117 0.800347 0.051172 0.064583
1 0.649219 0.303472 0.043750 0.059722
1 0.718555 0.243056 0.026172 0.034722
1 0.971875 0.065278 0.019531 0.033333
1 0.678516 0.663194 0.050000 0.084722
0 0.192969 0.310417 0.019531 0.029167
0 0.359375 0.390278 0.025781 0.040278
0 0.411914 0.369792 0.023828 0.031250
0 0.190039 0.980208 0.033203 0.039583
0 0.232813 0.932292 0.040625 0.034028
0 0.294531 0.865625 0.040625 0.039583
0 0.289844 0.836806 0.036719 0.045833
0 0.325586 0.786458 0.030859 0.038194
0 0.365430 0.746528 0.032422 0.036111
0 0.384180 0.765972 0.033984 0.038889
0 0.396289 0.713194 0.036328 0.041667
0 0.416211 0.728125 0.033203 0.036806
0 0.543359 0.981944 0.043750 0.036111
0 0.616992 0.985764 0.041016 0.028472
0 0.619727 0.909375 0.028516 0.068750
0 0.652148 0.955556 0.030078 0.058333
0 0.716602 0.976736 0.024609 0.046528
0 0.653320 0.847917 0.031641 0.070833
0 0.682422 0.795139 0.020313 0.059722
0 0.750000 0.847917 0.039844 0.052778
0 0.752539 0.750347 0.044922 0.065972
0 0.637305 0.754861 0.041016 0.052778
0 0.608398 0.591667 0.028516 0.051389
0 0.600391 0.416319 0.022656 0.047917
0 0.682031 0.471181 0.021875 0.036806
0 0.893750 0.479861 0.017969 0.033333
0 0.910742 0.469792 0.022266 0.042361
0 0.926562 0.417014 0.025781 0.027083
0 0.893750 0.396528 0.025781 0.030556
0 0.867188 0.447917 0.017188 0.045833
0 0.856250 0.361806 0.026562 0.030556
0 0.788867 0.342708 0.015234 0.032639
0 0.638281 0.381944 0.025000 0.030556
0 0.695508 0.315625 0.019141 0.028472
0 0.751367 0.255556 0.016016 0.029167
0 0.766797 0.237153 0.016406 0.025694
0 0.801172 0.193750 0.017188 0.023611
0 0.813086 0.186111 0.012891 0.022222
0 0.826562 0.170139 0.016406 0.016667
0 0.831641 0.154167 0.014063 0.023611
0 0.847070 0.151389 0.012891 0.018056
0 0.856836 0.139236 0.012891 0.015972
0 0.849414 0.133333 0.015234 0.016667
0 0.836719 0.137153 0.016406 0.015972
0 0.821875 0.152778 0.011719 0.018056
0 0.786328 0.190972 0.014844 0.025000
0 0.736523 0.229514 0.017578 0.028472
0 0.728320 0.259375 0.019141 0.027083
0 0.703125 0.282986 0.016406 0.025694
0 0.695117 0.273264 0.018359 0.025694
0 0.687109 0.301042 0.017188 0.029861
0 0.676953 0.286111 0.015625 0.025000
0 0.670898 0.316667 0.013672 0.030556
0 0.622656 0.370486 0.022656 0.029861
0 0.608008 0.361111 0.019141 0.026389
0 0.623828 0.339931 0.018750 0.034028
0 0.841406 0.189931 0.017188 0.020139
0 0.872656 0.159722 0.014844 0.022222
0 0.909766 0.132986 0.012500 0.021528
0 0.918555 0.109722 0.011328 0.019444
0 0.936914 0.089583 0.011328 0.016667
0 0.971094 0.014236 0.009375 0.014583
0 0.994922 0.037847 0.010156 0.014583
0 0.820703 0.617708 0.029687 0.038194
