2 0.368164 0.404514 0.060547 0.088194
2 0.681836 0.389583 0.032422 0.080556
2 0.901758 0.120833 0.037109 0.052778
2 0.854688 0.184722 0.030469 0.051389
2 0.631445 0.572917 0.062109 0.070833
2 0.827344 0.371181 0.068750 0.057639
2 0.210547 0.190972 0.039062 0.051389
1 0.892969 0.864931 0.064062 0.075694
0 0.042969 0.095486 0.012500 0.015972
0 0.039648 0.116319 0.013672 0.017361
0 0.035352 0.105903 0.011328 0.013194
0 0.088672 0.125347 0.013281 0.021528
0 0.095117 0.144444 0.015234 0.016667
0 0.100781 0.160069 0.016406 0.017361
0 0.134570 0.171181 0.016016 0.018750
0 0.148633 0.168403 0.017578 0.017361
0 0.203906 0.221875 0.019531 0.014583
0 0.208203 0.237153 0.019531 0.018750
0 0.235547 0.232292 0.020313 0.020139
0 0.217773 0.278819 0.020703 0.028472
0 0.194141 0.296181 0.018750 0.027083
0 0.186523 0.309722 0.021484 0.022222
0 0.250391 0.302083 0.023438 0.027778
0 0.267188 0.332292 0.022656 0.032639
0 0.254492 0.344097 0.025391 0.027083
0 0.288281 0.334722 0.025781 0.031944
0 0.332617 0.330208 0.025391 0.029861
1 0.323242 0.373958 0.041797 0.059028
0 0.333008 0.414931 0.023047 0.035417
0 0.388281 0.337153 0.022656 0.025694
0 0.460938 0.390625 0.028125 0.029861
0 0.413672 0.428472 0.028125 0.036111
0 0.409961 0.447917 0.026953 0.034722
0 0.396875 0.462500 0.025000 0.034722
0 0.433789 0.469792 0.028516 0.038194
0 0.445508 0.451736 0.027734 0.038194
0 0.485156 0.430556 0.028906 0.036111
0 0.532617 0.429861 0.024609 0.034722
0 0.378320 0.697222 0.030859 0.044444
0 0.414453 0.729167 0.032813 0.041667
0 0.567383 0.598611 0.032422 0.043056
0 0.601172 0.525694 0.035156 0.043056
0 0.540234 0.981944 0.046094 0.036111
0 0.619727 0.912153 0.033203 0.063194
0 0.615430 0.985764 0.046484 0.028472
0 0.652344 0.956944 0.033594 0.061111
0 0.716016 0.977431 0.025781 0.045139
0 0.633984 0.754861 0.045312 0.056944
0 0.750391 0.850694 0.039062 0.051389
0 0.827930 0.713889 0.041797 0.054167
0 0.920898 0.826042 0.041016 0.056250
0 0.747656 0.661806 0.042188 0.045833
0 0.789844 0.693750 0.033594 0.044444
0 0.805078 0.631597 0.039062 0.036806
0 0.686719 0.471875 0.024219 0.038194
0 0.655273 0.507986 0.027734 0.038194
0 0.649023 0.527778 0.031641 0.033333
0 0.895312 0.479167 0.024219 0.027778
0 0.924414 0.418403 0.024609 0.027083
0 0.893750 0.399653 0.025781 0.028472
0 0.866992 0.446875 0.021484 0.050694
0 0.857227 0.363542 0.026953 0.027083
0 0.709961 0.352778 0.021484 0.030556
0 0.784375 0.279861 0.018750 0.026389
0 0.639062 0.373958 0.023438 0.039583
0 0.622461 0.370486 0.021484 0.032639
0 0.610352 0.361806 0.017578 0.027778
0 0.623437 0.338889 0.021094 0.033333
1 0.661328 0.346528 0.023438 0.047222
1 0.650195 0.327431 0.030078 0.053472
1 0.650195 0.302431 0.044141 0.050694
0 0.676953 0.288194 0.017188 0.029167
0 0.683008 0.329514 0.017578 0.027083
0 0.706250 0.303472 0.020313 0.034722
0 0.699219 0.270833 0.019531 0.027778
0 0.724805 0.285764 0.020703 0.031250
0 0.727734 0.252431 0.016406 0.027083
0 0.737891 0.268750 0.016406 0.027778
0 0.757617 0.247222 0.016016 0.023611
0 0.777148 0.223958 0.012891 0.025694
1 0.759180 0.212153 0.023828 0.038194
0 0.842578 0.151736 0.015625 0.024306
0 0.953711 0.034028 0.011328 0.020833
0 0.974414 0.022222 0.010547 0.016667
