2 0.278516 0.331944 0.064844 0.086111
2 0.724023 0.636806 0.069141 0.080556
2 0.833789 0.373958 0.062891 0.047917
1 0.883594 0.091319 0.028906 0.038194
1 0.947852 0.030903 0.017578 0.029861
1 0.962500 0.029861 0.010156 0.025000
1 0.104688 0.911806 0.059375 0.079167
1 0.175000 0.293750 0.034375 0.045833
1 0.198437 0.315278 0.024219 0.036111
1 0.241406 0.306944 0.042969 0.066667
1 0.244531 0.303819 0.043750 0.056250
1 0.564063 0.538889 0.052344 0.080556
0 0.191797 0.288542 0.021875 0.021528
0 0.211914 0.305556 0.024609 0.023611
0 0.354102 0.329861 0.029297 0.034722
0 0.533594 0.394792 0.029687 0.032639
0 0.323828 0.358681 0.028125 0.034028
0 0.304492 0.340278 0.015234 0.027778
0 0.350586 0.379167 0.026953 0.034722
0 0.336133 0.386111 0.027734 0.026389
0 0.314453 0.369444 0.025781 0.027778
0 0.323242 0.400000 0.027734 0.036111
0 0.308789 0.408333 0.026953 0.034722
0 0.275000 0.356250 0.027344 0.034722
0 0.271289 0.373958 0.026172 0.039583
0 0.247070 0.359722 0.025391 0.031944
0 0.252734 0.345139 0.022656 0.031944
0 0.393945 0.594097 0.037891 0.059028
0 0.246680 0.767708 0.039453 0.070139
0 0.524023 0.555208 0.032422 0.049306
0 0.094141 0.139931 0.020313 0.020139
0 0.378711 0.694792 0.037109 0.040972
0 0.381445 0.723264 0.043359 0.045139
0 0.454883 0.689236 0.047266 0.049306
0 0.435156 0.661458 0.036719 0.050694
0 0.376367 0.776389 0.041797 0.047222
0 0.308398 0.853125 0.048047 0.046528
0 0.029492 0.967708 0.038672 0.050694
2 0.181055 0.956944 0.128516 0.086111
0 0.590039 0.476042 0.027734 0.042361
0 0.631445 0.464236 0.029297 0.046528
0 0.636133 0.757292 0.048047 0.056250
0 0.678516 0.763194 0.029687 0.069444
0 0.750977 0.853472 0.040234 0.047222
0 0.660742 0.848611 0.037891 0.066667
0 0.714648 0.972917 0.029297 0.054167
0 0.963672 0.860069 0.042188 0.064583
0 0.964063 0.735417 0.045312 0.050000
0 0.905469 0.697917 0.041406 0.052778
0 0.887305 0.712153 0.038672 0.046528
0 0.854102 0.662847 0.037891 0.042361
0 0.838477 0.673264 0.033984 0.045139
0 0.820312 0.614931 0.034375 0.042361
0 0.807813 0.626736 0.038281 0.050694
0 0.792383 0.642708 0.033203 0.046528
0 0.766406 0.600347 0.032031 0.038194
0 0.754102 0.618056 0.035547 0.043056
0 0.772266 0.585069 0.038281 0.039583
0 0.894727 0.482986 0.018359 0.038194
0 0.925586 0.415972 0.026953 0.025000
0 0.893750 0.398958 0.024219 0.034028
0 0.859766 0.404861 0.028906 0.031944
0 0.601172 0.382639 0.030469 0.036111
0 0.641211 0.371528 0.026953 0.038889
0 0.677148 0.311111 0.020703 0.037500
0 0.700586 0.261111 0.019141 0.027778
0 0.711133 0.290625 0.027734 0.057639
0 0.726172 0.261111 0.017969 0.023611
0 0.771680 0.203125 0.016797 0.027083
0 0.777930 0.221181 0.017578 0.025694
0 0.794531 0.185069 0.017969 0.025694
0 0.820508 0.157986 0.016797 0.021528
0 0.819531 0.177778 0.015625 0.023611
0 0.837305 0.154861 0.019141 0.025000
0 0.853711 0.124653 0.014453 0.018750
0 0.866211 0.128819 0.016797 0.024306
0 0.906055 0.092014 0.015234 0.022917
0 0.915820 0.083333 0.014453 0.015278
0 0.899219 0.079861 0.009375 0.016667
0 0.906055 0.076389 0.012109 0.015278
0 0.914844 0.066319 0.012500 0.018750
0 0.936133 0.048264 0.010547 0.014583
0 0.947852 0.049306 0.012891 0.019444
0 0.979297 0.018750 0.010937 0.015278
0 0.870117 0.179514 0.011328 0.021528
0 0.858203 0.361111 0.032031 0.029167
0 0.868945 0.445486 0.025391 0.053472
