2 0.794727 0.653125 0.085547 0.100694
2 0.794727 0.615278 0.119141 0.113889
2 0.837109 0.375694 0.053125 0.044444
2 0.705859 0.333333 0.039844 0.052778
2 0.664453 0.398611 0.050000 0.075000
1 0.746289 0.219444 0.026172 0.036111
2 0.954102 0.035764 0.017578 0.032639
0 0.048242 0.097222 0.014453 0.023611
0 0.091016 0.140625 0.015625 0.015972
0 0.105078 0.135764 0.014063 0.017361
0 0.167578 0.208681 0.015625 0.017361
0 0.167773 0.292361 0.021484 0.025000
0 0.192773 0.309028 0.021484 0.029167
0 0.217773 0.310764 0.019141 0.029861
0 0.221484 0.337847 0.022656 0.028472
0 0.235937 0.326736 0.019531 0.028472
0 0.254297 0.304861 0.021875 0.023611
0 0.257227 0.338889 0.030078 0.047222
0 0.255469 0.367361 0.021875 0.029167
0 0.251563 0.383681 0.017969 0.027083
0 0.272070 0.315972 0.020703 0.027778
0 0.293164 0.332639 0.019922 0.027778
0 0.287695 0.348958 0.022266 0.029861
0 0.283789 0.365625 0.020703 0.028472
0 0.279102 0.387153 0.024609 0.032639
0 0.301172 0.403819 0.021875 0.031250
0 0.316992 0.353472 0.023047 0.030556
0 0.309570 0.366319 0.023047 0.029861
0 0.313281 0.393056 0.021875 0.034722
0 0.338672 0.392361 0.026562 0.036111
0 0.339648 0.368750 0.026172 0.026389
0 0.359375 0.388542 0.025000 0.032639
1 0.226172 0.933333 0.077344 0.097222
0 0.335742 0.740625 0.035547 0.043750
0 0.344531 0.762500 0.046094 0.066667
0 0.357227 0.793403 0.038672 0.053472
0 0.428516 0.666319 0.032813 0.045139
0 0.456836 0.679167 0.029297 0.040278
0 0.525977 0.589236 0.029297 0.045139
0 0.533984 0.534722 0.035937 0.061111
0 0.606055 0.665625 0.040234 0.049306
0 0.635156 0.753472 0.038281 0.043056
0 0.618750 0.982639 0.033594 0.034722
0 0.651758 0.956944 0.034766 0.051389
0 0.716211 0.977431 0.020703 0.045139
0 0.750391 0.849306 0.035156 0.043056
0 0.988086 0.775000 0.023828 0.040278
0 0.988086 0.751042 0.023828 0.027083
0 0.948828 0.750694 0.032031 0.037500
0 0.904883 0.718403 0.034766 0.032639
0 0.908008 0.696181 0.030859 0.035417
0 0.859375 0.684028 0.045312 0.055556
0 0.821289 0.619792 0.030078 0.038194
0 0.718359 0.638889 0.035937 0.036111
0 0.728711 0.627778 0.032422 0.037500
0 0.754883 0.619792 0.021484 0.024306
0 0.607031 0.480208 0.026562 0.028472
0 0.894336 0.479514 0.018359 0.028472
0 0.925586 0.416667 0.021484 0.023611
0 0.893945 0.396528 0.024609 0.029167
0 0.868164 0.443750 0.017578 0.041667
0 0.857617 0.362847 0.023047 0.029861
0 0.781836 0.283681 0.017578 0.020139
0 0.642969 0.372917 0.019531 0.027778
0 0.749414 0.243750 0.018359 0.019444
0 0.851562 0.178472 0.012500 0.020833
0 0.855078 0.138194 0.014844 0.015278
0 0.878906 0.114236 0.012500 0.018750
0 0.907813 0.119097 0.010156 0.020139
0 0.966797 0.072917 0.010937 0.013889
0 0.993164 0.029514 0.009766 0.018750
0 0.933203 0.052431 0.010156 0.015972
