2 0.365039 0.401042 0.062891 0.089583
2 0.805078 0.574653 0.083594 0.075694
2 0.825391 0.370486 0.072656 0.057639
2 0.782031 0.254861 0.049219 0.070833
2 0.685742 0.386806 0.031641 0.087500
2 0.599805 0.457986 0.075391 0.084028
2 0.841797 0.851736 0.103125 0.110417
2 0.663477 0.591319 0.065234 0.065972
1 0.317578 0.366319 0.042969 0.056250
1 0.650195 0.296875 0.045703 0.049306
1 0.649219 0.329167 0.032813 0.051389
1 0.658398 0.346528 0.026953 0.050000
1 0.876563 0.104514 0.018750 0.031250
0 0.036328 0.157292 0.015625 0.022917
0 0.078125 0.197917 0.022656 0.027778
0 0.059375 0.130556 0.013281 0.018056
0 0.066406 0.107986 0.015625 0.017361
0 0.120703 0.142014 0.015625 0.018750
0 0.157227 0.174653 0.018359 0.025694
0 0.122070 0.210417 0.017578 0.023611
0 0.132812 0.235069 0.019531 0.021528
0 0.145898 0.252778 0.018359 0.027778
0 0.179688 0.249653 0.019531 0.022917
0 0.208594 0.270833 0.020313 0.023611
0 0.246289 0.229167 0.017578 0.018056
0 0.263086 0.246181 0.018359 0.025694
0 0.285742 0.295486 0.022266 0.025694
0 0.253516 0.307639 0.025781 0.029167
0 0.231836 0.326389 0.023828 0.029167
0 0.287891 0.328125 0.025000 0.029861
0 0.286719 0.372917 0.025000 0.034722
0 0.328906 0.302778 0.022656 0.022222
0 0.332422 0.285417 0.023438 0.023611
0 0.429102 0.348958 0.023828 0.027083
0 0.426758 0.375347 0.024609 0.025694
0 0.391797 0.363889 0.022656 0.030556
0 0.446094 0.408333 0.026562 0.029167
0 0.488281 0.427431 0.030469 0.031250
0 0.549414 0.457292 0.032422 0.034028
0 0.406055 0.418056 0.026172 0.036111
0 0.410938 0.447917 0.025781 0.030556
1 0.381836 0.471875 0.044141 0.053472
0 0.436914 0.493750 0.026953 0.038889
0 0.436328 0.463542 0.027344 0.032639
0 0.445117 0.452778 0.024609 0.029167
0 0.524805 0.582639 0.041797 0.051389
0 0.591211 0.499306 0.030859 0.030556
0 0.600586 0.527778 0.037109 0.040278
0 0.540039 0.982986 0.054297 0.034028
0 0.612695 0.986806 0.048828 0.026389
0 0.650586 0.956944 0.030859 0.054167
0 0.715820 0.977431 0.027734 0.045139
0 0.621094 0.912153 0.039062 0.063194
0 0.856836 0.818750 0.037891 0.048611
0 0.842578 0.774653 0.039844 0.049306
0 0.711914 0.731250 0.041797 0.050000
0 0.750391 0.852083 0.039062 0.056944
0 0.634961 0.754514 0.040234 0.060417
0 0.664258 0.644792 0.047266 0.072917
0 0.947656 0.755556 0.036719 0.047222
0 0.955078 0.723611 0.028906 0.038889
0 0.907617 0.648958 0.039453 0.045139
0 0.883398 0.679167 0.041797 0.047222
0 0.827734 0.715625 0.042188 0.046528
0 0.793164 0.690625 0.036328 0.042361
0 0.789648 0.661806 0.034766 0.034722
0 0.783398 0.633333 0.038672 0.044444
0 0.769336 0.605208 0.033984 0.035417
0 0.750391 0.661458 0.041406 0.049306
0 0.735742 0.541667 0.033984 0.040278
0 0.687109 0.478125 0.028125 0.040972
0 0.893164 0.477778 0.018359 0.040278
0 0.925977 0.418750 0.024609 0.037500
0 0.894531 0.397917 0.022656 0.033333
0 0.867578 0.442014 0.014844 0.043750
0 0.858789 0.361806 0.026172 0.027778
0 0.705664 0.260764 0.015234 0.028472
0 0.706445 0.304514 0.020703 0.039583
0 0.725391 0.287847 0.019531 0.029861
0 0.736914 0.267708 0.014453 0.029861
0 0.683008 0.330208 0.019922 0.028472
0 0.678516 0.284722 0.020313 0.029167
0 0.638867 0.372569 0.025391 0.043750
0 0.623828 0.369792 0.020313 0.031250
0 0.611133 0.361458 0.015234 0.021528
0 0.623242 0.342361 0.021484 0.029167
0 0.813086 0.182986 0.016797 0.022917
0 0.840625 0.140278 0.013281 0.025000
0 0.908398 0.088194 0.011328 0.023611
