1 0.874219 0.659028 0.077344 0.076389
1 0.902148 0.709375 0.064453 0.071528
1 0.228711 0.893056 0.056641 0.075000
2 0.952344 0.477431 0.060156 0.056250
1 0.622266 0.341667 0.028906 0.050000
1 0.394336 0.613542 0.069922 0.081250
0 0.313086 0.794444 0.080078 0.129167
2 0.360547 0.784722 0.078125 0.125000
0 0.142773 0.246875 0.024609 0.038194
0 0.196484 0.294444 0.020313 0.026389
0 0.236328 0.328125 0.022656 0.028472
0 0.263086 0.348958 0.020703 0.031250
0 0.283398 0.365625 0.023828 0.038194
0 0.318945 0.397569 0.024609 0.032639
0 0.247852 0.377431 0.020703 0.028472
0 0.274414 0.379514 0.024609 0.029861
0 0.304492 0.410417 0.027734 0.031944
0 0.289844 0.419792 0.026562 0.028472
0 0.156250 0.978472 0.045312 0.043056
0 0.284766 0.879167 0.040625 0.041667
0 0.430859 0.641667 0.035156 0.048611
0 0.416797 0.693750 0.037500 0.047222
0 0.418555 0.728472 0.037109 0.044444
0 0.375586 0.729861 0.033984 0.034722
0 0.717578 0.977778 0.025000 0.044444
0 0.649609 0.958333 0.039062 0.051389
0 0.634961 0.754167 0.044141 0.051389
0 0.750391 0.847917 0.042969 0.056944
0 0.837695 0.827083 0.044922 0.055556
0 0.945898 0.721181 0.034766 0.050694
0 0.803906 0.652431 0.037500 0.038194
0 0.808398 0.627778 0.036328 0.040278
0 0.734375 0.628819 0.032031 0.035417
0 0.751953 0.617014 0.033594 0.032639
0 0.761133 0.600347 0.033984 0.039583
0 0.925977 0.417014 0.024609 0.024306
0 0.894727 0.480208 0.017578 0.036806
0 0.867969 0.445486 0.015625 0.043750
0 0.893750 0.396528 0.025781 0.034722
0 0.845898 0.372569 0.026953 0.031250
0 0.858203 0.365972 0.026562 0.034722
0 0.828906 0.349653 0.021875 0.031250
0 0.956836 0.040278 0.012109 0.023611
0 0.956445 0.085069 0.011328 0.021528
0 0.942773 0.080556 0.014453 0.019444
0 0.933984 0.091319 0.011719 0.015972
0 0.925781 0.100000 0.009375 0.018056
0 0.914453 0.111458 0.010937 0.015972
0 0.865820 0.179167 0.017578 0.019444
0 0.837695 0.195833 0.016016 0.016667
0 0.840430 0.209375 0.012891 0.018750
0 0.809961 0.225000 0.018359 0.023611
0 0.782422 0.262847 0.020313 0.032639
0 0.758984 0.309028 0.019531 0.031944
0 0.931055 0.061806 0.011328 0.022222
0 0.904102 0.078819 0.012891 0.020139
0 0.912500 0.085069 0.013281 0.021528
0 0.881836 0.097569 0.012109 0.020139
0 0.887695 0.108681 0.015234 0.018750
0 0.750977 0.220833 0.019922 0.029167
0 0.757617 0.226736 0.014453 0.024306
0 0.765430 0.238542 0.017578 0.028472
0 0.742969 0.242361 0.016406 0.026389
0 0.747852 0.259028 0.017578 0.029167
0 0.720117 0.246528 0.019141 0.029167
0 0.728906 0.256944 0.020313 0.026389
0 0.733594 0.275000 0.019531 0.025000
0 0.703320 0.265278 0.020703 0.031944
0 0.714063 0.275347 0.017188 0.028472
0 0.721875 0.295486 0.019531 0.025694
0 0.686914 0.283333 0.018359 0.030556
0 0.697461 0.286458 0.019141 0.025694
0 0.697266 0.312847 0.023438 0.035417
0 0.668750 0.293403 0.017969 0.029861
0 0.679492 0.308333 0.022266 0.029167
0 0.670898 0.340972 0.021484 0.033333
0 0.656445 0.312500 0.019922 0.030556
0 0.661523 0.326389 0.017578 0.026389
0 0.635352 0.351736 0.026953 0.043750
0 0.646484 0.365972 0.020313 0.030556
0 0.603906 0.417708 0.024219 0.036806
