2 0.795312 0.652431 0.088281 0.099306
2 0.336328 0.811806 0.083594 0.120833
2 0.301367 0.808681 0.086328 0.117361
2 0.250195 0.235069 0.056641 0.067361
2 0.838867 0.375694 0.051172 0.044444
0 0.094141 0.141667 0.015625 0.018056
0 0.197266 0.211806 0.025781 0.031944
0 0.230664 0.252083 0.017578 0.023611
0 0.262695 0.236806 0.018359 0.025000
0 0.317188 0.318750 0.023438 0.025000
0 0.362695 0.317014 0.023047 0.025694
0 0.398242 0.363194 0.026172 0.034722
0 0.455664 0.385069 0.023828 0.027083
0 0.295703 0.337153 0.021875 0.029861
0 0.321289 0.354167 0.026172 0.034722
0 0.352930 0.379514 0.023047 0.029861
0 0.383008 0.402431 0.026172 0.031250
0 0.412500 0.425347 0.028906 0.029861
0 0.439648 0.447222 0.027734 0.036111
0 0.383203 0.426042 0.026562 0.035417
0 0.405273 0.444097 0.026953 0.036806
0 0.438672 0.471181 0.035156 0.042361
0 0.391016 0.481944 0.029687 0.037500
0 0.416992 0.478819 0.027734 0.036806
0 0.475781 0.514931 0.030469 0.040972
0 0.518555 0.571528 0.034766 0.047222
0 0.379492 0.694097 0.036328 0.045139
0 0.417773 0.693403 0.034766 0.045139
0 0.419141 0.728125 0.032813 0.039583
0 0.375391 0.733333 0.032813 0.038889
0 0.227344 0.893403 0.055469 0.078472
0 0.626758 0.988194 0.022266 0.023611
0 0.650000 0.962500 0.039062 0.062500
0 0.716992 0.977083 0.024609 0.045833
0 0.750781 0.850694 0.039062 0.041667
0 0.637891 0.755903 0.042969 0.045139
0 0.858594 0.817014 0.043750 0.049306
0 0.728320 0.712500 0.041797 0.051389
0 0.730273 0.650347 0.037109 0.036806
0 0.757422 0.551736 0.030469 0.036806
0 0.614453 0.692361 0.035156 0.047222
0 0.640625 0.677778 0.039062 0.056944
0 0.567383 0.463194 0.027734 0.030556
0 0.579492 0.496875 0.029297 0.032639
0 0.601172 0.537500 0.033594 0.036111
0 0.617383 0.570139 0.037891 0.034722
0 0.659961 0.598611 0.036328 0.037500
0 0.683008 0.460069 0.023047 0.034028
0 0.895312 0.480903 0.021094 0.029861
0 0.924609 0.415625 0.022656 0.024306
0 0.893750 0.399306 0.023438 0.027778
0 0.868750 0.443750 0.014063 0.044444
0 0.856445 0.363194 0.023047 0.027778
0 0.922461 0.065625 0.011328 0.020139
0 0.830078 0.167014 0.014844 0.022917
0 0.753906 0.218056 0.015625 0.019444
0 0.751172 0.235764 0.017969 0.022917
0 0.705078 0.256944 0.020313 0.025000
0 0.703125 0.277431 0.014844 0.024306
0 0.700586 0.304167 0.022266 0.033333
0 0.671289 0.294097 0.016797 0.025694
0 0.679297 0.311806 0.021875 0.025000
0 0.680273 0.331597 0.021484 0.025694
0 0.661133 0.327083 0.014453 0.025000
0 0.661328 0.352431 0.020313 0.028472
0 0.629883 0.331597 0.024609 0.043750
0 0.634375 0.350000 0.023438 0.036111
0 0.642578 0.373611 0.018750 0.029167
