2 0.795117 0.653125 0.084766 0.097917
2 0.618359 0.494444 0.103125 0.111111
2 0.839453 0.377083 0.050000 0.041667
2 0.150586 0.160764 0.032422 0.047917
1 0.943164 0.096181 0.021484 0.028472
0 0.093164 0.210069 0.014453 0.020139
0 0.180078 0.301736 0.019531 0.024306
0 0.215039 0.327431 0.022266 0.032639
0 0.225000 0.315972 0.018750 0.027778
0 0.247461 0.336458 0.023047 0.034028
0 0.251367 0.363542 0.025391 0.035417
0 0.289258 0.394792 0.025391 0.031250
0 0.296094 0.420833 0.022656 0.029167
0 0.316797 0.386806 0.033594 0.052778
0 0.248242 0.334028 0.022266 0.030556
0 0.294727 0.354861 0.023047 0.030556
0 0.344922 0.397569 0.023438 0.034028
0 0.379688 0.469097 0.025781 0.035417
0 0.417578 0.474306 0.025781 0.041667
0 0.406250 0.443750 0.031250 0.034722
0 0.464062 0.555903 0.035156 0.038194
0 0.478320 0.528819 0.029297 0.040972
0 0.253711 0.305208 0.019141 0.031250
0 0.271680 0.316667 0.021484 0.031944
0 0.294922 0.334028 0.022656 0.031944
0 0.319336 0.353472 0.024609 0.030556
0 0.347461 0.376042 0.026953 0.031250
0 0.384375 0.407292 0.028906 0.031250
0 0.404297 0.377778 0.025781 0.026389
2 0.101758 0.986806 0.044922 0.026389
0 0.248828 0.876042 0.038281 0.042361
0 0.376953 0.694792 0.036719 0.042361
0 0.416406 0.694097 0.033594 0.038194
0 0.409766 0.737847 0.031250 0.036806
0 0.535156 0.597222 0.028906 0.043056
0 0.637305 0.583681 0.033203 0.034028
0 0.716992 0.977431 0.024609 0.045139
0 0.649609 0.960069 0.040625 0.052083
0 0.636133 0.756597 0.039453 0.046528
0 0.751172 0.851389 0.038281 0.041667
0 0.854688 0.853125 0.038281 0.046528
0 0.929102 0.733681 0.037891 0.043750
0 0.921875 0.705556 0.034375 0.033333
0 0.863281 0.690972 0.031250 0.036111
0 0.834766 0.644792 0.032031 0.040972
0 0.704688 0.630208 0.035937 0.036806
0 0.689648 0.598611 0.033203 0.036111
0 0.698438 0.573264 0.041406 0.049306
0 0.642578 0.500347 0.029687 0.036806
0 0.926172 0.416667 0.022656 0.026389
0 0.893945 0.397569 0.023047 0.027083
0 0.895312 0.480208 0.017188 0.034028
0 0.867383 0.446181 0.016016 0.045139
0 0.856445 0.363194 0.021484 0.029167
0 0.642383 0.371875 0.017578 0.029861
0 0.644922 0.340625 0.028125 0.034028
0 0.660547 0.351389 0.019531 0.031944
0 0.709961 0.280208 0.017578 0.025694
0 0.780469 0.212153 0.017188 0.020139
0 0.780664 0.190972 0.021484 0.030556
0 0.807422 0.171875 0.014063 0.020139
0 0.833789 0.156250 0.013672 0.019444
0 0.854102 0.123958 0.011328 0.021528
0 0.866406 0.126389 0.014844 0.027778
0 0.876367 0.152083 0.012891 0.023611
0 0.874805 0.106944 0.013672 0.018056
0 0.901563 0.139583 0.013281 0.019444
0 0.921680 0.062847 0.008203 0.015972
0 0.911328 0.086806 0.013281 0.016667
0 0.961523 0.060417 0.012109 0.016667
0 0.981055 0.052431 0.010547 0.013194
0 0.991211 0.029167 0.008203 0.013889
0 0.979102 0.018056 0.008984 0.013889
