2 0.794727 0.651736 0.085547 0.090972
2 0.794922 0.614583 0.117188 0.112500
2 0.838086 0.374653 0.051172 0.046528
2 0.943555 0.089236 0.018359 0.038194
2 0.930664 0.084375 0.016797 0.021528
2 0.598437 0.348264 0.052344 0.072917
1 0.670898 0.411111 0.041016 0.059722
0 0.175195 0.298958 0.019922 0.028472
0 0.193555 0.310417 0.022266 0.036111
0 0.217773 0.310764 0.019141 0.027083
0 0.227930 0.342708 0.020703 0.029861
0 0.238672 0.327083 0.017188 0.029167
0 0.254492 0.303472 0.019141 0.025000
0 0.272070 0.315625 0.019922 0.028472
0 0.257422 0.337847 0.032813 0.046528
0 0.256055 0.365625 0.021484 0.025694
0 0.253125 0.386111 0.023438 0.031944
0 0.281055 0.385417 0.025391 0.031944
0 0.284180 0.366319 0.021484 0.031250
0 0.287695 0.346875 0.020703 0.029861
0 0.294141 0.334375 0.020313 0.029861
0 0.311523 0.366319 0.023047 0.031250
0 0.314258 0.393403 0.023828 0.032639
0 0.302734 0.404861 0.020313 0.030556
0 0.318555 0.352778 0.025391 0.029167
0 0.340234 0.367361 0.025781 0.029167
0 0.341406 0.392014 0.025781 0.031250
0 0.361328 0.386458 0.025000 0.028472
0 0.432812 0.353472 0.033594 0.038889
0 0.325195 0.799653 0.037109 0.040972
0 0.380664 0.691319 0.037891 0.042361
0 0.381641 0.623958 0.026562 0.040972
0 0.451758 0.690278 0.034766 0.045833
0 0.623242 0.983333 0.039453 0.033333
0 0.716211 0.978125 0.022266 0.043750
0 0.672852 0.916667 0.034766 0.056944
0 0.713672 0.823958 0.029687 0.045139
0 0.751367 0.850694 0.038672 0.043056
0 0.636328 0.754861 0.039062 0.045833
0 0.987500 0.772917 0.025000 0.041667
0 0.988086 0.749653 0.023828 0.028472
0 0.949219 0.750000 0.032031 0.034722
0 0.907227 0.694792 0.034766 0.034028
0 0.906250 0.718403 0.033594 0.035417
0 0.859766 0.684028 0.043750 0.052778
0 0.717969 0.637500 0.035156 0.034722
0 0.761133 0.669444 0.037109 0.033333
0 0.729297 0.626736 0.031250 0.036806
0 0.753320 0.620486 0.020703 0.024306
0 0.821484 0.620139 0.033594 0.038889
0 0.808789 0.587847 0.031641 0.035417
0 0.924805 0.415625 0.022266 0.022917
0 0.894922 0.478819 0.015625 0.031250
0 0.895703 0.398264 0.024219 0.027083
0 0.868750 0.442361 0.014844 0.038889
0 0.858203 0.361806 0.019531 0.022222
0 0.629492 0.429167 0.023047 0.027778
0 0.577148 0.527778 0.029297 0.037500
0 0.643359 0.372569 0.020313 0.027083
0 0.667969 0.345139 0.019531 0.026389
0 0.663672 0.325347 0.021875 0.027083
0 0.708398 0.340972 0.020703 0.025000
0 0.794336 0.265278 0.018359 0.030556
0 0.776367 0.255556 0.019922 0.040278
0 0.818750 0.212153 0.015625 0.027083
0 0.834961 0.217708 0.016797 0.020139
0 0.873242 0.167708 0.014453 0.028472
0 0.898047 0.139583 0.016406 0.033333
0 0.912109 0.131944 0.011719 0.019444
0 0.938281 0.057986 0.011719 0.018750
0 0.961328 0.036111 0.010156 0.016667
