2 0.977344 0.731597 0.045312 0.072917
2 0.657617 0.557292 0.080859 0.084028
2 0.759570 0.298611 0.031641 0.059722
2 0.359961 0.782292 0.080859 0.117361
2 0.313477 0.793056 0.084766 0.122222
2 0.937500 0.445833 0.035937 0.059722
1 0.227734 0.893750 0.053125 0.076389
1 0.622656 0.340625 0.024219 0.047917
0 0.032227 0.154167 0.014453 0.022222
0 0.055078 0.156944 0.017969 0.022222
0 0.093359 0.183333 0.019531 0.019444
0 0.179102 0.298264 0.023047 0.028472
0 0.288086 0.370486 0.023828 0.032639
0 0.348828 0.380208 0.028125 0.032639
0 0.389062 0.412153 0.027344 0.038194
0 0.437305 0.458681 0.032422 0.032639
0 0.442383 0.435764 0.028516 0.031250
0 0.508594 0.447222 0.032813 0.031944
0 0.521680 0.487847 0.033203 0.029861
0 0.564648 0.460069 0.030859 0.027083
0 0.482031 0.564583 0.035156 0.038889
0 0.417773 0.596875 0.035547 0.043750
0 0.349609 0.635417 0.035156 0.048611
0 0.378516 0.695486 0.035156 0.049306
0 0.416406 0.692014 0.032813 0.039583
0 0.417578 0.725694 0.032031 0.038889
0 0.154297 0.978125 0.048438 0.043750
0 0.282227 0.882292 0.040234 0.038194
0 0.895898 0.099653 0.015234 0.021528
0 0.913867 0.112153 0.011328 0.017361
0 0.890430 0.140625 0.012891 0.021528
0 0.868164 0.159375 0.015234 0.018750
0 0.835547 0.160764 0.013281 0.020139
0 0.806836 0.182639 0.017578 0.025000
0 0.730469 0.255903 0.021094 0.025694
0 0.716016 0.977083 0.023438 0.045833
0 0.627148 0.986111 0.023828 0.027778
0 0.650000 0.960764 0.038281 0.057639
0 0.635742 0.754514 0.040234 0.050694
0 0.869727 0.696528 0.034766 0.038889
0 0.821094 0.638542 0.038281 0.039583
0 0.759766 0.621875 0.034375 0.038194
0 0.761719 0.601389 0.036719 0.034722
0 0.654492 0.598264 0.036328 0.032639
0 0.609766 0.461806 0.031250 0.033333
0 0.637500 0.423611 0.021875 0.029167
0 0.925000 0.414931 0.022656 0.027083
0 0.894922 0.396875 0.025781 0.029861
0 0.894336 0.480556 0.019141 0.034722
0 0.868164 0.445486 0.015234 0.043750
0 0.857422 0.362500 0.020313 0.026389
0 0.846875 0.373264 0.027344 0.029861
0 0.702734 0.264236 0.017969 0.024306
0 0.712305 0.274306 0.016016 0.029167
0 0.720313 0.293403 0.015625 0.027083
0 0.733203 0.274306 0.017969 0.029167
0 0.686719 0.282986 0.015625 0.027083
0 0.697461 0.287153 0.017578 0.025694
0 0.696094 0.312153 0.018750 0.034028
0 0.668359 0.293750 0.016406 0.025000
0 0.679297 0.309028 0.018750 0.025000
0 0.679297 0.332639 0.019531 0.031944
0 0.659961 0.310764 0.022266 0.027083
0 0.664062 0.327778 0.017188 0.026389
0 0.661523 0.353472 0.019922 0.030556
0 0.634570 0.349653 0.022266 0.036806
0 0.642578 0.371528 0.021094 0.030556
