1 0.901758 0.676389 0.076172 0.084722
1 0.924414 0.724306 0.060547 0.061111
1 0.227344 0.894444 0.057813 0.077778
1 0.623633 0.339931 0.027734 0.056250
2 0.939258 0.494444 0.030859 0.061111
2 0.577930 0.521181 0.085547 0.074306
2 0.357617 0.781250 0.083984 0.122222
2 0.313477 0.792014 0.084766 0.124306
2 0.832422 0.214236 0.032813 0.049306
0 0.023047 0.161806 0.015625 0.023611
0 0.047852 0.151736 0.016797 0.020139
0 0.118359 0.210069 0.017969 0.025694
0 0.119336 0.228472 0.017578 0.029167
0 0.155664 0.227431 0.019141 0.024306
0 0.191602 0.257292 0.021484 0.027083
0 0.247070 0.360417 0.022266 0.033333
0 0.318164 0.398611 0.023047 0.033333
0 0.431445 0.431597 0.032422 0.028472
0 0.494922 0.451042 0.034375 0.032639
0 0.112500 0.881944 0.038281 0.054167
0 0.155273 0.978819 0.044141 0.042361
0 0.233203 0.757639 0.040625 0.050000
0 0.324414 0.689583 0.032422 0.045833
0 0.377734 0.693403 0.033594 0.045139
0 0.378711 0.723958 0.028516 0.024306
0 0.417383 0.691667 0.032422 0.040278
0 0.417187 0.725694 0.032813 0.041667
0 0.626953 0.988889 0.022656 0.022222
0 0.716016 0.978125 0.020313 0.043750
0 0.750000 0.850694 0.035937 0.045833
0 0.650977 0.959028 0.036328 0.058333
0 0.635742 0.754861 0.039453 0.050000
0 0.989258 0.707986 0.021484 0.034028
0 0.802344 0.651042 0.030469 0.032639
0 0.807031 0.628472 0.035937 0.037500
0 0.753125 0.618403 0.033594 0.039583
0 0.761523 0.602431 0.034766 0.038194
0 0.925977 0.417014 0.024609 0.025694
0 0.895508 0.481250 0.017578 0.036111
0 0.893945 0.397222 0.025391 0.029167
0 0.868359 0.442708 0.016406 0.046528
0 0.857031 0.363542 0.021875 0.027083
0 0.846484 0.374306 0.026562 0.027778
0 0.831250 0.352778 0.022656 0.029167
0 0.558008 0.469792 0.032422 0.031250
0 0.585156 0.568750 0.035937 0.027778
0 0.565820 0.447222 0.028516 0.030556
0 0.614062 0.431250 0.028906 0.029167
0 0.647461 0.444792 0.023047 0.029861
0 0.661523 0.400000 0.022266 0.029167
0 0.701172 0.373611 0.025781 0.029167
0 0.724414 0.327083 0.019141 0.025000
0 0.964648 0.023958 0.013672 0.017361
0 0.968164 0.054167 0.009766 0.016667
0 0.940820 0.088889 0.009766 0.019444
0 0.924609 0.102083 0.012500 0.018056
0 0.836328 0.153125 0.014844 0.022917
0 0.788086 0.213889 0.015234 0.020833
0 0.771484 0.217014 0.018750 0.021528
0 0.729297 0.257292 0.018750 0.024306
0 0.733008 0.275000 0.016797 0.026389
0 0.720117 0.292361 0.018359 0.023611
0 0.713086 0.274653 0.016016 0.025694
0 0.702344 0.264931 0.018750 0.024306
0 0.687305 0.281597 0.015234 0.024306
0 0.697461 0.286806 0.018359 0.027778
0 0.696484 0.311806 0.018750 0.037500
0 0.668359 0.293056 0.017188 0.022222
0 0.679492 0.309722 0.017578 0.026389
0 0.679297 0.332639 0.021875 0.029167
0 0.658008 0.308681 0.019141 0.022917
0 0.664648 0.327778 0.022266 0.023611
0 0.661328 0.352431 0.017188 0.027083
0 0.635352 0.350694 0.026172 0.036111
0 0.643164 0.374306 0.023828 0.027778
