2 0.367383 0.402778 0.062109 0.080556
2 0.904883 0.694097 0.125391 0.117361
2 0.624023 0.572222 0.056641 0.069444
2 0.753320 0.290972 0.041797 0.059722
2 0.914648 0.118403 0.022266 0.045139
2 0.096875 0.115972 0.034375 0.043056
1 0.326562 0.372222 0.038281 0.062500
1 0.660937 0.345833 0.029687 0.045833
1 0.646680 0.327778 0.031641 0.052778
1 0.652344 0.302083 0.042969 0.051389
1 0.719531 0.244097 0.024219 0.040972
0 0.013672 0.086806 0.013281 0.015278
0 0.039648 0.093056 0.011328 0.016667
0 0.050195 0.112500 0.012109 0.018056
0 0.094531 0.143403 0.017969 0.021528
0 0.122852 0.150347 0.019141 0.027083
0 0.182031 0.217014 0.018750 0.025694
0 0.267773 0.250347 0.021484 0.024306
0 0.228711 0.287153 0.021484 0.031250
0 0.263086 0.311806 0.022266 0.031944
0 0.289844 0.281597 0.024219 0.024306
0 0.312109 0.303125 0.019531 0.025694
0 0.355664 0.312153 0.024609 0.025694
0 0.288281 0.332639 0.025781 0.030556
0 0.296484 0.356944 0.023438 0.027778
0 0.304883 0.386806 0.027734 0.031944
0 0.352344 0.447917 0.028906 0.037500
0 0.406055 0.469792 0.029297 0.035417
0 0.424023 0.359028 0.027734 0.029167
0 0.442578 0.388889 0.023438 0.033333
0 0.414844 0.429514 0.033594 0.035417
0 0.409766 0.446875 0.021875 0.032639
0 0.435547 0.468056 0.029687 0.034722
0 0.445312 0.452778 0.026562 0.036111
0 0.504102 0.554167 0.036328 0.045833
0 0.379688 0.699306 0.032031 0.043056
0 0.372461 0.743750 0.037891 0.045833
0 0.415430 0.727431 0.037109 0.045139
0 0.541406 0.981944 0.046094 0.036111
0 0.614844 0.985764 0.042969 0.028472
0 0.651367 0.958333 0.037891 0.058333
0 0.717383 0.976389 0.026953 0.047222
0 0.620898 0.909722 0.032422 0.062500
0 0.635352 0.755903 0.041016 0.059028
0 0.750977 0.851736 0.037891 0.049306
0 0.947656 0.844444 0.041406 0.050000
0 0.953516 0.876736 0.039844 0.050694
0 0.893750 0.742361 0.042188 0.045833
0 0.827930 0.719444 0.040234 0.043056
0 0.791992 0.690972 0.037891 0.041667
0 0.747461 0.659028 0.041016 0.044444
0 0.671289 0.580903 0.030859 0.038194
0 0.624609 0.644097 0.035937 0.050694
0 0.592383 0.488889 0.033984 0.036111
0 0.600000 0.527431 0.038281 0.047917
0 0.895312 0.481250 0.024219 0.040278
0 0.925977 0.416319 0.020703 0.032639
0 0.894727 0.398611 0.025391 0.027778
0 0.870117 0.449653 0.021484 0.053472
0 0.856250 0.362500 0.026562 0.029167
2 0.828711 0.369444 0.073828 0.066667
0 0.708398 0.356597 0.020703 0.034028
0 0.783008 0.260069 0.017578 0.027083
0 0.639453 0.375000 0.025000 0.045833
0 0.623437 0.372569 0.023438 0.038194
0 0.608203 0.361806 0.015625 0.023611
0 0.624023 0.339931 0.022266 0.031250
0 0.684766 0.329167 0.018750 0.027778
0 0.681836 0.304167 0.017578 0.029167
0 0.677930 0.284375 0.016016 0.029861
0 0.707422 0.301042 0.022656 0.036806
0 0.699219 0.270139 0.022656 0.029167
0 0.725586 0.286458 0.020703 0.032639
0 0.738672 0.265972 0.015625 0.026389
0 0.757031 0.245833 0.017188 0.022222
0 0.771484 0.231597 0.017188 0.032639
0 0.798633 0.197222 0.016797 0.023611
0 0.852539 0.193056 0.015234 0.026389
0 0.901953 0.085417 0.015625 0.025000
0 0.936719 0.064931 0.013281 0.021528
0 0.939258 0.046875 0.011328 0.021528
0 0.949414 0.048611 0.011328 0.015278
