2 0.735742 0.613542 0.080859 0.088194
2 0.683008 0.423611 0.022266 0.077778
2 0.359570 0.783333 0.080078 0.122222
2 0.302734 0.800347 0.083594 0.117361
2 0.888672 0.403819 0.048438 0.047917
1 0.623242 0.342361 0.030859 0.054167
1 0.228711 0.892361 0.055078 0.076389
0 0.090234 0.224653 0.015625 0.020139
0 0.172070 0.275347 0.018359 0.027083
0 0.317773 0.354167 0.023828 0.029167
0 0.340430 0.371181 0.021484 0.034028
0 0.368164 0.390972 0.022266 0.033333
0 0.383594 0.426389 0.025781 0.040278
0 0.397852 0.414931 0.025391 0.032639
0 0.410742 0.447222 0.026953 0.037500
0 0.438086 0.440278 0.030859 0.034722
0 0.472070 0.484375 0.037109 0.036806
0 0.500977 0.465625 0.030859 0.025694
0 0.533008 0.513542 0.038672 0.031250
0 0.566992 0.556250 0.035547 0.033333
0 0.625586 0.575000 0.037891 0.038889
0 0.704688 0.632292 0.036719 0.036806
0 0.924414 0.730903 0.037109 0.045139
0 0.966602 0.733681 0.038672 0.049306
0 0.156250 0.979167 0.046875 0.041667
0 0.378125 0.693750 0.035937 0.043056
0 0.378711 0.725694 0.030078 0.023611
0 0.417773 0.727431 0.035547 0.040972
0 0.416211 0.691667 0.034766 0.040278
0 0.636719 0.755208 0.039844 0.049306
0 0.626367 0.986806 0.021484 0.026389
0 0.649023 0.959028 0.041797 0.061111
0 0.715820 0.975000 0.022266 0.050000
0 0.751367 0.847917 0.037109 0.040278
0 0.771289 0.605556 0.028516 0.036111
0 0.895703 0.479514 0.016406 0.031250
0 0.925781 0.416319 0.024219 0.024306
0 0.866992 0.444444 0.018359 0.047222
0 0.857812 0.362153 0.025000 0.027083
0 0.848242 0.373611 0.030078 0.033333
0 0.830859 0.350694 0.024219 0.025000
0 0.781055 0.256250 0.019141 0.026389
0 0.810156 0.227431 0.014063 0.021528
0 0.833203 0.202431 0.017969 0.024306
0 0.957031 0.039583 0.013281 0.019444
0 0.908594 0.089583 0.014063 0.022222
0 0.866016 0.129861 0.014063 0.022222
0 0.738477 0.248264 0.021484 0.027083
0 0.732422 0.274653 0.014844 0.024306
0 0.720117 0.293056 0.016797 0.026389
0 0.702734 0.264583 0.017969 0.025000
0 0.713086 0.276736 0.016797 0.025694
0 0.687109 0.281944 0.015625 0.025000
0 0.696875 0.288889 0.017969 0.029167
0 0.695898 0.310764 0.019922 0.036806
0 0.668750 0.292708 0.018750 0.022917
0 0.679688 0.308681 0.021094 0.027083
0 0.679492 0.332986 0.019922 0.027083
0 0.658594 0.308681 0.017188 0.027083
0 0.663867 0.326389 0.019141 0.023611
0 0.660352 0.351736 0.021484 0.029861
0 0.634375 0.351389 0.023438 0.038889
0 0.642383 0.373611 0.020703 0.029167
