1 0.873633 0.660417 0.075391 0.076389
1 0.899609 0.709375 0.056250 0.061806
1 0.550586 0.545833 0.066016 0.052778
2 0.960547 0.479514 0.063281 0.038194
2 0.207617 0.760764 0.086328 0.128472
2 0.313086 0.788889 0.082422 0.120833
2 0.359961 0.784722 0.083203 0.120833
1 0.226953 0.896875 0.053125 0.078472
1 0.622852 0.339236 0.026953 0.049306
0 0.029883 0.151389 0.015234 0.027778
0 0.123242 0.233333 0.018359 0.026389
0 0.128516 0.271528 0.019531 0.025000
0 0.212305 0.311458 0.025391 0.029861
0 0.240039 0.328819 0.023047 0.029861
0 0.269531 0.375347 0.021094 0.027083
0 0.304688 0.408333 0.026562 0.036111
0 0.284570 0.366319 0.024609 0.039583
0 0.319336 0.398611 0.024609 0.029167
0 0.289648 0.420833 0.026172 0.026389
0 0.156641 0.977431 0.042969 0.045139
0 0.379297 0.693056 0.035937 0.044444
0 0.416992 0.727431 0.033984 0.040972
0 0.416406 0.691667 0.032813 0.040278
0 0.377344 0.726389 0.028906 0.029167
0 0.717773 0.976042 0.024609 0.047917
0 0.636914 0.753819 0.040234 0.049306
0 0.611523 0.990625 0.032422 0.018750
0 0.677148 0.911111 0.031641 0.056944
0 0.750977 0.850000 0.037891 0.044444
0 0.833398 0.840278 0.046484 0.040278
0 0.942773 0.715972 0.038672 0.048611
0 0.769727 0.653125 0.029297 0.036806
0 0.803320 0.651042 0.033203 0.035417
0 0.806445 0.627431 0.036328 0.032639
0 0.798633 0.580208 0.043359 0.045139
0 0.753516 0.616319 0.035937 0.039583
0 0.760547 0.600694 0.032031 0.036111
0 0.893750 0.480903 0.021094 0.035417
0 0.925781 0.414583 0.023438 0.027778
0 0.893945 0.398264 0.022266 0.029861
0 0.868164 0.442708 0.020703 0.042361
0 0.846289 0.373611 0.026953 0.033333
0 0.859570 0.365625 0.025391 0.029861
0 0.830273 0.349306 0.024609 0.030556
0 0.591602 0.442708 0.030859 0.029861
0 0.624023 0.459375 0.032422 0.036806
0 0.647070 0.406944 0.025391 0.037500
0 0.971484 0.053819 0.009375 0.014583
0 0.974609 0.011458 0.007031 0.010417
0 0.975000 0.022222 0.006250 0.012500
0 0.964063 0.023264 0.010937 0.013194
0 0.947070 0.037153 0.008984 0.014583
0 0.936914 0.086111 0.009766 0.013889
0 0.941016 0.101736 0.010156 0.017361
0 0.920117 0.104514 0.010547 0.017361
0 0.918945 0.116319 0.011328 0.014583
0 0.881641 0.147917 0.014063 0.019444
0 0.846094 0.135417 0.011719 0.019444
0 0.858398 0.171528 0.015234 0.023611
0 0.866211 0.180556 0.014453 0.020833
0 0.819531 0.220833 0.017969 0.022222
0 0.815625 0.182986 0.014844 0.020139
0 0.758594 0.228472 0.017969 0.026389
0 0.750000 0.320486 0.018750 0.028472
0 0.711914 0.367708 0.022266 0.027083
0 0.684961 0.371528 0.021484 0.030556
0 0.676367 0.455556 0.016797 0.034722
0 0.741992 0.244792 0.016797 0.028472
0 0.748437 0.258681 0.017188 0.027083
0 0.722070 0.244792 0.020703 0.025694
0 0.728711 0.257986 0.018359 0.029861
0 0.732812 0.273958 0.015625 0.027083
0 0.704102 0.266319 0.020703 0.029861
0 0.712500 0.275000 0.017969 0.025000
0 0.719922 0.291667 0.016406 0.023611
0 0.687305 0.281250 0.016797 0.025000
0 0.696875 0.287153 0.018750 0.028472
0 0.696094 0.310764 0.021875 0.036806
0 0.668945 0.293056 0.017578 0.023611
0 0.680273 0.310069 0.020703 0.027083
0 0.679492 0.332292 0.022266 0.029861
0 0.658594 0.308681 0.019531 0.027083
0 0.661523 0.327778 0.019141 0.023611
0 0.660742 0.351389 0.020703 0.029167
0 0.635352 0.353125 0.023047 0.039583
0 0.642578 0.373611 0.021094 0.029167
