2 0.528711 0.378125 0.076172 0.063194
2 0.831055 0.371875 0.065234 0.047917
2 0.793359 0.617014 0.120313 0.117361
2 0.121875 0.961806 0.107031 0.076389
2 0.230664 0.879861 0.080859 0.106944
1 0.126172 0.155556 0.029687 0.034722
1 0.950000 0.075347 0.014844 0.022917
1 0.869531 0.173611 0.019531 0.034722
1 0.346875 0.806250 0.047656 0.079167
1 0.299023 0.284028 0.031641 0.043056
0 0.026172 0.153125 0.016406 0.024306
0 0.063086 0.201736 0.016016 0.021528
0 0.070312 0.183333 0.019531 0.034722
0 0.081055 0.172917 0.015234 0.022222
0 0.127148 0.206250 0.016016 0.019444
0 0.145898 0.237847 0.017578 0.022917
0 0.167578 0.179514 0.014844 0.018750
0 0.206250 0.193750 0.017188 0.020833
0 0.218164 0.292014 0.023047 0.027083
0 0.246484 0.357292 0.022656 0.027083
0 0.273633 0.358333 0.023047 0.031944
0 0.302734 0.405903 0.023438 0.034028
0 0.314063 0.396181 0.025781 0.032639
0 0.334570 0.367361 0.022266 0.027778
0 0.359375 0.386806 0.024219 0.027778
0 0.349805 0.308333 0.026172 0.023611
0 0.193750 0.979514 0.036719 0.040972
0 0.233398 0.932639 0.041797 0.025000
0 0.289648 0.835764 0.033203 0.045139
0 0.293750 0.865278 0.037500 0.040278
0 0.325391 0.788194 0.030469 0.040278
0 0.474219 0.519444 0.028125 0.043056
0 0.363867 0.750347 0.032422 0.038194
0 0.387891 0.764931 0.030469 0.043750
0 0.401367 0.709375 0.031641 0.043750
0 0.416406 0.729167 0.031250 0.038889
0 0.616406 0.986111 0.042188 0.027778
0 0.617773 0.911806 0.037109 0.063889
0 0.652344 0.957639 0.033594 0.055556
0 0.716602 0.977778 0.019141 0.044444
0 0.661328 0.849653 0.028906 0.056250
0 0.635742 0.756250 0.037891 0.045833
0 0.751172 0.851042 0.039062 0.042361
0 0.988477 0.773958 0.023047 0.038194
0 0.988477 0.752083 0.023047 0.029167
0 0.950000 0.751042 0.032813 0.039583
0 0.904883 0.719792 0.035547 0.038194
0 0.907617 0.696181 0.033984 0.032639
0 0.812305 0.661458 0.037109 0.036806
0 0.759570 0.626042 0.035547 0.035417
0 0.717383 0.637500 0.032422 0.036111
0 0.729102 0.627778 0.033203 0.037500
0 0.821484 0.621528 0.029687 0.038889
0 0.895312 0.480556 0.018750 0.030556
0 0.925586 0.417361 0.020703 0.026389
0 0.893555 0.398611 0.025391 0.031944
0 0.869531 0.444444 0.017188 0.040278
0 0.856445 0.363542 0.023047 0.027083
0 0.617188 0.354167 0.019531 0.030556
0 0.687695 0.279167 0.022266 0.031944
0 0.723828 0.264236 0.017969 0.027083
0 0.750195 0.225000 0.017578 0.022222
0 0.787695 0.249653 0.016797 0.022917
0 0.808008 0.252083 0.019141 0.020833
0 0.788281 0.185764 0.014844 0.022917
0 0.857227 0.122569 0.012109 0.017361
0 0.901172 0.092708 0.010937 0.015972
0 0.907617 0.136458 0.015234 0.017361
0 0.943359 0.040625 0.008594 0.011806
0 0.945898 0.052778 0.008984 0.015278
