2 0.275781 0.334375 0.052344 0.081250
2 0.723437 0.638194 0.067969 0.070833
2 0.827734 0.371181 0.073438 0.056250
2 0.672461 0.303472 0.030859 0.050000
2 0.810156 0.576389 0.117969 0.109722
2 0.155078 0.165625 0.033594 0.043750
1 0.174414 0.293750 0.027734 0.031944
1 0.197656 0.313194 0.025000 0.027778
1 0.240039 0.307292 0.033984 0.052083
1 0.658789 0.345486 0.029297 0.046528
1 0.852539 0.122569 0.025391 0.036806
1 0.925391 0.096181 0.014844 0.025694
0 0.005664 0.118403 0.008203 0.015972
0 0.101172 0.189931 0.018750 0.024306
0 0.176758 0.204514 0.016797 0.020139
0 0.344531 0.321875 0.024219 0.028472
0 0.416602 0.365278 0.026172 0.026389
0 0.166016 0.270139 0.021875 0.025000
0 0.193164 0.291319 0.018359 0.024306
0 0.212891 0.307639 0.017969 0.026389
0 0.233594 0.324306 0.027344 0.040278
0 0.221680 0.332639 0.019922 0.023611
0 0.256250 0.345833 0.023438 0.027778
0 0.243359 0.360069 0.023438 0.028472
0 0.275391 0.361806 0.024219 0.030556
0 0.266797 0.375347 0.026562 0.036806
0 0.258008 0.389931 0.019922 0.028472
0 0.296094 0.383333 0.032031 0.030556
0 0.310937 0.414236 0.025781 0.032639
0 0.304883 0.343056 0.012109 0.026389
0 0.322070 0.359028 0.025391 0.029167
0 0.311328 0.368403 0.019531 0.025694
0 0.322266 0.398611 0.021875 0.033333
0 0.333203 0.388889 0.021875 0.030556
0 0.348242 0.380903 0.023828 0.035417
0 0.377930 0.698611 0.030859 0.043056
0 0.635352 0.757986 0.041016 0.050694
0 0.661914 0.843403 0.029297 0.065972
0 0.618359 0.915625 0.039062 0.056250
0 0.651367 0.957639 0.033984 0.058333
0 0.614258 0.986111 0.043359 0.027778
0 0.716211 0.977431 0.023828 0.045139
0 0.965430 0.759375 0.033984 0.042361
0 0.963672 0.735069 0.035937 0.036806
0 0.967969 0.711806 0.031250 0.034722
0 0.882227 0.754514 0.040234 0.040972
0 0.840234 0.726042 0.035156 0.038194
0 0.887109 0.710417 0.033594 0.044444
0 0.905469 0.702083 0.036719 0.037500
0 0.930469 0.736806 0.034375 0.043056
0 0.896875 0.668056 0.036719 0.034722
0 0.859961 0.646181 0.031641 0.034028
0 0.853125 0.663889 0.032031 0.038889
0 0.835938 0.672917 0.033594 0.041667
0 0.778711 0.659028 0.030859 0.034722
0 0.793359 0.695833 0.037500 0.048611
0 0.790430 0.644097 0.032422 0.034028
0 0.807813 0.629861 0.036719 0.047222
0 0.771875 0.588194 0.035156 0.041667
0 0.765820 0.602431 0.030859 0.034028
0 0.753516 0.616667 0.027344 0.040278
0 0.733203 0.620486 0.037500 0.036806
0 0.895508 0.480903 0.019141 0.035417
0 0.923633 0.416319 0.023047 0.029861
0 0.893750 0.398611 0.024219 0.029167
0 0.868750 0.444792 0.019531 0.047917
0 0.855273 0.362847 0.023047 0.028472
0 0.801172 0.242361 0.019531 0.025000
0 0.638867 0.372569 0.023047 0.040972
0 0.624414 0.367708 0.020703 0.031250
0 0.615234 0.354167 0.014063 0.023611
0 0.705859 0.300694 0.021875 0.033333
0 0.684961 0.330903 0.017578 0.029861
0 0.744531 0.260417 0.019531 0.025000
0 0.802148 0.192708 0.016797 0.025694
0 0.875586 0.107639 0.012109 0.018056
0 0.970508 0.050000 0.009766 0.018056
2 0.990234 0.040625 0.019531 0.036806
0 0.973242 0.014236 0.012891 0.015972
0 0.750391 0.851389 0.039062 0.047222
