2 0.783789 0.648264 0.087891 0.099306
2 0.839453 0.379861 0.046094 0.043056
2 0.360156 0.780903 0.083594 0.121528
2 0.300195 0.806597 0.087891 0.121528
2 0.092773 0.126736 0.038672 0.049306
0 0.147070 0.982292 0.049609 0.035417
0 0.017383 0.084722 0.014453 0.023611
0 0.015820 0.097222 0.012891 0.018056
0 0.080078 0.143750 0.012500 0.018056
0 0.225195 0.218056 0.017578 0.018056
0 0.273438 0.286111 0.021094 0.023611
0 0.305273 0.276042 0.024609 0.025694
0 0.437695 0.384722 0.033203 0.040278
0 0.317969 0.354514 0.022656 0.029861
0 0.340039 0.370139 0.024609 0.034722
0 0.361914 0.386806 0.022266 0.033333
0 0.388086 0.406250 0.025391 0.031944
0 0.413086 0.426042 0.026172 0.034028
0 0.439063 0.446181 0.027344 0.038194
0 0.382422 0.425347 0.024219 0.032639
0 0.405273 0.443056 0.027734 0.033333
0 0.438281 0.470833 0.033594 0.041667
0 0.378320 0.693403 0.033203 0.039583
0 0.376367 0.725000 0.031641 0.020833
0 0.418945 0.726042 0.031641 0.035417
0 0.417578 0.692014 0.036719 0.040972
0 0.627148 0.987847 0.026172 0.024306
0 0.717187 0.978125 0.020313 0.043750
0 0.651758 0.961806 0.037891 0.048611
0 0.636523 0.756597 0.039453 0.049306
0 0.750195 0.849653 0.041016 0.047917
0 0.823438 0.827083 0.037500 0.050000
0 0.894922 0.807292 0.035937 0.049306
0 0.982031 0.894097 0.035937 0.046528
0 0.923828 0.664583 0.039062 0.044444
0 0.811328 0.592014 0.033594 0.036806
0 0.721680 0.645486 0.036328 0.036806
0 0.660937 0.598264 0.035937 0.035417
0 0.611914 0.566667 0.033203 0.037500
0 0.601367 0.536458 0.033984 0.038194
0 0.925000 0.417014 0.021875 0.025694
0 0.894922 0.397569 0.025000 0.027083
0 0.890430 0.437500 0.024609 0.029167
0 0.894727 0.479861 0.019922 0.036111
0 0.868945 0.442361 0.018359 0.044444
0 0.857227 0.363889 0.023047 0.029167
0 0.783984 0.258681 0.017969 0.024306
0 0.955273 0.042708 0.012109 0.018750
0 0.923828 0.061806 0.010937 0.015278
0 0.831055 0.162153 0.014453 0.018750
0 0.749414 0.258333 0.017578 0.025000
0 0.713867 0.273264 0.020703 0.031250
0 0.687109 0.282292 0.016406 0.025694
0 0.696875 0.286806 0.017969 0.029167
0 0.696484 0.311458 0.021094 0.032639
0 0.668750 0.292708 0.017969 0.022917
0 0.680273 0.309375 0.019922 0.028472
0 0.680078 0.333333 0.020313 0.029167
0 0.658398 0.310069 0.019922 0.025694
0 0.661133 0.327778 0.015234 0.025000
0 0.660742 0.352083 0.019141 0.025000
0 0.623437 0.339583 0.028125 0.047222
0 0.634961 0.350000 0.023047 0.037500
0 0.642773 0.373264 0.021484 0.028472
