2 0.793945 0.615278 0.119141 0.113889
2 0.830078 0.372917 0.063281 0.050000
2 0.764453 0.201042 0.039844 0.049306
2 0.232031 0.878125 0.078125 0.100694
2 0.126953 0.964236 0.102344 0.071528
1 0.598828 0.352431 0.049219 0.057639
1 0.522266 0.463889 0.040625 0.072222
1 0.709570 0.250694 0.026953 0.045833
1 0.760352 0.296875 0.020703 0.046528
0 0.144531 0.252431 0.018750 0.029861
0 0.301758 0.403819 0.027734 0.031250
0 0.359570 0.387847 0.026172 0.032639
0 0.192773 0.980556 0.034766 0.038889
0 0.232227 0.933681 0.040234 0.032639
0 0.288477 0.834375 0.033203 0.042361
0 0.292578 0.865278 0.040625 0.034722
0 0.325391 0.788542 0.032031 0.042361
1 0.345313 0.798264 0.046875 0.070139
0 0.364844 0.751736 0.031250 0.038194
0 0.383594 0.766667 0.031250 0.037500
0 0.400781 0.710069 0.032031 0.042361
0 0.414844 0.729861 0.032031 0.041667
0 0.448047 0.527431 0.019531 0.028472
0 0.448633 0.552431 0.031641 0.035417
0 0.539844 0.982292 0.045312 0.035417
0 0.615820 0.986111 0.041016 0.027778
0 0.619922 0.911458 0.032031 0.059028
0 0.650977 0.956597 0.034766 0.054861
0 0.716211 0.977083 0.023828 0.045833
0 0.653516 0.846181 0.031250 0.061806
0 0.635547 0.755208 0.040625 0.042361
0 0.681055 0.803125 0.019922 0.054861
0 0.749023 0.732292 0.041797 0.056250
0 0.750586 0.849306 0.036328 0.047222
0 0.955078 0.905903 0.034375 0.053472
0 0.888086 0.889236 0.037109 0.049306
0 0.975195 0.794792 0.036328 0.039583
0 0.983203 0.772569 0.030469 0.035417
0 0.910352 0.723611 0.034766 0.036111
0 0.861914 0.688194 0.044141 0.050000
0 0.817187 0.707292 0.039062 0.038194
0 0.811719 0.661458 0.033594 0.034028
0 0.820898 0.622222 0.031641 0.040278
0 0.759961 0.626736 0.033203 0.035417
0 0.894727 0.481250 0.018359 0.031944
0 0.924609 0.416667 0.021094 0.025000
0 0.894531 0.399306 0.025000 0.031944
0 0.867578 0.444444 0.017188 0.038889
0 0.858008 0.364583 0.022266 0.027778
0 0.789453 0.375347 0.028125 0.027083
0 0.790234 0.342014 0.014844 0.029861
0 0.680664 0.447222 0.019141 0.036111
0 0.582227 0.456250 0.020703 0.037500
0 0.539453 0.422222 0.025000 0.033333
0 0.588086 0.403819 0.023828 0.034028
0 0.627734 0.367708 0.018750 0.036806
0 0.649609 0.367361 0.019531 0.031944
0 0.642188 0.324653 0.021094 0.027083
0 0.659180 0.331597 0.021484 0.028472
0 0.676562 0.292014 0.019531 0.028472
0 0.694922 0.295833 0.017188 0.026389
0 0.711328 0.302431 0.017188 0.024306
0 0.734766 0.233681 0.015625 0.022917
0 0.750977 0.238194 0.020703 0.034722
0 0.786914 0.193403 0.016016 0.022917
0 0.797461 0.181250 0.015234 0.018056
0 0.817383 0.176042 0.016016 0.017361
0 0.821094 0.157986 0.017969 0.025694
0 0.843164 0.139583 0.015234 0.018056
0 0.853125 0.126389 0.013281 0.015278
0 0.878906 0.120486 0.016406 0.018750
0 0.873242 0.162847 0.016797 0.020139
0 0.969727 0.016667 0.008203 0.013889
0 0.983203 0.050347 0.008594 0.013194
