2 0.794336 0.614236 0.118359 0.118750
2 0.211523 0.904514 0.081641 0.107639
2 0.831445 0.370486 0.069922 0.054861
2 0.766016 0.196875 0.039062 0.057639
1 0.803516 0.242361 0.028906 0.043056
1 0.659766 0.349306 0.033594 0.051389
1 0.648633 0.330556 0.037109 0.061111
1 0.651563 0.306250 0.042969 0.051389
2 0.932031 0.111806 0.028906 0.040278
1 0.717578 0.245833 0.025781 0.043056
1 0.345898 0.805556 0.051172 0.070833
1 0.850195 0.128472 0.017578 0.026389
0 0.358984 0.387847 0.022656 0.034028
0 0.188672 0.984722 0.032031 0.030556
0 0.231836 0.933333 0.040234 0.036111
0 0.289453 0.834375 0.034375 0.047917
0 0.294531 0.864583 0.038281 0.034722
0 0.386133 0.688889 0.033984 0.041667
0 0.364063 0.751389 0.035156 0.041667
0 0.395508 0.717014 0.033984 0.043750
0 0.415820 0.729514 0.031641 0.042361
0 0.382422 0.769444 0.030469 0.041667
0 0.325000 0.786806 0.035156 0.040278
0 0.544141 0.982292 0.042188 0.035417
0 0.616602 0.986806 0.041016 0.026389
0 0.651172 0.955556 0.034375 0.063889
0 0.716211 0.977778 0.024609 0.044444
0 0.653711 0.847222 0.034766 0.072222
0 0.682813 0.796181 0.022656 0.054861
0 0.749414 0.848264 0.038672 0.046528
0 0.635156 0.754861 0.039062 0.050000
0 0.618555 0.915278 0.033984 0.069444
0 0.820312 0.623264 0.027344 0.049306
0 0.893945 0.479167 0.015234 0.038889
0 0.925000 0.418750 0.022656 0.026389
0 0.892578 0.395139 0.025781 0.034722
0 0.856641 0.364236 0.021875 0.027083
0 0.622852 0.451736 0.024609 0.031250
0 0.682617 0.416667 0.018359 0.034722
0 0.633594 0.426736 0.025781 0.029861
0 0.635352 0.380208 0.023047 0.042361
0 0.621289 0.369444 0.017578 0.030556
0 0.608398 0.360069 0.014453 0.027083
0 0.623047 0.342014 0.018750 0.034028
0 0.703125 0.354167 0.021094 0.033333
0 0.790234 0.342014 0.016406 0.034028
0 0.740234 0.304514 0.020313 0.028472
0 0.683594 0.330208 0.020313 0.028472
0 0.670703 0.315972 0.015625 0.023611
0 0.677344 0.286111 0.016406 0.026389
0 0.687500 0.302431 0.019531 0.029861
0 0.706641 0.301736 0.019531 0.035417
0 0.725195 0.284722 0.017578 0.029167
0 0.706836 0.278125 0.019141 0.024306
0 0.698438 0.269792 0.017969 0.025694
0 0.738086 0.270486 0.016797 0.027083
0 0.752930 0.255208 0.015234 0.025694
0 0.734766 0.251042 0.016406 0.020139
0 0.735156 0.230903 0.016406 0.025694
0 0.769922 0.230903 0.016406 0.025694
0 0.829297 0.204514 0.016406 0.020139
0 0.800195 0.194792 0.017578 0.025694
0 0.787305 0.188194 0.012109 0.023611
0 0.813867 0.184375 0.011328 0.025694
0 0.826953 0.171875 0.010937 0.020139
0 0.822461 0.151389 0.010547 0.018056
0 0.833984 0.157986 0.013281 0.032639
0 0.849805 0.180903 0.011328 0.020139
0 0.865625 0.186806 0.014063 0.023611
0 0.870117 0.159028 0.013672 0.023611
0 0.913281 0.112153 0.010937 0.014583
0 0.905078 0.085069 0.011719 0.018750
0 0.958008 0.037500 0.009766 0.015278
