2 0.275781 0.329167 0.057813 0.080556
2 0.374805 0.764236 0.067578 0.081250
2 0.730078 0.642708 0.075000 0.082639
2 0.835742 0.372222 0.076172 0.063889
1 0.175391 0.291319 0.028125 0.040972
1 0.233398 0.290278 0.036328 0.052778
1 0.200977 0.314931 0.017578 0.029861
1 0.230078 0.933681 0.048438 0.075694
1 0.419922 0.554167 0.050000 0.077778
1 0.622656 0.356597 0.029687 0.049306
1 0.891797 0.081250 0.025000 0.034722
1 0.951758 0.028125 0.016797 0.031250
1 0.811328 0.182639 0.029687 0.043056
0 0.192188 0.288889 0.016406 0.025000
0 0.212891 0.306250 0.020313 0.029167
0 0.254492 0.301736 0.018359 0.029861
0 0.234961 0.322569 0.030078 0.042361
0 0.219531 0.338194 0.023438 0.031944
0 0.258398 0.347569 0.022266 0.032639
0 0.277344 0.356250 0.025000 0.030556
0 0.244531 0.355208 0.023438 0.027083
0 0.268164 0.374306 0.027734 0.034722
0 0.255273 0.387500 0.025391 0.026389
0 0.302344 0.338889 0.014063 0.023611
0 0.322266 0.359028 0.027344 0.033333
0 0.312695 0.367361 0.024609 0.031944
0 0.350781 0.378819 0.025781 0.031250
0 0.333203 0.387153 0.025000 0.028472
0 0.324414 0.397917 0.028516 0.031944
0 0.308984 0.409028 0.028906 0.044444
0 0.384180 0.350694 0.029297 0.037500
0 0.132422 0.899653 0.044531 0.050694
0 0.326953 0.683333 0.035156 0.047222
0 0.259375 0.856250 0.042188 0.056944
0 0.284180 0.876389 0.045703 0.052778
0 0.306055 0.811111 0.046484 0.061111
0 0.328711 0.830903 0.041016 0.057639
0 0.355078 0.759375 0.037500 0.050694
0 0.379492 0.695833 0.033203 0.044444
0 0.406250 0.704861 0.040625 0.047222
0 0.427539 0.713542 0.030078 0.038194
0 0.442188 0.571875 0.035937 0.043750
0 0.501367 0.496875 0.029297 0.036806
0 0.551758 0.414236 0.028516 0.039583
0 0.578711 0.417361 0.025391 0.036111
0 0.589648 0.436458 0.023828 0.042361
0 0.717773 0.977431 0.033984 0.045139
0 0.636914 0.753125 0.041016 0.059028
0 0.751367 0.848611 0.041016 0.055556
0 0.755469 0.616319 0.032031 0.045139
0 0.766016 0.601042 0.030469 0.046528
0 0.774609 0.587153 0.035156 0.040972
0 0.808594 0.626736 0.034375 0.045139
0 0.820508 0.620139 0.036328 0.047222
0 0.789062 0.643056 0.028906 0.047222
0 0.832422 0.674306 0.039062 0.044444
0 0.855078 0.661111 0.038281 0.048611
0 0.887305 0.710069 0.037109 0.052083
0 0.912109 0.701736 0.036719 0.052083
0 0.962109 0.735417 0.039062 0.054167
0 0.894922 0.480208 0.021094 0.043750
0 0.925977 0.420139 0.020703 0.025000
0 0.892188 0.396181 0.027344 0.038194
0 0.867578 0.446875 0.021875 0.052083
0 0.856836 0.358681 0.030859 0.039583
0 0.682617 0.476389 0.029297 0.043056
0 0.684961 0.281944 0.023047 0.030556
0 0.674805 0.339236 0.018359 0.035417
0 0.649414 0.369792 0.023047 0.032639
0 0.593945 0.369792 0.023828 0.040972
0 0.733789 0.247222 0.019922 0.029167
0 0.763477 0.227778 0.020703 0.030556
0 0.770703 0.204514 0.017969 0.020139
0 0.798633 0.176389 0.015234 0.023611
0 0.815039 0.156944 0.011328 0.016667
0 0.829297 0.162153 0.015625 0.021528
0 0.829883 0.144444 0.011328 0.016667
0 0.846680 0.146181 0.013672 0.020139
0 0.860352 0.117014 0.009766 0.015972
0 0.869922 0.109722 0.010156 0.013889
0 0.872656 0.123958 0.011719 0.017361
0 0.883398 0.113542 0.013672 0.018750
0 0.883203 0.096875 0.013281 0.013194
0 0.908398 0.089931 0.013672 0.021528
0 0.914258 0.083681 0.009766 0.014583
0 0.919922 0.075347 0.010156 0.017361
0 0.925586 0.074653 0.012109 0.013194
0 0.903516 0.077083 0.009375 0.012500
0 0.913672 0.067708 0.011719 0.017361
0 0.935547 0.051042 0.009375 0.014583
0 0.943164 0.043750 0.010547 0.013889
0 0.984570 0.013194 0.011328 0.012500
