2 0.276758 0.333333 0.055859 0.072222
2 0.598437 0.487847 0.078125 0.100694
2 0.723633 0.636806 0.069922 0.070833
2 0.746875 0.211806 0.038281 0.054167
2 0.942773 0.050347 0.016797 0.029861
2 0.831445 0.369792 0.066016 0.046528
1 0.239453 0.302083 0.037500 0.052778
1 0.176172 0.291319 0.024219 0.038194
1 0.198242 0.315278 0.021484 0.033333
1 0.895117 0.063889 0.026172 0.033333
1 0.659766 0.342361 0.033594 0.037500
2 0.933203 0.106597 0.014844 0.022917
0 0.191797 0.289931 0.021094 0.024306
0 0.350195 0.306250 0.024609 0.025000
0 0.213086 0.305903 0.020703 0.031250
0 0.235742 0.322917 0.028516 0.037500
0 0.221289 0.337153 0.023828 0.029861
0 0.258398 0.345139 0.022266 0.033333
0 0.244336 0.358681 0.024609 0.025694
0 0.276953 0.360764 0.024219 0.029861
0 0.268359 0.373958 0.028906 0.035417
0 0.254688 0.386458 0.024219 0.029861
0 0.305273 0.338889 0.011328 0.025000
0 0.324219 0.357639 0.025781 0.031944
0 0.312305 0.367708 0.019922 0.021528
0 0.350000 0.379514 0.027344 0.032639
0 0.333398 0.387153 0.026953 0.032639
0 0.323437 0.398958 0.025000 0.029861
0 0.306836 0.407986 0.025391 0.035417
0 0.297656 0.378819 0.021094 0.025694
0 0.226172 0.793403 0.039062 0.049306
0 0.330469 0.681250 0.031250 0.048611
0 0.378516 0.698611 0.034375 0.045833
0 0.449023 0.540972 0.030859 0.045833
0 0.476953 0.491667 0.027344 0.047222
0 0.513477 0.477778 0.030859 0.055556
0 0.635742 0.756944 0.043359 0.055556
0 0.660937 0.841667 0.032031 0.076389
0 0.617773 0.910764 0.033203 0.065972
0 0.714648 0.977083 0.030859 0.045833
0 0.748437 0.846181 0.040625 0.056250
0 0.598437 0.396875 0.024219 0.032639
0 0.640039 0.325694 0.019922 0.033333
0 0.675000 0.307639 0.019531 0.037500
0 0.685156 0.330556 0.017188 0.026389
0 0.744141 0.317708 0.025781 0.036806
0 0.721680 0.350000 0.020703 0.036111
0 0.962891 0.733681 0.046094 0.050694
0 0.883984 0.657639 0.035156 0.041667
0 0.887305 0.709722 0.033984 0.041667
0 0.905078 0.697222 0.037500 0.045833
0 0.854102 0.663889 0.033203 0.034722
0 0.835938 0.673958 0.037500 0.039583
0 0.819727 0.617708 0.037109 0.042361
0 0.808789 0.629514 0.037891 0.045139
0 0.792188 0.641667 0.033594 0.038889
0 0.753711 0.615625 0.036328 0.043750
0 0.766602 0.600000 0.035547 0.034722
0 0.772852 0.585069 0.036328 0.035417
0 0.789258 0.575694 0.034766 0.033333
0 0.896094 0.479167 0.023438 0.048611
0 0.925586 0.414236 0.018359 0.032639
0 0.894141 0.396181 0.027344 0.031250
0 0.868945 0.442361 0.019922 0.041667
0 0.857812 0.362847 0.028125 0.031250
0 0.799414 0.266319 0.019141 0.027083
0 0.638281 0.370486 0.026562 0.042361
0 0.730469 0.261111 0.024219 0.027778
0 0.766992 0.222222 0.019922 0.020833
0 0.829297 0.200000 0.020313 0.025000
0 0.792578 0.184028 0.014063 0.020833
0 0.826367 0.151736 0.017578 0.027083
0 0.853320 0.126042 0.016797 0.025694
0 0.875000 0.107639 0.014063 0.018056
0 0.910547 0.070486 0.010156 0.017361
0 0.918555 0.078819 0.010547 0.024306
0 0.923242 0.098611 0.011328 0.019444
0 0.945898 0.078125 0.010547 0.014583
0 0.951367 0.087153 0.008984 0.013194
0 0.932617 0.065625 0.012109 0.014583
0 0.933008 0.044444 0.009766 0.015278
0 0.954492 0.027083 0.011328 0.015278
0 0.955664 0.041319 0.010547 0.014583
