2 0.277148 0.330903 0.056641 0.088194
1 0.836523 0.132292 0.026172 0.040972
2 0.721680 0.641667 0.071484 0.068056
2 0.833398 0.371528 0.071484 0.059722
2 0.393750 0.737500 0.102344 0.137500
2 0.803711 0.249653 0.021484 0.038194
1 0.175195 0.294792 0.026953 0.035417
1 0.198437 0.314583 0.023438 0.030556
1 0.240234 0.302431 0.035937 0.042361
1 0.959570 0.033333 0.013672 0.025000
1 0.936133 0.040972 0.017578 0.030556
0 0.122461 0.172917 0.015234 0.019444
0 0.249609 0.237847 0.021875 0.027083
0 0.193555 0.291319 0.016797 0.020139
0 0.212891 0.307986 0.018750 0.027083
0 0.234375 0.321875 0.025781 0.043750
0 0.221289 0.338542 0.026953 0.034028
0 0.244727 0.358333 0.021484 0.029167
0 0.276367 0.359028 0.028516 0.030556
0 0.258398 0.347917 0.022266 0.026389
0 0.270703 0.376389 0.019531 0.030556
0 0.257031 0.384375 0.023438 0.029861
0 0.323633 0.357639 0.022266 0.030556
0 0.303516 0.340278 0.013281 0.020833
0 0.313477 0.368056 0.018359 0.027778
0 0.321484 0.399653 0.021094 0.031250
0 0.306836 0.406597 0.023047 0.036806
0 0.334570 0.389583 0.024609 0.031944
0 0.350000 0.379861 0.022656 0.033333
0 0.531055 0.380208 0.034766 0.036806
0 0.496094 0.501042 0.029687 0.052083
0 0.403125 0.577778 0.036719 0.044444
0 0.081445 0.919097 0.040234 0.059028
0 0.378320 0.697569 0.033203 0.040972
0 0.557422 0.554514 0.034375 0.045139
0 0.607812 0.469792 0.035156 0.042361
0 0.616992 0.435764 0.023828 0.038194
0 0.599023 0.395139 0.029297 0.033333
0 0.638086 0.370139 0.026953 0.041667
1 0.660547 0.349653 0.027344 0.052083
0 0.685352 0.302431 0.020703 0.029861
0 0.690625 0.275694 0.021875 0.023611
0 0.687695 0.328125 0.019922 0.027083
0 0.722266 0.263194 0.021094 0.041667
0 0.672266 0.690972 0.045312 0.054167
0 0.635352 0.758333 0.048828 0.044444
0 0.661523 0.842014 0.034766 0.068750
0 0.616797 0.912847 0.035937 0.061806
0 0.715625 0.976736 0.030469 0.046528
0 0.749609 0.847569 0.040625 0.050694
0 0.812109 0.807292 0.047656 0.070139
0 0.981836 0.717361 0.030859 0.047222
0 0.964258 0.734028 0.038672 0.047222
0 0.907813 0.697569 0.039062 0.046528
0 0.887891 0.710417 0.035156 0.044444
0 0.853906 0.660764 0.035937 0.039583
0 0.836914 0.672917 0.039453 0.047222
0 0.822656 0.618403 0.029687 0.046528
0 0.809961 0.627083 0.037891 0.050000
0 0.791602 0.645486 0.035547 0.047917
0 0.767383 0.602431 0.030859 0.042361
0 0.753906 0.617708 0.032031 0.042361
0 0.774414 0.585417 0.036328 0.041667
0 0.894922 0.476736 0.017188 0.032639
0 0.925195 0.416319 0.022266 0.029861
0 0.894531 0.398611 0.026562 0.033333
0 0.868164 0.445833 0.020703 0.048611
0 0.857227 0.361458 0.020703 0.028472
0 0.777734 0.360069 0.025781 0.040972
0 0.787500 0.244792 0.014844 0.025694
0 0.819727 0.211806 0.016016 0.031944
0 0.835938 0.213542 0.014063 0.022917
0 0.775781 0.217361 0.019531 0.025000
0 0.773438 0.198958 0.020313 0.025694
0 0.853125 0.148264 0.017969 0.018750
0 0.858203 0.121181 0.017188 0.020139
0 0.870508 0.120833 0.012109 0.026389
0 0.883789 0.098264 0.015234 0.020139
0 0.908008 0.076042 0.013672 0.018750
0 0.924609 0.060764 0.008594 0.017361
0 0.975195 0.060069 0.011328 0.011806
0 0.945703 0.050000 0.014063 0.022222
0 0.968359 0.030903 0.007812 0.010417
0 0.949609 0.035069 0.007031 0.011806
