2 0.597266 0.595139 0.079687 0.125000
2 0.673438 0.282639 0.049219 0.048611
2 0.830469 0.369792 0.067187 0.057639
1 0.896094 0.075000 0.025000 0.033333
1 0.802930 0.182292 0.024609 0.032639
1 0.756055 0.210764 0.030859 0.038194
0 0.052344 0.159028 0.016406 0.022222
0 0.039844 0.176389 0.016406 0.023611
0 0.067969 0.189931 0.016406 0.022917
0 0.101172 0.210417 0.021094 0.025000
0 0.189062 0.288542 0.015625 0.029861
0 0.169727 0.289931 0.021484 0.021528
0 0.260352 0.305903 0.026953 0.029861
0 0.237305 0.329167 0.023828 0.026389
0 0.288086 0.371528 0.023047 0.026389
0 0.351758 0.376042 0.022266 0.031250
0 0.335938 0.385764 0.023438 0.032639
0 0.321680 0.398264 0.026172 0.029861
0 0.307227 0.409028 0.026172 0.034722
0 0.334180 0.748264 0.037891 0.046528
0 0.410352 0.729167 0.036328 0.048611
0 0.192969 0.940278 0.045312 0.037500
2 0.184766 0.978125 0.080469 0.043750
1 0.572852 0.493403 0.026953 0.059028
1 0.605469 0.409028 0.033594 0.041667
0 0.652344 0.957639 0.033594 0.050000
0 0.716016 0.975000 0.031250 0.048611
0 0.684180 0.796528 0.047266 0.051389
0 0.635547 0.754514 0.036719 0.056250
0 0.846680 0.795139 0.037109 0.048611
0 0.801758 0.821528 0.043359 0.054167
0 0.957227 0.729167 0.026172 0.050000
0 0.911133 0.702778 0.041016 0.048611
0 0.861133 0.665278 0.033203 0.038889
0 0.836133 0.673264 0.037891 0.045139
0 0.811133 0.627778 0.039453 0.047222
0 0.822461 0.618056 0.033203 0.031944
0 0.792383 0.643750 0.033984 0.041667
0 0.752930 0.616667 0.034766 0.048611
0 0.765430 0.600000 0.033203 0.045833
0 0.774805 0.587153 0.036328 0.031250
0 0.775977 0.567014 0.037891 0.035417
0 0.895508 0.479514 0.017578 0.040972
0 0.867969 0.447917 0.025781 0.059722
0 0.925391 0.413542 0.025000 0.029861
0 0.893555 0.397917 0.030859 0.037500
0 0.858008 0.363889 0.023828 0.026389
0 0.976758 0.012153 0.010547 0.014583
0 0.958008 0.037500 0.010547 0.018056
0 0.925391 0.055556 0.010156 0.023611
0 0.934961 0.059028 0.010547 0.023611
1 0.908008 0.085417 0.014453 0.026389
0 0.886133 0.094792 0.009766 0.017361
0 0.878516 0.105903 0.010156 0.018750
0 0.871680 0.115278 0.012891 0.022222
0 0.860352 0.119792 0.011328 0.015972
0 0.849219 0.126042 0.011719 0.015972
0 0.850586 0.140278 0.013672 0.022222
0 0.837891 0.140625 0.018750 0.015972
0 0.843750 0.157292 0.015625 0.015972
0 0.825391 0.148264 0.012500 0.017361
0 0.817383 0.159028 0.015234 0.013889
0 0.833008 0.168056 0.012891 0.013889
0 0.819727 0.176389 0.014453 0.022222
0 0.794727 0.177778 0.014453 0.013889
0 0.785352 0.190278 0.017578 0.015278
0 0.791602 0.210764 0.018359 0.024306
0 0.779883 0.210764 0.018359 0.018750
0 0.769922 0.221181 0.018750 0.022917
0 0.757227 0.233681 0.020703 0.022917
0 0.735352 0.230903 0.019922 0.024306
0 0.741016 0.246528 0.019531 0.025000
0 0.716211 0.251389 0.020703 0.025000
0 0.725000 0.263889 0.018750 0.025000
0 0.708594 0.279514 0.022656 0.029861
0 0.694141 0.299306 0.023438 0.029167
0 0.674805 0.310417 0.027734 0.034722
0 0.655469 0.332639 0.022656 0.027778
0 0.640430 0.327431 0.021484 0.032639
0 0.656641 0.357639 0.024219 0.037500
0 0.634180 0.362153 0.026172 0.032639
0 0.617383 0.349653 0.020703 0.036806
0 0.750391 0.844792 0.035937 0.046528
