2 0.571680 0.446528 0.064453 0.109722
0 0.055469 0.193403 0.020313 0.021528
2 0.674219 0.287153 0.054688 0.060417
2 0.831641 0.370139 0.072656 0.061111
1 0.897461 0.077778 0.026953 0.045833
1 0.808594 0.177778 0.027344 0.040278
1 0.757422 0.210417 0.034375 0.036111
1 0.951758 0.041667 0.012891 0.025000
1 0.867383 0.443403 0.022266 0.046528
0 0.086133 0.204167 0.020703 0.029167
0 0.012305 0.121528 0.014453 0.026389
0 0.125391 0.205903 0.017969 0.025694
0 0.138477 0.249653 0.017578 0.027083
0 0.179688 0.282292 0.032813 0.029861
0 0.296094 0.358681 0.026562 0.025694
0 0.341016 0.370139 0.024219 0.026389
0 0.323633 0.405556 0.030859 0.036111
0 0.292383 0.396875 0.022266 0.031250
0 0.654102 0.955556 0.041016 0.061111
0 0.720313 0.974653 0.030469 0.047917
0 0.717969 0.826389 0.026562 0.061111
0 0.750977 0.849306 0.036328 0.055556
0 0.634766 0.754514 0.043750 0.056250
0 0.683594 0.792014 0.043750 0.053472
0 0.619727 0.621528 0.029297 0.050000
0 0.753516 0.616667 0.038281 0.050000
0 0.766602 0.599653 0.031641 0.040972
0 0.776563 0.584028 0.030469 0.037500
0 0.809766 0.624306 0.038281 0.043056
0 0.792969 0.643403 0.032031 0.034028
0 0.837305 0.674306 0.031641 0.036111
0 0.838477 0.627778 0.029297 0.036111
0 0.861719 0.669792 0.029687 0.032639
0 0.911719 0.704167 0.034375 0.047222
0 0.617383 0.347917 0.018359 0.036111
0 0.638672 0.324653 0.022656 0.028472
0 0.654883 0.338889 0.019141 0.023611
0 0.675391 0.309028 0.026562 0.037500
1 0.685352 0.329514 0.026172 0.031250
0 0.691797 0.296528 0.019531 0.025000
0 0.708594 0.281250 0.018750 0.025000
0 0.716016 0.251042 0.018750 0.022917
0 0.724219 0.263889 0.017969 0.023611
0 0.737500 0.269792 0.015625 0.018750
0 0.742969 0.244792 0.021094 0.020139
0 0.733594 0.232292 0.022656 0.020139
0 0.758594 0.232639 0.015625 0.023611
0 0.772266 0.219792 0.015625 0.025694
0 0.782813 0.207292 0.012500 0.020139
0 0.786133 0.188889 0.013672 0.013889
0 0.799219 0.202778 0.014844 0.020833
0 0.800391 0.179167 0.020313 0.022222
0 0.817969 0.159028 0.012500 0.011111
0 0.827344 0.146528 0.014844 0.009722
0 0.835352 0.162153 0.014453 0.014583
0 0.823438 0.174653 0.019531 0.020139
0 0.851758 0.149653 0.016016 0.015972
0 0.827344 0.143403 0.015625 0.014583
0 0.841797 0.134028 0.016406 0.015278
0 0.851758 0.124653 0.010547 0.017361
0 0.858594 0.130903 0.017969 0.022917
0 0.871875 0.112153 0.015625 0.020139
0 0.888672 0.095139 0.018750 0.013889
0 0.950977 0.072917 0.010547 0.012500
0 0.896094 0.479514 0.018750 0.032639
0 0.927344 0.415278 0.023438 0.022222
0 0.893555 0.399653 0.026172 0.032639
0 0.858008 0.360417 0.017578 0.025000
0 0.961133 0.736806 0.040234 0.050000
0 0.216016 0.952778 0.055469 0.063889
1 0.634180 0.384028 0.030078 0.030556
0 0.631055 0.357292 0.022266 0.029861
