2 0.794336 0.652431 0.084766 0.102083
2 0.793750 0.615278 0.117188 0.113889
2 0.834570 0.372917 0.055859 0.043056
2 0.681641 0.360069 0.038281 0.056250
2 0.632422 0.429167 0.053125 0.076389
2 0.966797 0.021528 0.016406 0.027778
1 0.187500 0.964236 0.057813 0.071528
0 0.063281 0.104861 0.015625 0.023611
0 0.109570 0.153125 0.016016 0.018750
0 0.191211 0.225000 0.016797 0.019444
0 0.167969 0.292014 0.021094 0.028472
0 0.192383 0.309375 0.023047 0.031250
0 0.221289 0.338542 0.021484 0.027083
0 0.217969 0.309028 0.019531 0.030556
0 0.236328 0.326736 0.020313 0.029861
0 0.254492 0.305556 0.021484 0.030556
0 0.272266 0.316667 0.022656 0.030556
0 0.257422 0.338889 0.029687 0.044444
0 0.255273 0.366667 0.019922 0.029167
0 0.253125 0.385764 0.020313 0.029861
0 0.279492 0.386111 0.021484 0.026389
0 0.283398 0.367361 0.019922 0.033333
0 0.287695 0.347917 0.020703 0.033333
0 0.294336 0.334375 0.022266 0.034028
0 0.311133 0.365278 0.023047 0.033333
0 0.318555 0.351042 0.026172 0.025694
0 0.340039 0.392361 0.027734 0.031944
0 0.302344 0.405208 0.023438 0.029861
0 0.313086 0.395139 0.023828 0.036111
0 0.337695 0.366667 0.024609 0.029167
0 0.360352 0.388542 0.023828 0.031250
0 0.323828 0.829861 0.041406 0.054167
0 0.305469 0.805556 0.047656 0.073611
0 0.306055 0.772569 0.037891 0.035417
0 0.390625 0.711806 0.034375 0.051389
0 0.423242 0.717361 0.031641 0.045833
0 0.496094 0.629861 0.032031 0.041667
0 0.498828 0.575694 0.040625 0.066667
0 0.616797 0.986111 0.039062 0.027778
0 0.718750 0.978472 0.025000 0.043056
0 0.651172 0.958681 0.033594 0.054861
0 0.636328 0.756250 0.039062 0.047222
0 0.568555 0.648958 0.037891 0.034028
0 0.751367 0.850694 0.037109 0.047222
0 0.917969 0.868056 0.039844 0.044444
0 0.988281 0.773958 0.023438 0.038194
0 0.988281 0.748958 0.023438 0.029861
0 0.948438 0.749306 0.031250 0.033333
0 0.904687 0.719097 0.035156 0.036806
0 0.908789 0.696528 0.031641 0.030556
0 0.859570 0.685764 0.044141 0.052083
0 0.821094 0.619792 0.032031 0.039583
0 0.752539 0.620139 0.016016 0.027778
0 0.717578 0.637500 0.034375 0.037500
0 0.727930 0.625694 0.030859 0.036111
0 0.894922 0.479167 0.017188 0.031944
0 0.866602 0.446181 0.019141 0.039583
0 0.925391 0.417014 0.023438 0.018750
0 0.894336 0.398611 0.024609 0.029167
0 0.856641 0.363889 0.020313 0.023611
0 0.643750 0.373264 0.021094 0.027083
0 0.753320 0.316319 0.016797 0.024306
1 0.764062 0.204861 0.019531 0.034722
0 0.774219 0.218750 0.016406 0.018056
0 0.833789 0.196181 0.012109 0.021528
0 0.871289 0.123611 0.010547 0.019444
0 0.892969 0.134722 0.011719 0.018056
0 0.895508 0.098611 0.013672 0.019444
0 0.955859 0.085764 0.012500 0.018750
0 0.982227 0.041667 0.008984 0.015278
0 0.943750 0.042014 0.010156 0.014583
