2 0.606445 0.457292 0.079297 0.072917
2 0.791992 0.617708 0.130078 0.118750
2 0.830078 0.371181 0.068750 0.056250
2 0.801758 0.161458 0.032422 0.056250
2 0.093945 0.939236 0.079297 0.097917
1 0.470117 0.476389 0.059766 0.063889
1 0.343555 0.806250 0.050391 0.069444
1 0.652539 0.311806 0.050391 0.059722
1 0.646484 0.330556 0.039844 0.061111
1 0.660352 0.350000 0.032422 0.052778
1 0.717187 0.244792 0.028906 0.045139
0 0.204297 0.263542 0.019531 0.027083
0 0.260937 0.312500 0.020313 0.027778
0 0.302539 0.342708 0.021484 0.028472
0 0.339258 0.376736 0.026172 0.038194
0 0.384570 0.410417 0.028516 0.029167
0 0.408203 0.450347 0.028906 0.036806
0 0.431445 0.441667 0.027734 0.036111
0 0.534570 0.472222 0.034766 0.029167
0 0.531836 0.532639 0.040234 0.029167
0 0.480078 0.551389 0.035156 0.036111
0 0.593164 0.615278 0.028516 0.043056
0 0.632617 0.581944 0.036328 0.036111
0 0.378125 0.696875 0.035156 0.042361
0 0.395703 0.713194 0.035156 0.045833
0 0.414258 0.728819 0.033203 0.043750
0 0.381055 0.766319 0.033984 0.042361
0 0.363477 0.750694 0.036328 0.040278
0 0.294922 0.822222 0.036719 0.045833
0 0.192578 0.937153 0.038281 0.054861
0 0.233594 0.932292 0.042188 0.052083
0 0.636328 0.756597 0.041406 0.049306
0 0.681641 0.768750 0.028906 0.066667
0 0.750391 0.849653 0.040625 0.042361
0 0.542188 0.981944 0.046094 0.036111
0 0.614844 0.985764 0.047656 0.028472
0 0.651758 0.955556 0.034766 0.058333
0 0.619336 0.911458 0.036328 0.065972
0 0.715625 0.976736 0.028906 0.046528
0 0.821094 0.620833 0.032813 0.040278
0 0.736914 0.540972 0.034766 0.034722
0 0.701562 0.512500 0.027344 0.036111
0 0.894922 0.480556 0.019531 0.034722
0 0.925195 0.415972 0.023047 0.029167
0 0.894336 0.396528 0.026172 0.030556
0 0.868555 0.447917 0.020703 0.043056
0 0.856836 0.362153 0.025391 0.024306
0 0.791016 0.368750 0.027344 0.033333
0 0.715039 0.330208 0.019141 0.025694
0 0.717578 0.365625 0.018750 0.027083
0 0.768555 0.301042 0.021484 0.025694
0 0.804883 0.230208 0.016797 0.027083
0 0.638867 0.375347 0.023828 0.043750
0 0.623047 0.370139 0.022656 0.029167
0 0.609570 0.360764 0.016797 0.025694
0 0.623633 0.340972 0.021484 0.037500
0 0.684180 0.330208 0.019141 0.032639
0 0.670898 0.316667 0.017578 0.027778
0 0.707227 0.304167 0.022266 0.036111
0 0.688281 0.301736 0.021094 0.028472
0 0.677930 0.287153 0.019922 0.027083
0 0.725195 0.287153 0.019922 0.027083
0 0.707227 0.280208 0.026172 0.027083
0 0.697852 0.268056 0.020703 0.025000
0 0.737695 0.267014 0.017578 0.027083
0 0.756055 0.251736 0.019922 0.029861
0 0.736328 0.231250 0.019531 0.025000
0 0.771094 0.232986 0.014063 0.025694
0 0.782617 0.213194 0.015234 0.022222
0 0.799219 0.193750 0.015625 0.023611
0 0.813672 0.184375 0.011719 0.020139
0 0.830078 0.165625 0.013281 0.021528
0 0.831641 0.146528 0.016406 0.023611
0 0.969922 0.025694 0.011719 0.016667
