2 0.792773 0.614236 0.119141 0.118750
1 0.604102 0.378819 0.037109 0.064583
1 0.647461 0.309375 0.041797 0.064583
1 0.770508 0.351736 0.031641 0.046528
1 0.717578 0.245486 0.024219 0.039583
1 0.345898 0.807292 0.041797 0.074306
1 0.118164 0.963542 0.114453 0.072917
1 0.233008 0.873958 0.076172 0.102083
1 0.763477 0.201736 0.036328 0.057639
1 0.832422 0.370486 0.062500 0.057639
0 0.070703 0.187847 0.015625 0.027083
0 0.302734 0.405208 0.022656 0.031250
0 0.359375 0.389583 0.029687 0.036111
0 0.192578 0.979861 0.038281 0.040278
0 0.232031 0.933333 0.042188 0.033333
0 0.289258 0.834375 0.033203 0.043750
0 0.293359 0.867361 0.038281 0.037500
0 0.325391 0.790625 0.035937 0.043750
0 0.363867 0.749653 0.033984 0.042361
0 0.385352 0.765278 0.030078 0.041667
0 0.400781 0.707639 0.033594 0.041667
0 0.414648 0.729167 0.033203 0.044444
0 0.541211 0.982986 0.047266 0.034028
0 0.616016 0.984375 0.042188 0.031250
0 0.619336 0.910069 0.030859 0.064583
0 0.651367 0.956944 0.033203 0.063889
0 0.715820 0.977083 0.025391 0.045833
0 0.750391 0.850347 0.039062 0.049306
0 0.653906 0.849306 0.033594 0.073611
0 0.680469 0.803819 0.019531 0.060417
0 0.703125 0.723264 0.034375 0.050694
0 0.636719 0.756597 0.039844 0.053472
0 0.626758 0.678125 0.029297 0.052083
0 0.940820 0.737153 0.047266 0.063194
0 0.858984 0.690278 0.041406 0.050000
0 0.821484 0.620833 0.032031 0.047222
0 0.766211 0.560417 0.036328 0.034722
0 0.895312 0.483333 0.022656 0.036111
0 0.926172 0.418750 0.022656 0.029167
0 0.894336 0.397917 0.029297 0.030556
0 0.869141 0.443403 0.014844 0.046528
0 0.859766 0.361806 0.025000 0.027778
0 0.789844 0.340278 0.017188 0.030556
0 0.575781 0.519444 0.020313 0.047222
0 0.559180 0.437500 0.027734 0.034722
0 0.560937 0.409722 0.018750 0.025000
0 0.663281 0.356250 0.024219 0.033333
0 0.653125 0.337847 0.021875 0.028472
0 0.680469 0.309722 0.021094 0.030556
0 0.675781 0.289583 0.018750 0.027778
0 0.694922 0.275000 0.017969 0.030556
0 0.700391 0.287500 0.017188 0.029167
0 0.732812 0.277778 0.015625 0.027778
0 0.727539 0.259722 0.019141 0.026389
0 0.737109 0.232292 0.019531 0.025694
0 0.789453 0.254861 0.016406 0.025000
0 0.785547 0.217708 0.018750 0.022917
0 0.786523 0.191667 0.016797 0.026389
0 0.796289 0.179514 0.015234 0.021528
0 0.802734 0.188194 0.017188 0.027778
0 0.830078 0.167361 0.014844 0.023611
0 0.834961 0.142014 0.016016 0.029861
0 0.850781 0.147569 0.015625 0.018750
0 0.849609 0.132292 0.013281 0.014583
0 0.859375 0.120139 0.011719 0.022222
0 0.937109 0.061806 0.012500 0.026389
0 0.937500 0.103819 0.011719 0.020139
