2 0.763086 0.631944 0.087109 0.097222
2 0.358984 0.780556 0.084375 0.120833
2 0.299414 0.806944 0.086328 0.120833
2 0.041797 0.090972 0.034375 0.044444
1 0.317578 0.294444 0.033594 0.041667
1 0.228320 0.895486 0.051953 0.075694
1 0.621289 0.338194 0.028516 0.050000
2 0.838477 0.375694 0.050391 0.044444
0 0.054492 0.113542 0.015234 0.018750
0 0.075586 0.119444 0.013672 0.016667
0 0.175000 0.213194 0.018750 0.019444
0 0.215039 0.213194 0.017578 0.020833
0 0.317188 0.353125 0.021875 0.028472
0 0.340430 0.370833 0.021484 0.033333
0 0.361328 0.385417 0.023438 0.033333
0 0.387500 0.406597 0.027344 0.036806
0 0.383789 0.426042 0.021484 0.035417
0 0.404687 0.442014 0.023438 0.038194
0 0.413477 0.424306 0.025391 0.031944
0 0.439648 0.448264 0.028516 0.036806
0 0.437500 0.470486 0.032031 0.038194
0 0.157227 0.977778 0.042578 0.044444
0 0.377539 0.695139 0.031641 0.041667
0 0.415820 0.691667 0.033203 0.043056
0 0.416992 0.728472 0.034766 0.038889
0 0.716211 0.976389 0.023047 0.047222
0 0.626953 0.988194 0.025000 0.023611
0 0.648633 0.958681 0.034766 0.057639
0 0.636328 0.754514 0.039844 0.049306
0 0.750977 0.850694 0.037891 0.050000
0 0.723242 0.645833 0.036328 0.036111
0 0.781250 0.573611 0.032031 0.038889
0 0.699219 0.505556 0.026562 0.037500
0 0.661133 0.599306 0.033203 0.037500
0 0.612891 0.568750 0.036719 0.040278
0 0.602930 0.537153 0.037109 0.035417
0 0.924219 0.415278 0.021875 0.023611
0 0.894531 0.397917 0.024219 0.027778
0 0.894922 0.478472 0.020313 0.030556
0 0.869336 0.445139 0.019922 0.036111
0 0.857227 0.362153 0.022266 0.028472
0 0.992578 0.005556 0.007031 0.009722
0 0.921484 0.072569 0.014063 0.015972
0 0.885352 0.098958 0.012891 0.018750
0 0.847656 0.184028 0.015625 0.019444
0 0.786328 0.211806 0.015625 0.020833
0 0.791211 0.272222 0.018359 0.026389
0 0.712500 0.275694 0.018750 0.026389
0 0.727148 0.286111 0.018359 0.026389
0 0.687695 0.282639 0.016797 0.025000
0 0.696680 0.286458 0.017578 0.027083
0 0.696094 0.312153 0.023438 0.032639
0 0.668359 0.292708 0.016406 0.021528
0 0.679297 0.309375 0.020313 0.027083
0 0.679492 0.332292 0.021484 0.025694
0 0.658203 0.309028 0.018750 0.023611
0 0.662305 0.328472 0.019141 0.026389
0 0.659961 0.352431 0.022266 0.028472
0 0.634570 0.349306 0.023828 0.036111
0 0.642383 0.373958 0.021484 0.031250
