2 0.675391 0.280903 0.052344 0.046528
2 0.375977 0.759028 0.067578 0.077778
2 0.831641 0.368403 0.066406 0.070139
1 0.716797 0.696528 0.053906 0.055556
1 0.892969 0.079167 0.021875 0.037500
1 0.864258 0.132292 0.019141 0.031250
1 0.792969 0.192014 0.020313 0.031250
1 0.754883 0.207639 0.031641 0.029167
1 0.115430 0.243403 0.026172 0.042361
0 0.102344 0.189931 0.021875 0.024306
0 0.086719 0.203125 0.015625 0.027083
0 0.187891 0.268750 0.019531 0.025000
0 0.231055 0.282292 0.026172 0.032639
0 0.209180 0.302778 0.020703 0.029167
0 0.191211 0.312153 0.020703 0.027083
0 0.235547 0.322917 0.027344 0.037500
0 0.223633 0.341667 0.019141 0.025000
0 0.256055 0.346181 0.018359 0.024306
0 0.275586 0.359375 0.023828 0.031250
0 0.266797 0.376042 0.025781 0.031250
0 0.322266 0.357639 0.025000 0.034722
0 0.348438 0.374653 0.015625 0.027083
0 0.333594 0.387500 0.023438 0.029167
0 0.323047 0.397917 0.025781 0.026389
0 0.308594 0.411806 0.027344 0.038889
0 0.397266 0.360417 0.024219 0.036111
0 0.329102 0.667014 0.035547 0.040972
0 0.405469 0.696528 0.034375 0.040278
0 0.426758 0.712153 0.033984 0.039583
0 0.298438 0.859028 0.035937 0.037500
0 0.586719 0.446875 0.021094 0.036806
0 0.632422 0.621528 0.031250 0.055556
0 0.684180 0.799653 0.042578 0.053472
0 0.634766 0.755903 0.035156 0.046528
0 0.651758 0.957639 0.037891 0.052778
0 0.714844 0.975000 0.031250 0.050000
0 0.750977 0.847917 0.033203 0.036111
0 0.792188 0.640278 0.032031 0.037500
0 0.753516 0.613542 0.032031 0.043750
0 0.767188 0.602431 0.031250 0.036806
0 0.774805 0.585764 0.030859 0.034028
0 0.808594 0.623264 0.039062 0.047917
0 0.819727 0.613542 0.030078 0.032639
0 0.836133 0.671528 0.030078 0.037500
0 0.857227 0.662153 0.027734 0.042361
0 0.912891 0.704167 0.044531 0.054167
0 0.894922 0.480903 0.018750 0.036806
0 0.869727 0.446528 0.017578 0.051389
0 0.926758 0.413542 0.020703 0.028472
0 0.893555 0.396875 0.025391 0.031250
0 0.858008 0.361806 0.026172 0.031944
0 0.772852 0.273264 0.021484 0.018750
0 0.601172 0.362153 0.020313 0.031250
0 0.629102 0.367014 0.025391 0.029861
0 0.637305 0.326042 0.017578 0.020139
0 0.651172 0.339931 0.017969 0.027083
0 0.672266 0.312500 0.027344 0.037500
0 0.690430 0.295139 0.016016 0.026389
0 0.708008 0.278125 0.019141 0.022917
0 0.716016 0.252431 0.017188 0.017361
0 0.723047 0.265278 0.014063 0.018056
0 0.735352 0.230903 0.014453 0.021528
0 0.738086 0.246875 0.016797 0.018750
0 0.755469 0.235417 0.018750 0.023611
0 0.766602 0.222917 0.013672 0.013889
0 0.781055 0.194792 0.018359 0.018750
0 0.802930 0.170139 0.014453 0.016667
0 0.809180 0.190625 0.012891 0.017361
0 0.814844 0.161806 0.014063 0.018056
0 0.825391 0.149653 0.014844 0.017361
0 0.842969 0.150000 0.014844 0.019444
0 0.823438 0.171875 0.015625 0.017361
0 0.851172 0.124306 0.011719 0.015278
0 0.886133 0.109375 0.012109 0.018750
0 0.877344 0.102778 0.014063 0.012500
0 0.869727 0.112500 0.012891 0.013889
0 0.901563 0.101389 0.007812 0.008333
0 0.913672 0.069792 0.010937 0.014583
0 0.923633 0.074653 0.011328 0.015972
0 0.930469 0.052778 0.011719 0.016667
0 0.941797 0.041667 0.010156 0.013889
0 0.956641 0.037500 0.008594 0.015278
0 0.968555 0.026389 0.008984 0.013889
1 0.952539 0.903472 0.057422 0.083333
0 0.173242 0.988194 0.051953 0.023611
0 0.347461 0.761806 0.041016 0.054167
