2 0.794922 0.617708 0.117188 0.125694
2 0.829492 0.371528 0.066016 0.052778
1 0.892578 0.425694 0.039062 0.052778
1 0.649219 0.328125 0.034375 0.056250
1 0.651953 0.300347 0.042188 0.056250
2 0.764062 0.199306 0.037500 0.059722
2 0.124219 0.964236 0.098437 0.071528
2 0.230664 0.872222 0.086328 0.102778
1 0.595313 0.586458 0.043750 0.075694
1 0.717969 0.242361 0.030469 0.045833
1 0.955664 0.079514 0.018359 0.031250
0 0.135156 0.261458 0.016406 0.022917
0 0.359766 0.385417 0.025781 0.034722
0 0.464648 0.415972 0.026172 0.034722
0 0.194531 0.980208 0.039062 0.039583
0 0.233594 0.932639 0.042188 0.029167
0 0.288477 0.836458 0.034766 0.045139
0 0.294531 0.866667 0.039062 0.036111
0 0.325195 0.787153 0.034766 0.042361
1 0.347461 0.802083 0.048828 0.066667
0 0.362891 0.747917 0.034375 0.041667
0 0.384180 0.771181 0.035547 0.047917
0 0.395898 0.714236 0.037891 0.046528
0 0.416211 0.728472 0.031641 0.037500
0 0.580859 0.513889 0.019531 0.044444
0 0.657422 0.662153 0.035937 0.054861
0 0.542773 0.981944 0.042578 0.034722
0 0.616406 0.986458 0.044531 0.027083
0 0.652148 0.958681 0.033203 0.065972
0 0.717773 0.975000 0.023047 0.050000
0 0.618945 0.910417 0.034766 0.068056
0 0.653906 0.849306 0.033594 0.073611
0 0.681641 0.790972 0.023438 0.061111
0 0.635938 0.756250 0.041406 0.061111
0 0.748828 0.849653 0.035937 0.047917
0 0.821484 0.624653 0.035156 0.049306
0 0.729297 0.533333 0.035937 0.043056
0 0.922852 0.487500 0.023047 0.036111
0 0.924219 0.415972 0.021875 0.026389
0 0.894531 0.479167 0.017969 0.033333
0 0.891992 0.397917 0.023047 0.036111
0 0.868359 0.443403 0.017969 0.043750
0 0.858203 0.362500 0.023438 0.031944
0 0.790234 0.342361 0.017969 0.034722
0 0.640039 0.370833 0.023828 0.033333
0 0.623047 0.369792 0.021875 0.035417
0 0.610352 0.362500 0.019922 0.031944
0 0.623828 0.338889 0.020313 0.038889
0 0.676953 0.341667 0.022656 0.033333
0 0.673047 0.317361 0.021094 0.034722
0 0.676172 0.287153 0.014844 0.025694
0 0.687500 0.301389 0.021094 0.033333
0 0.696484 0.275694 0.022656 0.034722
0 0.703906 0.286458 0.016406 0.027083
0 0.716602 0.290278 0.016797 0.031944
0 0.727930 0.259028 0.018359 0.022222
0 0.738086 0.230903 0.021484 0.028472
0 0.753516 0.254167 0.016406 0.026389
0 0.766797 0.237500 0.019531 0.027778
0 0.786133 0.192708 0.016016 0.024306
0 0.800781 0.194792 0.016406 0.025694
0 0.810937 0.224306 0.015625 0.025000
0 0.811328 0.184375 0.011719 0.022917
0 0.825977 0.170833 0.014453 0.022222
0 0.822070 0.153472 0.009766 0.019444
0 0.834180 0.159028 0.016016 0.030556
0 0.835352 0.134375 0.013672 0.015972
0 0.847070 0.151389 0.011328 0.020833
0 0.847852 0.133681 0.012891 0.020139
0 0.856445 0.139236 0.010547 0.015972
0 0.843555 0.190278 0.016797 0.026389
0 0.884180 0.163542 0.012109 0.021528
0 0.901563 0.129514 0.017969 0.022917
0 0.922461 0.108681 0.016797 0.018750
0 0.983008 0.053819 0.009766 0.015972
0 0.982227 0.037847 0.009766 0.018750
0 0.993945 0.027431 0.010547 0.018750
