2 0.795703 0.656597 0.089063 0.097917
2 0.299414 0.847569 0.094141 0.111806
2 0.300391 0.802778 0.088281 0.112500
2 0.306445 0.272222 0.062891 0.076389
0 0.041211 0.116319 0.015234 0.017361
0 0.149414 0.180208 0.014453 0.018750
0 0.263281 0.260417 0.026562 0.031944
0 0.320508 0.276042 0.020703 0.027083
0 0.284375 0.327431 0.022656 0.027083
0 0.310352 0.348611 0.023828 0.034722
0 0.344531 0.373611 0.022656 0.033333
0 0.375586 0.397917 0.027734 0.031944
0 0.314844 0.317361 0.025000 0.025000
0 0.408008 0.423958 0.030078 0.036806
0 0.438477 0.445833 0.029297 0.034722
0 0.407813 0.382986 0.024219 0.029861
0 0.441992 0.374653 0.025391 0.027083
0 0.489258 0.431597 0.030859 0.036806
0 0.536133 0.439583 0.023828 0.027778
0 0.341211 0.414236 0.023828 0.032639
0 0.381641 0.424306 0.025781 0.036111
0 0.405664 0.442708 0.025391 0.035417
0 0.437695 0.471528 0.034766 0.041667
0 0.403125 0.461111 0.028125 0.037500
0 0.426758 0.502083 0.033203 0.044444
0 0.330664 0.430208 0.025391 0.036806
0 0.499414 0.598958 0.033984 0.039583
0 0.515234 0.577083 0.035156 0.045833
0 0.378906 0.692014 0.035156 0.042361
0 0.417969 0.727778 0.034375 0.037500
0 0.416211 0.693750 0.032422 0.043056
0 0.373047 0.737153 0.035156 0.038194
0 0.201758 0.924653 0.057422 0.089583
0 0.600586 0.537153 0.033984 0.034028
0 0.617383 0.571181 0.034766 0.038194
0 0.590430 0.610069 0.037891 0.046528
0 0.652734 0.524306 0.035937 0.034722
0 0.673828 0.562500 0.033594 0.034722
0 0.661133 0.599653 0.033984 0.029861
0 0.717578 0.521875 0.028906 0.029861
0 0.636523 0.755208 0.045703 0.045139
0 0.694141 0.703819 0.042969 0.040972
0 0.649023 0.957639 0.043359 0.056944
0 0.627539 0.989236 0.024609 0.021528
0 0.716211 0.977083 0.023047 0.045833
0 0.750391 0.851389 0.041406 0.043056
0 0.832812 0.829167 0.042188 0.043056
0 0.830469 0.777083 0.053125 0.076389
0 0.950586 0.866667 0.037109 0.054167
0 0.876367 0.692361 0.047266 0.055556
0 0.893750 0.478819 0.017969 0.031250
0 0.925586 0.416667 0.021484 0.025000
0 0.893750 0.396181 0.026562 0.031250
0 0.867578 0.446528 0.016406 0.047222
0 0.857812 0.363542 0.025000 0.034028
2 0.838672 0.377431 0.050000 0.043750
0 0.681055 0.332292 0.019922 0.032639
0 0.989648 0.045486 0.012109 0.022917
0 0.941992 0.042708 0.013672 0.015972
0 0.858984 0.140278 0.012500 0.019444
0 0.787305 0.189236 0.015234 0.021528
0 0.773633 0.211458 0.015234 0.018750
0 0.735156 0.236458 0.017188 0.027083
0 0.726562 0.255903 0.016406 0.028472
0 0.720313 0.284722 0.021094 0.034722
0 0.691016 0.275694 0.017969 0.023611
0 0.661914 0.325347 0.017578 0.028472
0 0.661328 0.352431 0.020313 0.022917
0 0.642773 0.373958 0.022266 0.025694
0 0.634961 0.351736 0.024609 0.034028
0 0.642773 0.318056 0.025391 0.043056
0 0.680859 0.309375 0.021875 0.028472
0 0.758203 0.670833 0.035156 0.037500
0 0.858008 0.622222 0.033984 0.034722
