2 0.277148 0.332639 0.055078 0.077778
2 0.589258 0.352431 0.057422 0.067361
2 0.891016 0.101736 0.023438 0.032639
2 0.827734 0.371528 0.075000 0.059722
2 0.721680 0.639931 0.071484 0.081250
1 0.240820 0.303819 0.036328 0.056250
1 0.174805 0.292708 0.026953 0.038194
1 0.199414 0.312500 0.022266 0.027778
2 0.777539 0.282986 0.049609 0.074306
1 0.891016 0.069792 0.025000 0.038194
1 0.732422 0.524306 0.052344 0.061111
1 0.659961 0.344792 0.027734 0.039583
0 0.191406 0.289236 0.021094 0.028472
0 0.212695 0.306944 0.023828 0.034722
0 0.234180 0.322917 0.028516 0.038889
0 0.242969 0.359722 0.021875 0.031944
0 0.254883 0.343750 0.020703 0.030556
0 0.276758 0.359028 0.017578 0.023611
0 0.266406 0.372222 0.027344 0.037500
0 0.255469 0.387153 0.022656 0.032639
0 0.295312 0.378472 0.021094 0.023611
0 0.306055 0.409375 0.026172 0.042361
0 0.321680 0.401042 0.026172 0.034028
0 0.335352 0.390625 0.023828 0.029861
0 0.349219 0.379514 0.024219 0.029861
0 0.324805 0.358681 0.025391 0.028472
0 0.311133 0.368403 0.022266 0.024306
0 0.305078 0.339583 0.015625 0.025000
0 0.512891 0.477083 0.028906 0.043056
0 0.441406 0.570833 0.034375 0.047222
0 0.357031 0.619792 0.032813 0.042361
0 0.378125 0.698958 0.033594 0.049306
0 0.261328 0.740972 0.046094 0.065278
0 0.028711 0.969444 0.040234 0.050000
0 0.096289 0.930208 0.044141 0.057639
0 0.717578 0.976042 0.032031 0.047917
0 0.652734 0.957986 0.036719 0.057639
0 0.619727 0.914583 0.040234 0.058333
0 0.661719 0.842361 0.032031 0.068056
0 0.636133 0.755556 0.042578 0.065278
0 0.748437 0.849653 0.041406 0.049306
0 0.969531 0.810417 0.039062 0.048611
0 0.964258 0.731944 0.034766 0.047222
0 0.932813 0.739583 0.035156 0.048611
0 0.906055 0.699653 0.037109 0.046528
0 0.886719 0.711806 0.034375 0.044444
0 0.883203 0.656597 0.032813 0.040972
0 0.854102 0.664583 0.033203 0.041667
0 0.835352 0.672917 0.033203 0.043056
0 0.820312 0.617361 0.033594 0.040278
0 0.806836 0.629514 0.040234 0.049306
0 0.789648 0.637500 0.033203 0.031944
0 0.784570 0.658681 0.034766 0.045139
0 0.800781 0.696181 0.042188 0.043750
0 0.754687 0.619097 0.035937 0.040972
0 0.764258 0.600694 0.033984 0.036111
0 0.774023 0.583681 0.039453 0.036806
0 0.895898 0.481597 0.025391 0.040972
0 0.924609 0.414583 0.026562 0.033333
0 0.895117 0.397569 0.026953 0.031250
0 0.868555 0.446181 0.018359 0.042361
0 0.855273 0.360764 0.022266 0.029861
0 0.704492 0.372569 0.022266 0.031250
0 0.662500 0.306597 0.025781 0.035417
0 0.684570 0.331250 0.022266 0.034722
0 0.638672 0.375000 0.028125 0.047222
0 0.694727 0.296875 0.024609 0.031250
0 0.762305 0.217014 0.023047 0.029861
0 0.795703 0.183681 0.020313 0.032639
0 0.813867 0.162500 0.015234 0.029167
0 0.835547 0.160764 0.019531 0.025694
0 0.855273 0.171528 0.016797 0.027778
0 0.879687 0.162500 0.021094 0.034722
0 0.858789 0.122917 0.016016 0.020833
0 0.874805 0.123958 0.013672 0.020139
0 0.903320 0.124653 0.014453 0.021528
0 0.909570 0.089931 0.013672 0.018750
0 0.960742 0.035069 0.015234 0.021528
0 0.962891 0.061806 0.010937 0.022222
