0 0.021094 0.147917 0.014844 0.025000
0 0.042383 0.146875 0.016797 0.018750
0 0.073633 0.204514 0.020703 0.020139
0 0.116797 0.209028 0.017969 0.025000
0 0.168555 0.243056 0.020703 0.027778
0 0.156641 0.282292 0.017969 0.032639
0 0.173633 0.275000 0.016016 0.022222
0 0.228125 0.316667 0.031250 0.037500
0 0.256641 0.346875 0.022656 0.031250
0 0.276758 0.356250 0.016016 0.022222
0 0.268555 0.376389 0.021484 0.025000
0 0.324219 0.360764 0.023438 0.028472
0 0.350586 0.377778 0.026172 0.034722
0 0.335352 0.390625 0.030078 0.031250
0 0.321094 0.401042 0.025000 0.036806
0 0.299805 0.379514 0.023047 0.031250
0 0.307227 0.410764 0.033203 0.040972
0 0.469922 0.455556 0.021094 0.037500
0 0.397266 0.555903 0.021875 0.052083
0 0.317969 0.798264 0.038281 0.040972
0 0.406055 0.696528 0.032422 0.041667
0 0.423438 0.711806 0.028125 0.033333
2 0.374805 0.770139 0.062109 0.076389
1 0.602344 0.590278 0.041406 0.062500
1 0.794922 0.193750 0.021875 0.036111
1 0.894141 0.077431 0.020313 0.029861
1 0.873047 0.121528 0.015625 0.025000
1 0.756641 0.210764 0.027344 0.028472
1 0.768555 0.759028 0.049609 0.061111
2 0.672852 0.284375 0.048828 0.042361
2 0.831641 0.369792 0.066406 0.057639
2 0.904297 0.834028 0.134375 0.136111
0 0.924805 0.413889 0.022266 0.023611
0 0.574805 0.516667 0.024609 0.050000
0 0.651758 0.952431 0.033203 0.071528
0 0.717969 0.977778 0.028125 0.044444
0 0.684961 0.790278 0.042578 0.058333
0 0.635352 0.756250 0.044141 0.050000
0 0.752930 0.848264 0.037109 0.053472
0 0.776563 0.586806 0.040625 0.048611
0 0.766602 0.601389 0.033984 0.037500
0 0.749805 0.617014 0.041016 0.046528
0 0.787891 0.640625 0.028906 0.043750
0 0.807422 0.625000 0.033594 0.050000
0 0.823633 0.615625 0.026172 0.039583
0 0.833594 0.672917 0.035156 0.050000
0 0.856641 0.662153 0.031250 0.042361
0 0.911719 0.704514 0.035156 0.045139
0 0.963477 0.734028 0.033203 0.040278
0 0.893555 0.480903 0.018359 0.035417
0 0.868555 0.445139 0.016016 0.052778
0 0.892383 0.401042 0.027734 0.031250
0 0.700391 0.360417 0.022656 0.036111
0 0.614258 0.346875 0.023047 0.034028
0 0.631055 0.363542 0.022266 0.034028
0 0.638477 0.324653 0.020703 0.029861
0 0.652930 0.338542 0.018359 0.032639
0 0.667188 0.348264 0.021094 0.031250
0 0.706836 0.279167 0.023828 0.030556
0 0.714844 0.252431 0.014844 0.020139
0 0.723633 0.263542 0.017578 0.021528
0 0.738477 0.251389 0.019141 0.025000
0 0.735938 0.232639 0.016406 0.025000
0 0.755469 0.234028 0.017188 0.023611
0 0.765430 0.222917 0.014453 0.025000
0 0.774805 0.215625 0.014453 0.018750
0 0.779883 0.196181 0.016797 0.022917
0 0.804883 0.171528 0.014453 0.016667
0 0.816797 0.160764 0.012500 0.018750
0 0.825977 0.148264 0.011328 0.015972
0 0.837891 0.138889 0.011719 0.018056
0 0.850977 0.126042 0.011328 0.017361
0 0.860938 0.118750 0.007812 0.022222
0 0.883594 0.096528 0.010937 0.013889
0 0.896094 0.101389 0.007812 0.012500
0 0.884766 0.109375 0.009375 0.013194
0 0.841602 0.152778 0.013672 0.022222
0 0.826758 0.167014 0.017578 0.017361
0 0.815430 0.184028 0.013672 0.022222
0 0.929102 0.055556 0.011328 0.012500
0 0.945508 0.055903 0.009766 0.010417
0 0.944336 0.037153 0.007422 0.014583
0 0.959180 0.027431 0.008203 0.011806
0 0.975391 0.019792 0.007031 0.014583
0 0.983008 0.013889 0.008984 0.012500
0 0.173633 0.988194 0.048828 0.023611
