2 0.622656 0.626042 0.096875 0.136806
2 0.672266 0.288194 0.051562 0.055556
2 0.831055 0.372222 0.072266 0.063889
1 0.894922 0.077431 0.022656 0.039583
1 0.801367 0.184375 0.026172 0.038194
2 0.226367 0.932292 0.068359 0.082639
0 0.066211 0.169792 0.013672 0.024306
0 0.056250 0.196181 0.016406 0.027083
0 0.082617 0.202083 0.016797 0.033333
0 0.120313 0.231597 0.027344 0.046528
0 0.204687 0.302431 0.020313 0.031250
0 0.193555 0.314236 0.025391 0.034028
0 0.252539 0.342708 0.026172 0.036806
0 0.281445 0.323958 0.021484 0.036806
0 0.351367 0.378472 0.029297 0.034722
0 0.335938 0.389583 0.028906 0.033333
0 0.322656 0.401736 0.028125 0.036806
0 0.308398 0.409722 0.025391 0.034722
0 0.385547 0.696181 0.039062 0.045139
0 0.417969 0.723264 0.037500 0.053472
0 0.573438 0.526042 0.027344 0.054861
0 0.595117 0.432986 0.030078 0.050694
0 0.634766 0.755208 0.044531 0.063194
0 0.683008 0.795833 0.045703 0.056944
0 0.751563 0.846875 0.043750 0.052083
0 0.837109 0.840972 0.046875 0.054167
0 0.654687 0.955903 0.038281 0.057639
0 0.720313 0.975000 0.038281 0.050000
0 0.964453 0.736111 0.042188 0.051389
0 0.915234 0.844444 0.039062 0.061111
0 0.912305 0.703819 0.037109 0.046528
0 0.859766 0.668403 0.038281 0.045139
0 0.837891 0.674653 0.035156 0.046528
0 0.821289 0.616319 0.034766 0.045139
0 0.808789 0.627083 0.044922 0.048611
0 0.791016 0.645833 0.032813 0.045833
0 0.774023 0.584722 0.033984 0.041667
0 0.766602 0.600694 0.035547 0.038889
0 0.754297 0.618750 0.038281 0.047222
0 0.736719 0.541667 0.035937 0.044444
0 0.892969 0.479167 0.018750 0.037500
0 0.924219 0.413194 0.020313 0.031944
0 0.892578 0.397569 0.029687 0.034028
0 0.949219 0.048611 0.009375 0.018056
0 0.970117 0.015625 0.008984 0.017361
0 0.917578 0.064583 0.007031 0.013889
0 0.925781 0.071181 0.011719 0.014583
0 0.902344 0.090972 0.011719 0.022222
0 0.880273 0.106597 0.016797 0.018750
0 0.870117 0.114583 0.013672 0.018056
0 0.860938 0.119792 0.012500 0.021528
0 0.851953 0.125694 0.012500 0.019444
0 0.850977 0.142361 0.016797 0.018056
0 0.836914 0.137847 0.013672 0.015972
0 0.827148 0.148958 0.016016 0.017361
0 0.832031 0.162500 0.015625 0.019444
0 0.817969 0.159028 0.016406 0.012500
0 0.807813 0.167361 0.011719 0.015278
0 0.818750 0.179167 0.014844 0.020833
0 0.783594 0.189583 0.014844 0.027778
0 0.789062 0.215278 0.011719 0.018056
0 0.779297 0.212153 0.013281 0.017361
1 0.756836 0.209375 0.030859 0.029861
0 0.767188 0.221875 0.016406 0.017361
0 0.755859 0.237500 0.015625 0.020833
0 0.735352 0.232986 0.017578 0.017361
0 0.740234 0.247222 0.017188 0.019444
0 0.715039 0.249306 0.017578 0.022222
0 0.722656 0.262847 0.021094 0.025694
0 0.708984 0.282986 0.021094 0.024306
0 0.673047 0.309722 0.027344 0.033333
0 0.693945 0.298611 0.024609 0.027778
0 0.638281 0.328125 0.026562 0.027083
0 0.654102 0.338889 0.025391 0.027778
0 0.638867 0.374306 0.025391 0.026389
0 0.634961 0.359722 0.029297 0.027778
0 0.617188 0.348958 0.023438 0.031250
