1 0.589648 0.472569 0.056641 0.057639
2 0.713867 0.352778 0.044922 0.069444
2 0.776953 0.185069 0.033594 0.057639
2 0.793359 0.618056 0.120313 0.120833
2 0.830078 0.373611 0.064844 0.054167
1 0.716602 0.245486 0.027734 0.039583
1 0.650977 0.301736 0.036328 0.056250
1 0.648242 0.333681 0.034766 0.057639
1 0.660937 0.346181 0.029687 0.049306
1 0.345898 0.804167 0.045703 0.076389
0 0.264648 0.312500 0.029297 0.034722
0 0.308008 0.350347 0.023828 0.028472
0 0.347266 0.378472 0.022656 0.030556
0 0.390430 0.414931 0.024609 0.034028
0 0.470508 0.464236 0.033984 0.031250
0 0.525000 0.492708 0.035937 0.028472
0 0.548828 0.465278 0.032813 0.029167
0 0.456250 0.575000 0.039062 0.037500
0 0.339453 0.666319 0.032813 0.050694
0 0.381250 0.611111 0.035156 0.047222
0 0.178711 0.986458 0.049609 0.027083
0 0.228516 0.940278 0.039062 0.036111
0 0.288477 0.834028 0.037891 0.045833
0 0.292383 0.865278 0.040234 0.044444
0 0.325391 0.789583 0.035937 0.041667
0 0.362500 0.751736 0.032031 0.043750
0 0.381055 0.768750 0.033984 0.047222
0 0.414648 0.731250 0.033984 0.045833
0 0.394336 0.715278 0.033984 0.047222
0 0.375977 0.694792 0.033984 0.035417
0 0.542969 0.982292 0.045312 0.035417
0 0.613867 0.985069 0.047266 0.029861
0 0.715820 0.977431 0.023828 0.045139
0 0.651172 0.959722 0.035937 0.059722
0 0.619922 0.913194 0.032813 0.062500
0 0.662305 0.834375 0.037891 0.072917
0 0.635352 0.754861 0.039453 0.050000
0 0.660547 0.729514 0.033594 0.046528
0 0.750391 0.849306 0.039062 0.047222
0 0.821680 0.621875 0.031641 0.042361
0 0.690430 0.485417 0.021484 0.029167
0 0.673438 0.451042 0.016406 0.032639
0 0.654492 0.403125 0.021484 0.029861
0 0.894141 0.483333 0.020313 0.036111
0 0.924219 0.417708 0.022656 0.028472
0 0.893945 0.396528 0.025391 0.030556
0 0.868555 0.444792 0.018359 0.049306
0 0.856641 0.362847 0.023438 0.025694
0 0.639453 0.372569 0.022656 0.038194
0 0.622461 0.371181 0.019141 0.028472
0 0.608789 0.360764 0.018359 0.025694
0 0.623437 0.341667 0.019531 0.034722
0 0.683984 0.330208 0.021875 0.028472
0 0.670898 0.315972 0.015234 0.023611
0 0.677930 0.286458 0.016016 0.025694
0 0.687305 0.302431 0.019141 0.029861
0 0.706836 0.302083 0.019141 0.034722
0 0.723828 0.287153 0.018750 0.024306
0 0.705273 0.279861 0.016797 0.023611
0 0.699414 0.270486 0.019922 0.027083
0 0.736523 0.268403 0.017578 0.025694
0 0.753906 0.254514 0.019531 0.024306
0 0.737305 0.232292 0.017578 0.028472
0 0.771094 0.232986 0.016406 0.029861
0 0.783398 0.214236 0.016016 0.024306
0 0.801172 0.195139 0.015625 0.029167
0 0.814453 0.185764 0.013281 0.022917
0 0.805859 0.170833 0.014844 0.022222
0 0.826367 0.173958 0.016797 0.024306
0 0.833789 0.220486 0.016797 0.025694
0 0.848828 0.186458 0.019531 0.024306
0 0.887500 0.161111 0.015625 0.019444
0 0.909570 0.119444 0.014453 0.023611
0 0.914648 0.078819 0.014453 0.027083
0 0.927734 0.056597 0.010937 0.015972
0 0.966406 0.022222 0.016406 0.023611
