2 0.793359 0.615972 0.117969 0.115278
2 0.215234 0.897222 0.082031 0.112500
2 0.099805 0.979861 0.085547 0.040278
2 0.830469 0.371181 0.067969 0.049306
2 0.765039 0.199653 0.041016 0.056250
1 0.838477 0.207639 0.027734 0.045833
2 0.951367 0.081250 0.023047 0.037500
1 0.653906 0.353125 0.025000 0.053472
1 0.649609 0.334028 0.037500 0.068056
1 0.651563 0.304514 0.044531 0.054861
1 0.342187 0.798611 0.047656 0.068056
1 0.842578 0.129167 0.019531 0.027778
1 0.718555 0.244792 0.026172 0.038194
0 0.358984 0.389583 0.026562 0.031944
0 0.186133 0.981250 0.028516 0.037500
0 0.233789 0.935764 0.041797 0.031250
0 0.288477 0.833681 0.033984 0.045139
0 0.292969 0.863542 0.039062 0.040972
0 0.325391 0.788889 0.032031 0.040278
0 0.363086 0.749653 0.034766 0.042361
0 0.383203 0.769792 0.035937 0.042361
0 0.396875 0.711806 0.036719 0.044444
0 0.416406 0.730208 0.031250 0.043750
0 0.411523 0.662153 0.031641 0.038194
0 0.543750 0.982986 0.046875 0.034028
0 0.613281 0.985069 0.042188 0.029861
0 0.649414 0.955556 0.033984 0.063889
0 0.716406 0.974653 0.026562 0.050694
0 0.751367 0.851736 0.041016 0.056250
0 0.683398 0.792708 0.024609 0.059028
0 0.618750 0.913889 0.032813 0.077778
0 0.653711 0.849653 0.032422 0.071528
0 0.635352 0.756944 0.039453 0.061111
0 0.822852 0.626042 0.032422 0.047917
0 0.894531 0.479514 0.019531 0.036806
0 0.925586 0.417708 0.025391 0.029861
0 0.894922 0.397917 0.021875 0.033333
0 0.866211 0.444097 0.013672 0.049306
0 0.857227 0.363542 0.023047 0.027083
0 0.712891 0.364583 0.019531 0.033333
0 0.791602 0.343750 0.014453 0.031944
0 0.741797 0.308681 0.015625 0.027083
0 0.641016 0.433333 0.021875 0.027778
0 0.614453 0.400347 0.029687 0.045139
0 0.622070 0.369444 0.020703 0.030556
0 0.608203 0.361111 0.015625 0.031944
0 0.624414 0.342014 0.021484 0.034028
0 0.666016 0.396181 0.025000 0.036806
0 0.684180 0.331944 0.021484 0.033333
0 0.670703 0.318056 0.017969 0.030556
0 0.677539 0.284375 0.016797 0.028472
0 0.687695 0.302431 0.018359 0.029861
0 0.706641 0.304167 0.019531 0.036111
0 0.696484 0.269444 0.017969 0.029167
0 0.706641 0.277431 0.015625 0.021528
0 0.726172 0.286806 0.021875 0.027778
0 0.731250 0.254514 0.015625 0.024306
0 0.740039 0.270833 0.016797 0.027778
0 0.735742 0.232639 0.017578 0.023611
0 0.753516 0.254861 0.017969 0.029167
0 0.769531 0.232986 0.017188 0.029861
0 0.777734 0.260069 0.017188 0.031250
0 0.787500 0.187500 0.014844 0.026389
0 0.800781 0.194444 0.014844 0.022222
0 0.814648 0.184722 0.015234 0.023611
0 0.825000 0.171528 0.013281 0.023611
0 0.822852 0.152431 0.012891 0.020139
0 0.833789 0.153819 0.016797 0.027083
0 0.867383 0.165625 0.014453 0.025694
0 0.882422 0.148611 0.010937 0.016667
0 0.888086 0.161806 0.012109 0.018056
0 0.901367 0.129167 0.014453 0.022222
0 0.887695 0.104514 0.013672 0.020139
0 0.933398 0.067014 0.012109 0.017361
0 0.939844 0.081597 0.007031 0.018750
