2 0.360352 0.396181 0.065234 0.075694
2 0.789648 0.592014 0.079297 0.090972
2 0.892578 0.628472 0.078125 0.087500
2 0.690625 0.469792 0.059375 0.093750
2 0.724609 0.326736 0.054688 0.096528
2 0.594336 0.661806 0.084766 0.104167
1 0.922656 0.059722 0.017969 0.027778
2 0.825781 0.375000 0.073438 0.069444
1 0.655664 0.295486 0.040234 0.056250
1 0.647266 0.335764 0.034375 0.050694
1 0.662109 0.348264 0.028906 0.049306
1 0.306055 0.359722 0.036328 0.062500
2 0.679102 0.608333 0.066016 0.077778
0 0.009375 0.138194 0.012500 0.022222
0 0.041211 0.145486 0.016016 0.025694
0 0.075391 0.174653 0.015625 0.018750
0 0.074609 0.191667 0.017188 0.029167
0 0.144141 0.222222 0.022656 0.026389
0 0.168164 0.209375 0.019141 0.025694
0 0.186523 0.189236 0.019922 0.025694
0 0.259961 0.234375 0.020703 0.027083
0 0.279102 0.256250 0.023828 0.030556
0 0.197070 0.259722 0.021484 0.030556
0 0.172852 0.275347 0.018359 0.025694
0 0.212695 0.308333 0.024609 0.033333
0 0.235742 0.292708 0.023828 0.027083
0 0.271680 0.315972 0.030859 0.034722
0 0.401562 0.343750 0.029687 0.034722
0 0.427148 0.346181 0.025391 0.032639
0 0.433789 0.400694 0.026953 0.034722
0 0.321289 0.400347 0.027734 0.034028
0 0.278125 0.357292 0.021094 0.029861
0 0.366992 0.453472 0.033203 0.041667
0 0.409570 0.447917 0.026172 0.031944
0 0.435352 0.441319 0.029297 0.039583
0 0.432422 0.484375 0.039844 0.053472
0 0.474023 0.545486 0.030859 0.039583
0 0.505273 0.422569 0.029297 0.031250
0 0.537695 0.420833 0.028516 0.034722
0 0.542383 0.467361 0.031641 0.033333
0 0.603320 0.526389 0.034766 0.050000
0 0.613477 0.514931 0.024609 0.032639
0 0.607617 0.491667 0.030859 0.034722
0 0.624219 0.484375 0.028906 0.038194
0 0.378906 0.695833 0.032031 0.044444
0 0.541016 0.983681 0.052344 0.032639
0 0.717773 0.979167 0.027734 0.041667
0 0.616797 0.986458 0.046875 0.027083
0 0.652148 0.959375 0.033984 0.053472
0 0.623828 0.912847 0.032813 0.065972
0 0.636328 0.758681 0.042969 0.053472
0 0.684961 0.708681 0.033984 0.050694
0 0.706641 0.679167 0.039844 0.047222
0 0.842773 0.805903 0.047266 0.053472
0 0.887500 0.893750 0.042188 0.050000
0 0.750977 0.850000 0.036328 0.043056
0 0.962109 0.786111 0.035156 0.041667
0 0.956055 0.749306 0.038672 0.038889
0 0.982227 0.748611 0.035547 0.051389
0 0.905078 0.700694 0.038281 0.040278
0 0.840430 0.682292 0.037891 0.043750
0 0.833203 0.721875 0.035937 0.042361
0 0.793750 0.691319 0.039062 0.042361
0 0.747266 0.661806 0.045312 0.045833
0 0.727930 0.581597 0.033203 0.038194
0 0.740625 0.542708 0.033594 0.038194
0 0.894727 0.479167 0.023828 0.034722
0 0.924805 0.412500 0.027734 0.033333
0 0.893750 0.399306 0.023438 0.025000
0 0.869531 0.446181 0.020313 0.042361
0 0.856250 0.362847 0.026562 0.025694
0 0.663672 0.552778 0.029687 0.033333
0 0.640430 0.560417 0.024609 0.031944
0 0.640820 0.371181 0.023828 0.038194
0 0.620703 0.371181 0.020313 0.028472
0 0.609180 0.360417 0.019141 0.027778
0 0.621875 0.335764 0.016406 0.036806
0 0.683789 0.334722 0.018359 0.027778
0 0.694531 0.273264 0.017188 0.028472
0 0.705469 0.300694 0.019531 0.036111
0 0.739648 0.265278 0.017578 0.027778
0 0.749414 0.223611 0.020703 0.023611
0 0.893359 0.107986 0.014063 0.017361
0 0.893945 0.089236 0.013672 0.020139
0 0.965234 0.031250 0.010156 0.016667
