2 0.794336 0.618750 0.116016 0.120833
2 0.764062 0.201042 0.042969 0.056250
2 0.832812 0.370486 0.063281 0.050694
2 0.125000 0.962500 0.096875 0.068056
2 0.233008 0.873264 0.074609 0.093750
1 0.345117 0.802778 0.051172 0.076389
1 0.628711 0.353125 0.036328 0.056250
1 0.650586 0.309375 0.042578 0.067361
1 0.718555 0.244792 0.026172 0.045139
0 0.037109 0.159722 0.014063 0.023611
0 0.305469 0.405556 0.029687 0.034722
0 0.358594 0.385417 0.028125 0.031944
0 0.193164 0.979514 0.037109 0.038194
0 0.232227 0.931944 0.041016 0.027778
0 0.294531 0.865625 0.038281 0.040972
0 0.288867 0.835764 0.033203 0.042361
0 0.326367 0.787500 0.031641 0.041667
0 0.365234 0.749306 0.032031 0.038889
0 0.384961 0.767014 0.033984 0.039583
0 0.401172 0.710417 0.032813 0.044444
0 0.415820 0.727083 0.030078 0.040278
0 0.576367 0.579514 0.023828 0.045139
0 0.590234 0.439931 0.022656 0.032639
0 0.542969 0.980556 0.042969 0.038889
0 0.615625 0.985764 0.042969 0.028472
0 0.716406 0.978125 0.024219 0.042361
0 0.651758 0.957292 0.037109 0.054861
0 0.619922 0.912153 0.031250 0.064583
0 0.652344 0.847917 0.033594 0.068056
0 0.680469 0.799653 0.020313 0.057639
0 0.750977 0.850000 0.040234 0.048611
0 0.637305 0.756944 0.041016 0.052778
0 0.623633 0.641667 0.027734 0.050000
0 0.911914 0.725694 0.037109 0.041667
0 0.819727 0.621528 0.026172 0.038889
0 0.845313 0.614583 0.032031 0.041667
0 0.894336 0.480903 0.018359 0.035417
0 0.924609 0.414583 0.021094 0.023611
0 0.893359 0.397569 0.028906 0.028472
0 0.863867 0.406250 0.025391 0.027778
0 0.870313 0.446181 0.017188 0.046528
0 0.858398 0.363194 0.026953 0.029167
0 0.788867 0.340972 0.017578 0.029167
0 0.742773 0.311111 0.021484 0.023611
0 0.666016 0.322917 0.020313 0.029167
0 0.594531 0.399306 0.021875 0.033333
0 0.592773 0.376389 0.017578 0.027778
0 0.686914 0.302431 0.018359 0.029861
0 0.675781 0.287847 0.013281 0.025694
0 0.707617 0.307639 0.021484 0.029167
0 0.701562 0.287153 0.017188 0.027083
0 0.694922 0.273958 0.017969 0.027083
0 0.728320 0.259375 0.017578 0.027083
0 0.736914 0.232986 0.016797 0.025694
0 0.764062 0.239583 0.016406 0.027778
0 0.785352 0.192014 0.012891 0.022917
0 0.796875 0.180208 0.012500 0.021528
0 0.806641 0.191667 0.015625 0.023611
0 0.819336 0.170139 0.016016 0.030556
0 0.842578 0.155556 0.013281 0.023611
0 0.855273 0.142708 0.012891 0.020139
0 0.849609 0.132639 0.013281 0.015278
0 0.837695 0.139583 0.016797 0.023611
0 0.867383 0.117361 0.014453 0.020833
0 0.909180 0.133681 0.015234 0.015972
0 0.964844 0.032639 0.013281 0.018056
0 0.982812 0.038194 0.010156 0.012500
