2 0.794336 0.614236 0.116016 0.109028
2 0.831055 0.374653 0.061328 0.046528
2 0.561328 0.374653 0.067187 0.072917
1 0.331055 0.310069 0.036328 0.049306
1 0.347461 0.805556 0.050391 0.070833
1 0.149805 0.176042 0.032422 0.046528
2 0.230273 0.881597 0.080078 0.110417
2 0.123242 0.961806 0.104297 0.076389
1 0.854688 0.193750 0.023438 0.034722
1 0.944922 0.085417 0.017969 0.033333
0 0.010547 0.135764 0.014063 0.018750
0 0.050195 0.164931 0.018359 0.029861
0 0.060937 0.159722 0.013281 0.019444
0 0.104688 0.190972 0.015625 0.019444
0 0.124805 0.220139 0.016016 0.023611
0 0.192188 0.197569 0.014844 0.018750
0 0.188867 0.270139 0.021484 0.023611
0 0.239258 0.217014 0.019141 0.020139
0 0.227930 0.343056 0.020703 0.029167
0 0.262109 0.347569 0.021094 0.029861
0 0.390234 0.334375 0.026562 0.022917
0 0.302930 0.405208 0.023828 0.029861
0 0.314258 0.395833 0.023828 0.031944
0 0.325586 0.357292 0.025391 0.027083
0 0.359375 0.387847 0.023438 0.027083
0 0.041016 0.964236 0.038281 0.047917
0 0.191211 0.980556 0.034766 0.038889
0 0.233203 0.932986 0.040625 0.032639
0 0.287891 0.834722 0.032031 0.044444
0 0.293555 0.863889 0.038672 0.038889
0 0.325586 0.789583 0.031641 0.044444
0 0.363867 0.750000 0.033203 0.040278
0 0.387109 0.763194 0.032031 0.038889
0 0.401758 0.709375 0.032422 0.043750
0 0.417383 0.727431 0.028516 0.039583
0 0.520703 0.470139 0.030469 0.036111
0 0.616797 0.986458 0.039844 0.027083
0 0.621875 0.905556 0.033594 0.062500
0 0.636133 0.756250 0.039453 0.043056
0 0.666602 0.841319 0.028516 0.057639
0 0.651367 0.956944 0.035547 0.056944
0 0.716797 0.978125 0.023438 0.043750
0 0.750781 0.849306 0.038281 0.041667
0 0.954688 0.906250 0.042188 0.059722
0 0.989062 0.775000 0.021875 0.040278
0 0.988477 0.750694 0.023047 0.026389
0 0.949023 0.751389 0.031641 0.033333
0 0.905273 0.719097 0.037109 0.032639
0 0.907813 0.696875 0.032813 0.035417
0 0.858984 0.684375 0.046875 0.050694
0 0.811719 0.660069 0.035156 0.034028
0 0.759375 0.625000 0.035156 0.034722
0 0.718359 0.637847 0.035156 0.039583
0 0.728320 0.626389 0.033203 0.034722
0 0.894727 0.480556 0.017578 0.031944
0 0.924609 0.414583 0.021875 0.026389
0 0.894141 0.397917 0.026562 0.030556
0 0.868359 0.444792 0.017188 0.042361
0 0.858203 0.363889 0.024219 0.025000
0 0.793750 0.266667 0.017188 0.023611
0 0.766016 0.277778 0.018750 0.029167
0 0.638086 0.332986 0.016797 0.027083
0 0.706250 0.260417 0.025000 0.034722
0 0.739648 0.247569 0.016797 0.022917
0 0.766797 0.208333 0.018750 0.022222
0 0.800195 0.173264 0.012891 0.021528
0 0.869531 0.111111 0.010937 0.016667
0 0.897461 0.148264 0.012109 0.017361
0 0.916992 0.073264 0.011328 0.015972
0 0.957031 0.029514 0.010156 0.014583
0 0.957031 0.039583 0.008594 0.013889
0 0.993945 0.037500 0.008203 0.013889
