2 0.761328 0.628472 0.083594 0.087500
2 0.885352 0.629514 0.075391 0.082639
2 0.358398 0.780556 0.076172 0.123611
2 0.298047 0.803472 0.083594 0.120833
2 0.841797 0.375694 0.053125 0.044444
1 0.623242 0.339236 0.026953 0.047917
1 0.228320 0.894792 0.051953 0.071528
1 0.100977 0.144792 0.022266 0.032639
0 0.006836 0.071181 0.008984 0.015972
0 0.005664 0.130556 0.010547 0.020833
0 0.063281 0.107292 0.014844 0.017361
0 0.318164 0.352778 0.024609 0.027778
0 0.341406 0.371181 0.026562 0.034028
0 0.362500 0.386458 0.021875 0.034028
0 0.387695 0.406250 0.027734 0.034722
0 0.413477 0.425694 0.026172 0.034722
0 0.439453 0.447222 0.028125 0.033333
0 0.381836 0.427083 0.026172 0.041667
0 0.404492 0.441319 0.028516 0.036806
0 0.437695 0.470833 0.033203 0.038889
0 0.155664 0.977431 0.046484 0.045139
0 0.287305 0.875694 0.042578 0.033333
0 0.378711 0.693750 0.035547 0.038889
0 0.378320 0.724306 0.023828 0.018056
0 0.417773 0.692361 0.035547 0.037500
0 0.416992 0.726736 0.033203 0.036806
0 0.628320 0.988542 0.023047 0.022917
0 0.650781 0.959375 0.036719 0.059028
0 0.716406 0.975000 0.021094 0.050000
0 0.751367 0.848611 0.034766 0.047222
0 0.637109 0.753125 0.039062 0.050694
0 0.721875 0.647222 0.032031 0.041667
0 0.650195 0.592014 0.035547 0.031250
0 0.610352 0.567014 0.034766 0.034028
0 0.602539 0.536806 0.036328 0.034722
0 0.895508 0.478125 0.016016 0.025694
0 0.924219 0.414931 0.021094 0.022917
0 0.893945 0.397569 0.023828 0.028472
0 0.869727 0.446181 0.015234 0.042361
0 0.857422 0.361458 0.024219 0.024306
0 0.757617 0.353125 0.024609 0.029861
0 0.964063 0.061806 0.013281 0.019444
0 0.941406 0.055208 0.012500 0.018750
0 0.918555 0.129167 0.012891 0.026389
0 0.821094 0.171181 0.018750 0.021528
0 0.763867 0.209722 0.018359 0.025000
0 0.735742 0.271875 0.020703 0.025694
0 0.712305 0.275347 0.018359 0.027083
0 0.720508 0.292014 0.018359 0.024306
0 0.686914 0.281597 0.016016 0.025694
0 0.697656 0.286458 0.017188 0.027083
0 0.696680 0.310764 0.023828 0.036806
0 0.668945 0.292708 0.015234 0.022917
0 0.680664 0.311111 0.022266 0.025000
0 0.680273 0.332986 0.020703 0.028472
0 0.657617 0.309722 0.017578 0.025000
0 0.662695 0.327778 0.016797 0.022222
0 0.660742 0.354167 0.017578 0.029167
0 0.634375 0.351042 0.023438 0.035417
0 0.642969 0.373958 0.021875 0.028472
