2 0.944922 0.486111 0.049219 0.051389
1 0.900781 0.712847 0.059375 0.064583
1 0.876563 0.661806 0.074219 0.087500
1 0.229102 0.893056 0.055859 0.077778
2 0.315234 0.650000 0.078906 0.123611
2 0.358984 0.782986 0.082812 0.118750
2 0.312500 0.790278 0.082812 0.120833
1 0.622656 0.339931 0.024219 0.049306
1 0.670508 0.597222 0.062109 0.068056
0 0.074219 0.190972 0.017969 0.022222
0 0.139258 0.250000 0.019141 0.029167
0 0.170313 0.277778 0.022656 0.027778
0 0.233789 0.346528 0.023047 0.030556
0 0.285156 0.367014 0.026562 0.036806
0 0.290039 0.421528 0.023047 0.031944
0 0.304102 0.410069 0.024609 0.032639
0 0.319141 0.399306 0.022656 0.031944
0 0.401758 0.419792 0.026953 0.036806
0 0.038086 0.959028 0.040234 0.055556
0 0.155664 0.978472 0.043359 0.043056
0 0.378711 0.694444 0.037891 0.041667
0 0.416406 0.692708 0.032813 0.038194
0 0.417969 0.727083 0.034375 0.041667
0 0.520312 0.449653 0.033594 0.028472
0 0.530078 0.484375 0.035937 0.032639
0 0.717773 0.977431 0.023828 0.045139
0 0.640234 0.973958 0.030469 0.049306
0 0.713672 0.823958 0.035156 0.043750
0 0.749609 0.851736 0.037500 0.042361
0 0.636133 0.757639 0.039453 0.047222
0 0.982422 0.798264 0.033594 0.034028
0 0.960156 0.729861 0.040625 0.043056
0 0.948047 0.678125 0.045312 0.049306
0 0.806445 0.628472 0.033203 0.041667
0 0.802734 0.652778 0.029687 0.036111
0 0.753906 0.619444 0.034375 0.036111
0 0.761719 0.602083 0.033594 0.038889
0 0.925000 0.417014 0.021875 0.022917
0 0.894141 0.480208 0.016406 0.035417
0 0.894141 0.397569 0.025781 0.032639
0 0.868945 0.444444 0.019141 0.047222
0 0.846484 0.373264 0.025000 0.029861
0 0.857812 0.364931 0.025000 0.031250
0 0.832617 0.352431 0.025391 0.028472
0 0.708789 0.518056 0.030078 0.038889
0 0.590234 0.449653 0.031250 0.027083
0 0.680273 0.457639 0.023828 0.038889
0 0.688281 0.401736 0.015625 0.029861
0 0.719922 0.336111 0.020313 0.025000
2 0.968164 0.066319 0.016797 0.029861
2 0.912695 0.072917 0.013672 0.018056
2 0.928320 0.114236 0.010547 0.017361
2 0.904883 0.125347 0.015234 0.020139
2 0.873047 0.127083 0.016406 0.018056
2 0.877930 0.150347 0.012109 0.014583
2 0.880664 0.165278 0.015234 0.020833
2 0.850977 0.178125 0.016797 0.024306
2 0.808789 0.226042 0.016797 0.021528
2 0.796680 0.262847 0.014453 0.022917
2 0.774414 0.268056 0.016797 0.026389
2 0.757422 0.214236 0.020313 0.022917
2 0.758398 0.227431 0.018359 0.024306
2 0.740820 0.243750 0.016797 0.026389
2 0.748437 0.259028 0.017969 0.025000
2 0.728125 0.256944 0.017188 0.020833
2 0.733789 0.274306 0.016797 0.023611
2 0.713477 0.274306 0.017578 0.025000
2 0.721289 0.291667 0.017578 0.029167
2 0.701367 0.262153 0.015234 0.024306
2 0.687695 0.282292 0.016797 0.025694
2 0.698242 0.287153 0.018359 0.024306
2 0.697461 0.310417 0.023047 0.033333
2 0.669531 0.293056 0.018750 0.027778
2 0.680273 0.310764 0.018359 0.027083
2 0.679688 0.331944 0.017969 0.029167
2 0.657813 0.308333 0.015625 0.022222
2 0.664453 0.328125 0.019531 0.022917
2 0.660742 0.353819 0.021484 0.028472
2 0.643164 0.373611 0.021484 0.030556
2 0.634961 0.348958 0.025391 0.034028
