2 0.796094 0.654861 0.088281 0.097222
2 0.794336 0.614583 0.116016 0.112500
2 0.838086 0.376389 0.047266 0.043056
2 0.719336 0.345833 0.042578 0.068056
2 0.750586 0.287847 0.028516 0.054861
2 0.923047 0.069792 0.020313 0.038194
1 0.707617 0.258333 0.026953 0.034722
1 0.300000 0.857639 0.067187 0.105556
0 0.056055 0.116667 0.013672 0.016667
0 0.068359 0.109028 0.010937 0.019444
0 0.020703 0.075347 0.010937 0.017361
0 0.124414 0.174653 0.013672 0.017361
0 0.166992 0.293056 0.018359 0.026389
0 0.192578 0.309375 0.019531 0.034028
0 0.217578 0.309375 0.020313 0.025694
0 0.223047 0.338542 0.021875 0.029861
0 0.237305 0.328472 0.014453 0.025000
0 0.253906 0.303819 0.018750 0.027083
0 0.271484 0.317014 0.023438 0.029861
0 0.258594 0.337500 0.028906 0.047222
0 0.255078 0.366667 0.021875 0.030556
0 0.251563 0.383681 0.021094 0.029861
0 0.280078 0.385764 0.022656 0.029861
0 0.283984 0.366319 0.021094 0.031250
0 0.288086 0.348264 0.020703 0.032639
0 0.292773 0.332639 0.019922 0.027778
0 0.317383 0.352083 0.024609 0.027778
0 0.310156 0.365972 0.023438 0.029167
0 0.313477 0.393403 0.022266 0.034028
0 0.302930 0.405903 0.025391 0.034028
0 0.340039 0.393056 0.029297 0.037500
0 0.339258 0.368056 0.022266 0.025000
0 0.360547 0.387847 0.027344 0.032639
0 0.369141 0.704167 0.038281 0.040278
0 0.425195 0.713542 0.034766 0.053472
0 0.422461 0.670486 0.044141 0.061806
0 0.496484 0.586806 0.030469 0.040278
0 0.524219 0.598264 0.026562 0.036806
0 0.589648 0.511111 0.026172 0.041667
0 0.605859 0.454167 0.032031 0.051389
0 0.616602 0.985417 0.041016 0.029167
0 0.651563 0.957986 0.032813 0.053472
0 0.716211 0.977431 0.021484 0.045139
0 0.750195 0.851042 0.036328 0.046528
0 0.635938 0.755556 0.039062 0.048611
0 0.690430 0.721875 0.044922 0.056250
0 0.987500 0.776736 0.025000 0.046528
0 0.988477 0.753819 0.023047 0.032639
0 0.949805 0.750694 0.033203 0.036111
0 0.906055 0.718403 0.037109 0.038194
0 0.908203 0.695486 0.034375 0.036806
0 0.859570 0.685069 0.044922 0.057639
0 0.820312 0.620833 0.030469 0.037500
0 0.719727 0.639236 0.038672 0.038194
0 0.729688 0.626736 0.032813 0.038194
0 0.754102 0.621875 0.018359 0.029861
0 0.895117 0.482292 0.018359 0.032639
0 0.925586 0.415278 0.021484 0.022222
0 0.894141 0.397569 0.027344 0.028472
0 0.868945 0.443750 0.014453 0.040278
0 0.855859 0.362500 0.020313 0.026389
0 0.669922 0.410069 0.022656 0.027083
0 0.644531 0.373264 0.020313 0.027083
0 0.689453 0.300694 0.021094 0.023611
0 0.829102 0.224653 0.016797 0.024306
0 0.822461 0.170833 0.017578 0.019444
0 0.837305 0.144792 0.013672 0.021528
0 0.881836 0.148611 0.013672 0.025000
0 0.908203 0.076042 0.014063 0.020139
0 0.985547 0.051042 0.011719 0.018750
0 0.933008 0.092014 0.011328 0.017361
