2 0.795898 0.655556 0.086328 0.093056
2 0.794141 0.612500 0.117188 0.105556
2 0.838281 0.377083 0.052344 0.045833
2 0.995508 0.019792 0.008984 0.025694
1 0.918359 0.060417 0.010937 0.023611
1 0.816992 0.235069 0.026953 0.038194
2 0.401367 0.336458 0.053516 0.064583
0 0.246094 0.226389 0.025000 0.034722
0 0.175586 0.298264 0.018359 0.027083
0 0.192969 0.310069 0.022656 0.034028
0 0.227539 0.343750 0.023828 0.033333
0 0.255664 0.368056 0.025391 0.026389
0 0.250195 0.384028 0.023047 0.030556
0 0.278906 0.384375 0.024219 0.029861
0 0.302734 0.404861 0.021094 0.030556
0 0.217578 0.311458 0.019531 0.031250
0 0.237305 0.327431 0.016016 0.031250
0 0.258008 0.339236 0.030078 0.052083
0 0.283789 0.367014 0.019141 0.031250
0 0.313477 0.394097 0.024609 0.034028
0 0.287500 0.348958 0.022656 0.032639
0 0.310547 0.369097 0.025781 0.032639
0 0.340039 0.391667 0.024609 0.034722
0 0.253125 0.304167 0.020313 0.030556
0 0.272266 0.317361 0.021094 0.029167
0 0.293945 0.332986 0.020703 0.028472
0 0.318359 0.352431 0.021875 0.027083
0 0.338672 0.366319 0.025000 0.029861
0 0.360547 0.387153 0.021875 0.032639
0 0.327148 0.657292 0.034766 0.045139
0 0.378320 0.693403 0.037891 0.045139
0 0.417383 0.692708 0.033203 0.039583
0 0.716406 0.976042 0.025000 0.047917
0 0.639062 0.972917 0.046094 0.051389
0 0.634961 0.755903 0.044922 0.053472
0 0.649414 0.688889 0.041016 0.054167
0 0.692187 0.877431 0.030469 0.056250
0 0.750391 0.850694 0.038281 0.048611
0 0.741992 0.813194 0.044141 0.045833
0 0.986523 0.776736 0.026953 0.045139
0 0.987109 0.748264 0.025781 0.027083
0 0.952148 0.938889 0.043359 0.056944
0 0.948438 0.748611 0.033594 0.037500
0 0.904687 0.718750 0.038281 0.037500
0 0.906641 0.696181 0.035156 0.035417
0 0.860352 0.684375 0.044922 0.057639
0 0.819922 0.620139 0.031250 0.037500
0 0.762109 0.672569 0.039062 0.035417
0 0.754297 0.619792 0.022656 0.024306
0 0.718945 0.637847 0.037109 0.036806
0 0.729297 0.627778 0.033594 0.038889
0 0.925586 0.415278 0.023047 0.023611
0 0.894531 0.478819 0.017969 0.031250
0 0.894922 0.397917 0.022656 0.027778
0 0.868164 0.444792 0.013672 0.042361
0 0.858203 0.363542 0.022656 0.025694
0 0.686328 0.415972 0.014844 0.036111
0 0.643750 0.372569 0.021875 0.029861
0 0.665430 0.347917 0.020703 0.027778
0 0.734766 0.311806 0.018750 0.029167
0 0.751172 0.315625 0.019531 0.032639
0 0.849414 0.191667 0.015234 0.022222
0 0.820508 0.166319 0.016797 0.025694
0 0.866797 0.127083 0.014063 0.022222
0 0.874414 0.152778 0.012109 0.019444
0 0.897266 0.126042 0.017969 0.031250
0 0.909766 0.133333 0.012500 0.019444
0 0.931250 0.109722 0.012500 0.018056
0 0.927344 0.096528 0.010937 0.016667
0 0.958398 0.064236 0.010547 0.018750
0 0.937305 0.049306 0.012109 0.015278
0 0.949414 0.048611 0.008203 0.015278
0 0.991992 0.041667 0.008984 0.016667
0 0.984766 0.046528 0.012500 0.023611
0 0.980078 0.015278 0.010937 0.015278
0 0.968555 0.014583 0.008984 0.015278
