2 0.791602 0.613889 0.123047 0.115278
2 0.119141 0.965278 0.102344 0.069444
2 0.229883 0.874653 0.076172 0.096528
2 0.831641 0.371181 0.063281 0.056250
2 0.761719 0.198264 0.047656 0.057639
1 0.571094 0.480903 0.025781 0.070139
1 0.647852 0.330903 0.037109 0.059028
1 0.650000 0.302778 0.043750 0.058333
1 0.926758 0.459028 0.041016 0.045833
1 0.717187 0.245139 0.028125 0.043056
1 0.346094 0.802778 0.053125 0.065278
1 0.927344 0.112153 0.019531 0.034028
0 0.358008 0.385417 0.025391 0.036111
0 0.192969 0.979514 0.038281 0.039583
0 0.231055 0.937153 0.043359 0.039583
0 0.287305 0.834375 0.037109 0.045139
0 0.293555 0.867014 0.038672 0.040972
0 0.325977 0.788542 0.033203 0.039583
0 0.364844 0.749653 0.036719 0.045139
0 0.383594 0.768403 0.032031 0.040972
0 0.396680 0.710764 0.037109 0.040972
0 0.414844 0.730903 0.035937 0.042361
0 0.575391 0.559028 0.028906 0.062500
0 0.497266 0.493403 0.019531 0.040972
0 0.602344 0.420139 0.021875 0.037500
0 0.539844 0.977431 0.048438 0.034028
0 0.611719 0.984375 0.050781 0.029861
0 0.651758 0.955556 0.033203 0.066667
0 0.718555 0.975000 0.030078 0.048611
0 0.619141 0.912500 0.033594 0.073611
0 0.652344 0.849306 0.036719 0.073611
0 0.683008 0.794792 0.023828 0.068750
0 0.751563 0.851389 0.043750 0.051389
0 0.636719 0.755903 0.049219 0.059028
0 0.819336 0.620139 0.033203 0.050000
0 0.870313 0.632639 0.033594 0.040278
0 0.945508 0.521528 0.031641 0.034722
0 0.894141 0.480903 0.020313 0.034028
0 0.925391 0.415278 0.021875 0.029167
0 0.892969 0.396528 0.023438 0.025000
0 0.868555 0.444792 0.017578 0.049306
0 0.855469 0.362153 0.021094 0.027083
0 0.759180 0.290278 0.019141 0.033333
0 0.796094 0.244792 0.014844 0.024306
0 0.839844 0.207639 0.012500 0.023611
0 0.861719 0.168403 0.016406 0.018750
0 0.891016 0.137500 0.014844 0.023611
0 0.957422 0.081250 0.012500 0.020833
0 0.954883 0.069792 0.010547 0.020139
0 0.964844 0.060764 0.010937 0.021528
0 0.984766 0.034375 0.013281 0.021528
0 0.623437 0.371528 0.021875 0.037500
0 0.609180 0.360764 0.018359 0.034028
0 0.624219 0.341667 0.022656 0.036111
0 0.684766 0.326389 0.022656 0.037500
0 0.669922 0.315278 0.020313 0.034722
0 0.676172 0.285764 0.018750 0.029861
0 0.686719 0.301042 0.020313 0.032639
0 0.704297 0.282292 0.018750 0.024306
0 0.709961 0.302778 0.020703 0.034722
0 0.698047 0.271528 0.019531 0.026389
0 0.734766 0.271528 0.017969 0.033333
0 0.727344 0.257639 0.020313 0.022222
0 0.737891 0.232639 0.018750 0.026389
0 0.753125 0.254514 0.015625 0.020139
0 0.768750 0.236806 0.018750 0.029167
0 0.786719 0.191667 0.017188 0.026389
0 0.799219 0.196181 0.014063 0.025694
0 0.811719 0.184375 0.014844 0.021528
0 0.826758 0.171528 0.014453 0.020833
0 0.824219 0.152778 0.013281 0.020833
0 0.834180 0.157292 0.018359 0.031250
0 0.836719 0.138542 0.015625 0.020139
0 0.848047 0.149653 0.014844 0.022917
0 0.851172 0.129514 0.014063 0.015972
0 0.866602 0.129514 0.014453 0.015972
0 0.789844 0.340278 0.015625 0.037500
0 0.054883 0.190278 0.012109 0.025000
