1 0.874805 0.658681 0.076172 0.079861
1 0.901172 0.709028 0.058594 0.068056
1 0.803125 0.687847 0.072656 0.081250
1 0.229297 0.895833 0.057813 0.077778
1 0.624023 0.340278 0.030859 0.051389
2 0.388867 0.576042 0.080859 0.106250
2 0.356641 0.780208 0.083594 0.124306
2 0.314258 0.790972 0.086328 0.122222
2 0.939844 0.097569 0.025781 0.038194
2 0.936133 0.489236 0.042578 0.054861
0 0.040430 0.160764 0.014453 0.020139
0 0.062305 0.193750 0.016797 0.022222
0 0.179492 0.299306 0.023828 0.029167
0 0.278906 0.324653 0.020313 0.034028
0 0.274219 0.358681 0.026562 0.039583
0 0.289453 0.423264 0.024219 0.034028
0 0.303320 0.409028 0.026172 0.034722
0 0.318359 0.397569 0.025000 0.031250
0 0.405273 0.421875 0.030078 0.032639
0 0.409961 0.447569 0.030078 0.039583
0 0.472266 0.446875 0.031250 0.028472
0 0.221484 0.765278 0.037500 0.050000
0 0.376758 0.695139 0.033203 0.047222
0 0.416406 0.693403 0.032031 0.045139
0 0.417383 0.725347 0.033203 0.042361
0 0.378516 0.726389 0.034375 0.022222
0 0.155469 0.978125 0.040625 0.042361
0 0.284766 0.879167 0.036719 0.031944
0 0.991992 0.750347 0.016016 0.024306
0 0.806836 0.629514 0.040234 0.039583
0 0.802734 0.652083 0.034375 0.031944
0 0.763867 0.565278 0.035547 0.034722
0 0.760742 0.601389 0.034766 0.034722
0 0.753906 0.619444 0.034375 0.038889
0 0.635352 0.754514 0.041016 0.043750
0 0.750391 0.851042 0.039062 0.047917
0 0.676367 0.911458 0.036328 0.059028
0 0.716406 0.976736 0.023438 0.046528
0 0.627148 0.985764 0.026953 0.028472
0 0.894336 0.480556 0.016797 0.033333
0 0.925586 0.415972 0.023047 0.025000
0 0.894141 0.398264 0.025781 0.029861
0 0.866406 0.445486 0.022656 0.040972
0 0.856836 0.363889 0.022266 0.030556
0 0.846094 0.373264 0.026562 0.029861
0 0.830664 0.352083 0.023047 0.027778
0 0.688281 0.464236 0.023438 0.040972
0 0.712891 0.519444 0.030469 0.031944
0 0.650781 0.411806 0.025781 0.031944
0 0.952930 0.032986 0.011328 0.017361
0 0.981445 0.042014 0.012891 0.017361
0 0.906445 0.087500 0.013672 0.018056
0 0.812891 0.165625 0.017969 0.024306
0 0.864258 0.165625 0.015234 0.015972
0 0.874023 0.173264 0.016016 0.020139
0 0.833984 0.198611 0.017188 0.022222
0 0.825195 0.229167 0.016016 0.025000
0 0.794531 0.243750 0.021094 0.023611
0 0.743555 0.303819 0.019141 0.024306
0 0.739062 0.332639 0.021094 0.026389
0 0.703906 0.352083 0.025781 0.034722
0 0.760742 0.228819 0.015234 0.027083
0 0.743164 0.243403 0.016797 0.027083
0 0.749414 0.258333 0.016797 0.022222
0 0.728906 0.256250 0.018750 0.027778
0 0.732617 0.274653 0.019141 0.024306
0 0.720703 0.293056 0.018750 0.026389
0 0.713672 0.272917 0.018750 0.027778
0 0.701758 0.264583 0.019141 0.025000
0 0.687500 0.282639 0.017188 0.025000
0 0.698828 0.288542 0.019531 0.027083
0 0.696484 0.313194 0.025000 0.037500
0 0.680859 0.307986 0.021875 0.028472
0 0.668945 0.294444 0.020703 0.025000
0 0.658398 0.310764 0.019141 0.022917
0 0.661328 0.330556 0.016406 0.027778
0 0.680859 0.334028 0.021875 0.034722
0 0.659570 0.352431 0.019922 0.031250
0 0.634766 0.351736 0.027344 0.039583
0 0.643945 0.374653 0.020703 0.032639
