2 0.510938 0.588889 0.092969 0.123611
2 0.793359 0.175694 0.035937 0.051389
2 0.951758 0.038194 0.016797 0.025000
2 0.724414 0.643403 0.066016 0.084028
2 0.279883 0.329861 0.055078 0.069444
2 0.884961 0.157292 0.020703 0.031250
1 0.174805 0.293750 0.030859 0.036111
1 0.197266 0.315278 0.025000 0.036111
1 0.660352 0.345139 0.028516 0.052778
1 0.238086 0.301736 0.034766 0.046528
1 0.910937 0.054861 0.028125 0.034722
0 0.041992 0.119097 0.013672 0.018750
0 0.114844 0.144792 0.017969 0.021528
0 0.190820 0.289583 0.018359 0.025000
0 0.211719 0.305556 0.021094 0.025000
0 0.220117 0.335764 0.020703 0.036806
0 0.233789 0.322917 0.030078 0.044444
0 0.258398 0.345139 0.025391 0.029167
0 0.243359 0.354514 0.019531 0.027083
0 0.277539 0.356250 0.024609 0.030556
0 0.269727 0.370833 0.025391 0.033333
0 0.254883 0.381944 0.027734 0.041667
0 0.295508 0.377778 0.026172 0.030556
0 0.323047 0.357292 0.022656 0.024306
0 0.312891 0.367708 0.018750 0.024306
0 0.304883 0.340625 0.010547 0.020139
0 0.348633 0.377083 0.025391 0.029167
0 0.335156 0.388542 0.022656 0.031250
0 0.321484 0.398611 0.027344 0.034722
0 0.310352 0.410417 0.026953 0.031944
0 0.269531 0.745486 0.039062 0.053472
0 0.109766 0.879167 0.039062 0.063889
0 0.424023 0.576042 0.035547 0.056250
0 0.497266 0.497917 0.034375 0.056944
0 0.438281 0.355556 0.033594 0.040278
0 0.377734 0.698958 0.040625 0.045139
0 0.574414 0.413194 0.026172 0.040278
0 0.620117 0.365625 0.026172 0.046528
0 0.617188 0.911806 0.038281 0.068056
0 0.662109 0.846528 0.033594 0.076389
0 0.636328 0.755903 0.043750 0.057639
0 0.717383 0.977083 0.037891 0.045833
0 0.935352 0.865278 0.048047 0.059722
0 0.965234 0.737847 0.043750 0.056250
0 0.925781 0.660069 0.038281 0.050694
0 0.883398 0.654167 0.036328 0.041667
0 0.904297 0.695486 0.040625 0.043750
0 0.887500 0.711111 0.039844 0.045833
0 0.856836 0.661458 0.032422 0.045139
0 0.834961 0.670833 0.037109 0.043056
0 0.821484 0.615625 0.035156 0.043750
0 0.809766 0.626042 0.042188 0.043750
0 0.791797 0.643750 0.032813 0.036111
0 0.773047 0.583333 0.040625 0.044444
0 0.766992 0.600000 0.036328 0.034722
0 0.753906 0.619097 0.035156 0.047917
0 0.895117 0.481597 0.023047 0.050694
0 0.925195 0.415278 0.024609 0.038889
0 0.890430 0.391667 0.027734 0.037500
0 0.869141 0.445139 0.017969 0.045833
0 0.857617 0.361111 0.029297 0.031944
0 0.832227 0.373958 0.066016 0.052083
0 0.767188 0.317361 0.018750 0.034722
0 0.751172 0.290278 0.024219 0.029167
0 0.665820 0.427778 0.030859 0.040278
0 0.575586 0.383333 0.030078 0.033333
0 0.687305 0.382639 0.031641 0.043056
0 0.747070 0.842708 0.053516 0.060417
0 0.705859 0.265625 0.021875 0.031250
0 0.688086 0.301042 0.022266 0.029861
0 0.686523 0.331944 0.025391 0.029167
0 0.755273 0.233333 0.027734 0.038889
0 0.820703 0.167361 0.017188 0.023611
0 0.797070 0.201389 0.023828 0.027778
0 0.825781 0.147569 0.018750 0.021528
0 0.875586 0.150347 0.016016 0.021528
0 0.900000 0.126736 0.014844 0.020139
0 0.908594 0.135417 0.014063 0.018056
0 0.855273 0.125347 0.016016 0.025694
0 0.882031 0.102083 0.016406 0.020833
0 0.900391 0.087847 0.020313 0.017361
0 0.935156 0.065278 0.014844 0.019444
0 0.934570 0.048611 0.012109 0.018056
0 0.964648 0.032292 0.012109 0.015972
0 0.968555 0.014931 0.011328 0.015972
