2 0.794727 0.655556 0.087109 0.095833
2 0.427344 0.355556 0.078125 0.084722
2 0.172461 0.959375 0.098828 0.081250
2 0.280859 0.827778 0.086719 0.122222
2 0.839453 0.373958 0.048438 0.054861
2 0.031250 0.083681 0.029687 0.042361
1 0.990430 0.040625 0.017578 0.029861
0 0.154492 0.195486 0.017578 0.020139
0 0.292578 0.283681 0.021875 0.024306
0 0.233984 0.323958 0.021875 0.027083
0 0.245117 0.358333 0.025391 0.027778
0 0.305273 0.404167 0.029297 0.034722
0 0.334570 0.457292 0.023828 0.038194
0 0.361523 0.455903 0.027734 0.043750
0 0.455469 0.531944 0.032813 0.037500
0 0.298047 0.373958 0.028906 0.032639
0 0.353125 0.402083 0.024219 0.034722
0 0.383789 0.449653 0.031641 0.046528
0 0.402539 0.442361 0.025391 0.037500
0 0.438672 0.471528 0.035937 0.045833
0 0.539648 0.563194 0.044922 0.063889
0 0.533984 0.607986 0.033594 0.040972
0 0.265234 0.311806 0.022656 0.031944
0 0.288281 0.330208 0.027344 0.032639
0 0.320898 0.354861 0.024609 0.030556
0 0.355273 0.380556 0.027734 0.027778
0 0.391992 0.407292 0.027734 0.031250
0 0.430273 0.438889 0.030078 0.034722
0 0.507227 0.446528 0.027734 0.029167
0 0.443555 0.355903 0.025391 0.029861
0 0.429883 0.381250 0.034766 0.037500
0 0.606055 0.485764 0.030078 0.032639
0 0.617383 0.523611 0.027734 0.029167
0 0.607422 0.537500 0.030469 0.034722
0 0.617969 0.571181 0.035156 0.039583
0 0.378320 0.693750 0.038672 0.047222
0 0.355078 0.754861 0.033594 0.038889
0 0.418359 0.726736 0.035156 0.039583
0 0.417578 0.692708 0.039062 0.038194
0 0.715430 0.975694 0.024609 0.048611
0 0.650000 0.953125 0.046094 0.040972
0 0.635938 0.754514 0.038281 0.049306
0 0.668359 0.665278 0.035156 0.048611
0 0.709766 0.731944 0.033594 0.047222
0 0.782227 0.759722 0.034766 0.051389
0 0.882812 0.752778 0.039062 0.041667
0 0.852344 0.683681 0.035156 0.038194
0 0.908594 0.656250 0.036719 0.037500
0 0.819922 0.631944 0.032031 0.029167
0 0.687891 0.568750 0.035156 0.041667
0 0.662695 0.601042 0.033984 0.031250
0 0.715625 0.568750 0.028906 0.034722
0 0.894141 0.480556 0.018750 0.034722
0 0.925781 0.417708 0.023438 0.025694
0 0.892773 0.396528 0.023828 0.030556
0 0.869141 0.447222 0.019531 0.047222
0 0.856641 0.361806 0.025781 0.027778
0 0.642969 0.372917 0.023438 0.027778
0 0.661719 0.352083 0.022656 0.025000
0 0.636133 0.352431 0.028516 0.036806
0 0.665039 0.327431 0.022266 0.027083
0 0.700000 0.288889 0.018750 0.027778
0 0.684180 0.274653 0.023828 0.042361
0 0.730273 0.278125 0.019141 0.031250
0 0.743164 0.229861 0.016016 0.022222
0 0.781445 0.214931 0.018359 0.032639
0 0.779492 0.199653 0.015234 0.020139
0 0.825195 0.160764 0.014453 0.024306
0 0.837305 0.146181 0.013672 0.024306
0 0.912891 0.087847 0.012500 0.017361
0 0.959570 0.078819 0.015234 0.022917
0 0.963086 0.058681 0.012109 0.017361
0 0.979688 0.007292 0.008594 0.013194
