2 0.262891 0.890278 0.132812 0.155556
2 0.723633 0.634375 0.066797 0.081250
2 0.833008 0.371875 0.063672 0.049306
2 0.279102 0.327778 0.056641 0.079167
1 0.242188 0.301389 0.039062 0.052778
1 0.174805 0.293750 0.028516 0.037500
1 0.199805 0.315278 0.023828 0.027778
1 0.860352 0.112153 0.026172 0.034028
1 0.945508 0.031250 0.012891 0.026389
1 0.957422 0.031250 0.010156 0.023611
1 0.674805 0.335417 0.032422 0.061111
0 0.224219 0.246528 0.024219 0.025000
0 0.400391 0.342014 0.027344 0.025694
0 0.213477 0.309375 0.020703 0.028472
0 0.233008 0.322917 0.028516 0.034722
0 0.222266 0.338542 0.021875 0.029861
0 0.256641 0.346528 0.024219 0.033333
0 0.244922 0.357639 0.017188 0.023611
0 0.275977 0.357639 0.020703 0.025000
0 0.271094 0.374653 0.025000 0.031250
0 0.255469 0.385417 0.017969 0.025000
0 0.307422 0.409375 0.023438 0.036806
0 0.298633 0.377778 0.019922 0.025000
0 0.322266 0.399653 0.024219 0.034028
0 0.311719 0.367014 0.021094 0.024306
0 0.303516 0.338542 0.009375 0.020139
0 0.323633 0.358681 0.024609 0.027083
0 0.351172 0.379167 0.024219 0.029167
0 0.336133 0.389931 0.020703 0.025694
0 0.571680 0.419792 0.025391 0.043750
0 0.519922 0.559028 0.039062 0.052778
0 0.480469 0.595139 0.029687 0.047222
0 0.404102 0.585417 0.035547 0.052778
0 0.497266 0.662500 0.045312 0.040278
0 0.416211 0.721875 0.039453 0.049306
0 0.378516 0.697917 0.038281 0.045833
0 0.602930 0.657292 0.042578 0.050694
0 0.619922 0.910764 0.035156 0.068750
0 0.673633 0.812153 0.029297 0.081250
0 0.637305 0.752431 0.044922 0.054861
0 0.773438 0.807292 0.039844 0.045139
0 0.751563 0.846528 0.036719 0.059722
0 0.716016 0.972917 0.027344 0.054167
0 0.964258 0.733681 0.035547 0.050694
0 0.662305 0.393403 0.018359 0.032639
2 0.691797 0.384028 0.032031 0.054167
0 0.907227 0.696875 0.039453 0.043750
0 0.887305 0.709375 0.037891 0.047917
0 0.856055 0.660417 0.033203 0.036111
0 0.834766 0.671875 0.033594 0.045139
0 0.822266 0.613889 0.035156 0.034722
0 0.809180 0.629514 0.037891 0.040972
0 0.792188 0.647917 0.033594 0.043056
0 0.752930 0.616667 0.031641 0.047222
0 0.766797 0.597917 0.028906 0.030556
0 0.779297 0.580903 0.048438 0.039583
0 0.895508 0.477778 0.019141 0.040278
0 0.925586 0.412500 0.023828 0.038889
0 0.894141 0.396528 0.028906 0.036111
0 0.867383 0.443056 0.018359 0.051389
0 0.858008 0.363889 0.023828 0.023611
0 0.804688 0.380903 0.028906 0.032639
0 0.746680 0.326042 0.021484 0.029861
0 0.717383 0.330556 0.022266 0.029167
0 0.622266 0.346528 0.019531 0.036111
0 0.639844 0.372917 0.020313 0.041667
0 0.631641 0.354514 0.019531 0.028472
0 0.704102 0.279514 0.020703 0.031250
0 0.720313 0.285417 0.019531 0.027778
0 0.734766 0.245139 0.016406 0.029167
0 0.767188 0.221528 0.015625 0.026389
0 0.769141 0.202778 0.015625 0.023611
0 0.793555 0.190625 0.019141 0.025694
0 0.819922 0.155903 0.009375 0.021528
0 0.828711 0.166667 0.014453 0.023611
0 0.871680 0.121875 0.015234 0.024306
0 0.879297 0.099653 0.013281 0.018750
0 0.892969 0.107639 0.013281 0.016667
0 0.893555 0.090625 0.012891 0.018750
0 0.904297 0.080556 0.014063 0.019444
0 0.929102 0.117014 0.014453 0.015972
0 0.925977 0.060417 0.010547 0.020833
0 0.947266 0.047917 0.008594 0.020833
0 0.971094 0.025000 0.011719 0.016667
0 0.021094 0.091667 0.012500 0.019444
0 0.085156 0.913194 0.055469 0.070833
