2 0.795117 0.653472 0.087891 0.094444
2 0.743164 0.576389 0.105078 0.091667
2 0.839258 0.377083 0.051953 0.040278
1 0.887500 0.157639 0.021875 0.034722
2 0.266602 0.241667 0.046484 0.052778
0 0.176172 0.298264 0.019531 0.027083
0 0.193164 0.306597 0.023047 0.032639
0 0.217969 0.310764 0.020313 0.031250
0 0.228516 0.343750 0.023438 0.031944
0 0.255859 0.368056 0.022656 0.034722
0 0.280469 0.385764 0.022656 0.035417
0 0.272461 0.404514 0.026953 0.031250
0 0.217969 0.309028 0.018750 0.030556
0 0.236914 0.329167 0.019141 0.034722
0 0.258789 0.337847 0.030859 0.049306
0 0.306641 0.384375 0.019531 0.038194
0 0.338086 0.433681 0.024609 0.031250
0 0.345313 0.420139 0.024219 0.034722
0 0.289062 0.349306 0.022656 0.034722
0 0.309375 0.368403 0.021094 0.032639
0 0.347461 0.398611 0.029297 0.034722
0 0.253711 0.302778 0.020703 0.026389
0 0.271875 0.316667 0.021094 0.030556
0 0.293750 0.333333 0.025781 0.029167
0 0.317188 0.353472 0.021875 0.029167
0 0.339258 0.368056 0.024609 0.029167
0 0.359961 0.385764 0.026953 0.035417
0 0.377930 0.693750 0.037891 0.043056
0 0.416211 0.695833 0.030859 0.044444
0 0.983008 0.963542 0.033984 0.049306
0 0.910156 0.846181 0.044531 0.045139
0 0.715820 0.977431 0.025391 0.045139
0 0.750391 0.849653 0.039062 0.049306
0 0.715625 0.823264 0.032813 0.050694
0 0.635742 0.753819 0.040234 0.050694
0 0.648828 0.957292 0.035156 0.054861
0 0.622070 0.987847 0.033203 0.024306
0 0.987109 0.772569 0.025781 0.043750
0 0.987695 0.750000 0.024609 0.034722
0 0.948828 0.750000 0.036719 0.040278
0 0.903125 0.717708 0.039844 0.043750
0 0.908789 0.698264 0.038672 0.046528
0 0.850586 0.679861 0.036328 0.050000
0 0.773242 0.587847 0.030859 0.036806
0 0.759375 0.671875 0.039062 0.039583
0 0.729102 0.626042 0.033984 0.040972
0 0.700000 0.626736 0.039062 0.042361
0 0.672070 0.565625 0.030859 0.032639
0 0.894336 0.478472 0.016016 0.029167
0 0.926758 0.417361 0.026172 0.029167
0 0.893750 0.396875 0.025781 0.031250
0 0.867383 0.442014 0.020703 0.038194
0 0.856445 0.362500 0.020703 0.029167
0 0.643164 0.373958 0.021484 0.032639
0 0.661523 0.352083 0.021484 0.029167
0 0.718164 0.263542 0.023828 0.034028
0 0.774805 0.276042 0.017578 0.027083
0 0.788867 0.203819 0.019141 0.028472
0 0.839844 0.207986 0.014844 0.021528
0 0.855273 0.139583 0.012891 0.023611
0 0.854883 0.120486 0.017578 0.031250
0 0.874219 0.104861 0.010937 0.018056
0 0.896484 0.099306 0.014063 0.016667
0 0.917969 0.064931 0.010156 0.018750
0 0.928125 0.064931 0.012500 0.021528
0 0.939063 0.080903 0.010937 0.015972
0 0.927148 0.112500 0.010547 0.018056
0 0.957031 0.060764 0.014063 0.024306
0 0.965430 0.070833 0.010547 0.018056
0 0.981055 0.053125 0.011328 0.015972
0 0.981836 0.038542 0.012109 0.017361
0 0.966406 0.030208 0.010156 0.014583
0 0.980078 0.007639 0.010937 0.012500
