2 0.762695 0.631944 0.084766 0.097222
2 0.358984 0.782986 0.084375 0.118750
2 0.298047 0.807639 0.083594 0.122222
1 0.210547 0.218750 0.024219 0.034722
1 0.228711 0.895486 0.055078 0.075694
1 0.623242 0.341667 0.026953 0.050000
0 0.012305 0.085764 0.011328 0.018750
0 0.095117 0.155208 0.015234 0.020139
0 0.144336 0.166667 0.012109 0.015278
0 0.319727 0.354167 0.024609 0.029167
0 0.340430 0.370139 0.022266 0.029167
0 0.361328 0.383333 0.019531 0.027778
0 0.387500 0.405903 0.025000 0.032639
0 0.413281 0.425347 0.027344 0.035417
0 0.438672 0.447917 0.025781 0.034722
0 0.381641 0.425694 0.025781 0.040278
0 0.404883 0.444097 0.028516 0.040972
0 0.437305 0.470486 0.030859 0.038194
0 0.155078 0.979514 0.044531 0.040972
0 0.378906 0.693403 0.035937 0.040972
0 0.417187 0.726736 0.032031 0.035417
0 0.416992 0.692361 0.032422 0.043056
0 0.378320 0.725347 0.028516 0.021528
0 0.178125 0.991667 0.042188 0.016667
0 0.716602 0.975694 0.022266 0.048611
0 0.626953 0.989931 0.026562 0.020139
0 0.650000 0.959028 0.037500 0.050000
0 0.750586 0.848264 0.037891 0.043750
0 0.638477 0.757292 0.041016 0.049306
0 0.661133 0.598611 0.034766 0.036111
0 0.723437 0.644444 0.036719 0.037500
0 0.685937 0.494444 0.026562 0.034722
0 0.600977 0.533333 0.030078 0.033333
0 0.613086 0.567708 0.037109 0.035417
0 0.924023 0.414236 0.021484 0.020139
0 0.895312 0.478819 0.018750 0.028472
0 0.893945 0.398611 0.024609 0.025000
0 0.868164 0.445833 0.018359 0.041667
0 0.858789 0.363889 0.021484 0.027778
2 0.837891 0.375694 0.047656 0.043056
0 0.795508 0.376042 0.023828 0.027083
0 0.671289 0.418750 0.015234 0.034722
0 0.973047 0.024306 0.010937 0.013889
0 0.902148 0.127778 0.012891 0.018056
0 0.851367 0.201389 0.017578 0.020833
0 0.882617 0.112153 0.015234 0.018750
0 0.837109 0.143056 0.014844 0.019444
0 0.754492 0.248611 0.019922 0.026389
0 0.713672 0.276042 0.017969 0.025694
0 0.721875 0.292361 0.018750 0.025000
0 0.687109 0.281597 0.016406 0.024306
0 0.697852 0.287153 0.020703 0.028472
0 0.696680 0.311111 0.022266 0.034722
0 0.668359 0.292708 0.016406 0.022917
0 0.679688 0.308333 0.019531 0.025000
0 0.680078 0.332292 0.019531 0.028472
0 0.658398 0.309028 0.018359 0.022222
0 0.663867 0.328125 0.018359 0.022917
0 0.661523 0.352778 0.020703 0.027778
0 0.635156 0.348958 0.027344 0.036806
0 0.642188 0.371528 0.020313 0.025000
