2 0.796680 0.655556 0.089453 0.102778
2 0.354297 0.784722 0.082812 0.119444
2 0.299805 0.802778 0.085547 0.119444
2 0.172852 0.181944 0.051172 0.061111
2 0.838477 0.375347 0.050391 0.047917
0 0.228320 0.893750 0.055859 0.079167
0 0.025000 0.094444 0.011719 0.018056
0 0.108789 0.150694 0.019922 0.025000
0 0.122656 0.174653 0.013281 0.017361
0 0.201367 0.231597 0.017578 0.021528
0 0.256250 0.241667 0.019531 0.022222
0 0.273633 0.270139 0.022266 0.029167
0 0.342773 0.304861 0.018359 0.025000
0 0.432812 0.401736 0.026562 0.027083
0 0.445508 0.377778 0.023828 0.026389
0 0.309766 0.347569 0.022656 0.031250
0 0.333398 0.367014 0.025391 0.032639
0 0.361133 0.386111 0.025391 0.030556
0 0.387695 0.408333 0.027734 0.034722
0 0.411719 0.425000 0.027344 0.034722
0 0.438672 0.446181 0.025781 0.034028
0 0.382812 0.425347 0.024219 0.035417
0 0.404297 0.445139 0.025000 0.034722
0 0.437891 0.470139 0.030469 0.040278
0 0.377930 0.695833 0.036328 0.044444
0 0.378320 0.728472 0.027734 0.026389
0 0.417383 0.693750 0.034766 0.040278
0 0.418555 0.727083 0.036328 0.036111
0 0.525195 0.598264 0.032422 0.042361
0 0.577930 0.610764 0.032422 0.040972
0 0.627148 0.622917 0.031641 0.041667
0 0.627148 0.987153 0.023828 0.025694
0 0.649414 0.959375 0.037891 0.053472
0 0.716602 0.976736 0.023828 0.046528
0 0.635938 0.756250 0.041406 0.054167
0 0.702734 0.720833 0.040625 0.050000
0 0.751172 0.851042 0.038281 0.047917
0 0.816016 0.846528 0.042188 0.051389
0 0.911523 0.877083 0.041016 0.050000
0 0.975586 0.885069 0.040234 0.054861
0 0.723633 0.644097 0.032422 0.039583
0 0.661133 0.599306 0.035547 0.040278
0 0.614844 0.569792 0.033594 0.038194
0 0.599805 0.536458 0.028516 0.032639
0 0.631641 0.524653 0.037500 0.052083
0 0.924219 0.413542 0.018750 0.018750
0 0.957812 0.525000 0.028906 0.033333
0 0.895312 0.480208 0.019531 0.034028
0 0.894922 0.398611 0.023438 0.030556
0 0.868164 0.442014 0.016797 0.042361
0 0.857617 0.362500 0.023828 0.031944
0 0.697461 0.372222 0.019922 0.026389
0 0.681250 0.452083 0.017969 0.037500
0 0.989258 0.007292 0.010547 0.013194
0 0.964844 0.021181 0.009375 0.014583
0 0.889844 0.105903 0.014063 0.020139
0 0.790039 0.209028 0.018359 0.023611
0 0.726758 0.261111 0.017578 0.023611
0 0.707227 0.262500 0.016016 0.025000
0 0.698242 0.288194 0.020703 0.027778
0 0.676758 0.284722 0.019922 0.025000
0 0.679883 0.309028 0.018359 0.025000
0 0.697070 0.312847 0.023828 0.036806
0 0.659180 0.307639 0.018359 0.026389
0 0.662695 0.328819 0.019141 0.024306
0 0.680078 0.331944 0.021875 0.029167
0 0.623242 0.339931 0.029297 0.047917
0 0.635547 0.350347 0.024219 0.036806
0 0.660742 0.354514 0.021484 0.027083
0 0.641602 0.373611 0.019922 0.029167
