2 0.795312 0.615972 0.117969 0.112500
2 0.625000 0.330556 0.050781 0.077778
2 0.230273 0.877431 0.080078 0.106250
2 0.126562 0.963542 0.103125 0.072917
1 0.434766 0.365625 0.042969 0.050694
1 0.223633 0.228125 0.041016 0.057639
2 0.831445 0.372222 0.064453 0.051389
1 0.797461 0.258333 0.026172 0.044444
1 0.342383 0.805208 0.056641 0.081250
0 0.008594 0.119097 0.012500 0.020139
0 0.045117 0.149306 0.013672 0.015278
0 0.068164 0.176042 0.013672 0.020139
0 0.104102 0.201042 0.016016 0.020139
0 0.160352 0.282292 0.019141 0.024306
0 0.201172 0.298611 0.019531 0.027778
0 0.248047 0.300694 0.021094 0.026389
0 0.274219 0.255903 0.017969 0.020139
0 0.340820 0.288542 0.023828 0.022917
0 0.302734 0.404514 0.021094 0.028472
0 0.314063 0.395139 0.021875 0.031944
0 0.359375 0.386806 0.023438 0.027778
0 0.072461 0.921528 0.035547 0.051389
0 0.192773 0.980208 0.032422 0.039583
0 0.233008 0.934375 0.040234 0.031250
0 0.182422 0.834722 0.045312 0.072222
0 0.275000 0.717361 0.030469 0.040278
0 0.293750 0.865625 0.039844 0.039583
0 0.288672 0.836458 0.029687 0.049306
0 0.324609 0.789583 0.031250 0.044444
0 0.364648 0.751736 0.035547 0.042361
0 0.384766 0.764931 0.032813 0.042361
0 0.400781 0.710764 0.032813 0.043750
0 0.414844 0.729514 0.029687 0.042361
0 0.502344 0.386458 0.030469 0.021528
0 0.561133 0.968750 0.043359 0.058333
0 0.616211 0.985764 0.040234 0.028472
0 0.716211 0.978819 0.023828 0.042361
0 0.651563 0.957986 0.033594 0.057639
0 0.637891 0.878819 0.032813 0.063194
0 0.678711 0.807639 0.019141 0.051389
0 0.635938 0.757292 0.038281 0.043750
0 0.671680 0.675000 0.036328 0.052778
0 0.750781 0.850347 0.037500 0.046528
0 0.854492 0.805556 0.039453 0.050000
0 0.987695 0.774653 0.024609 0.039583
0 0.988281 0.750000 0.023438 0.029167
0 0.949414 0.751389 0.030078 0.038889
0 0.904492 0.719097 0.034766 0.036806
0 0.907617 0.696875 0.031641 0.039583
0 0.859180 0.684028 0.044922 0.052778
0 0.811523 0.660069 0.034766 0.034028
0 0.821484 0.621181 0.030469 0.040972
0 0.759766 0.625694 0.031250 0.031944
0 0.718164 0.638194 0.033984 0.038889
0 0.728906 0.626389 0.032031 0.034722
0 0.893945 0.481250 0.018359 0.033333
0 0.925000 0.416667 0.022656 0.023611
0 0.893750 0.396875 0.025000 0.029861
0 0.867969 0.444792 0.015625 0.040972
0 0.856836 0.362500 0.019922 0.022222
0 0.628906 0.362847 0.020313 0.029861
0 0.692578 0.278819 0.018750 0.024306
0 0.705078 0.366319 0.018750 0.028472
0 0.770508 0.311458 0.016797 0.028472
0 0.751758 0.220139 0.021484 0.027778
0 0.784766 0.206250 0.014844 0.020833
0 0.804688 0.171875 0.014063 0.018750
0 0.825977 0.149653 0.013672 0.018750
0 0.862109 0.187500 0.012500 0.019444
1 0.918750 0.107292 0.014844 0.025694
0 0.904883 0.079167 0.009766 0.015278
0 0.959766 0.078125 0.008594 0.014583
0 0.957617 0.028125 0.009766 0.013194
0 0.988477 0.008681 0.008984 0.011806
