1 0.874805 0.659722 0.074609 0.077778
1 0.899805 0.710764 0.059766 0.064583
1 0.854297 0.722222 0.068750 0.077778
1 0.623633 0.339583 0.031641 0.050000
1 0.227539 0.894444 0.055859 0.077778
2 0.935156 0.493403 0.042969 0.053472
2 0.411133 0.558333 0.076953 0.104167
2 0.312500 0.790972 0.086719 0.125000
2 0.359766 0.778472 0.082812 0.120833
2 0.929102 0.110417 0.023047 0.041667
0 0.028906 0.151736 0.012500 0.020139
0 0.077734 0.211806 0.019531 0.023611
0 0.158398 0.280208 0.016797 0.027083
0 0.242969 0.298958 0.023438 0.032639
0 0.263086 0.347222 0.023047 0.038889
0 0.374023 0.399653 0.028516 0.032639
0 0.374805 0.422917 0.030078 0.040278
0 0.429883 0.432986 0.030859 0.031250
0 0.319336 0.397569 0.025391 0.032639
0 0.304883 0.408681 0.027734 0.036806
0 0.291797 0.422569 0.028906 0.034028
0 0.275391 0.715278 0.032813 0.040278
0 0.156641 0.978472 0.046094 0.040278
0 0.378320 0.693056 0.037109 0.041667
0 0.416602 0.690278 0.033984 0.036111
0 0.418945 0.727083 0.031641 0.034722
0 0.378906 0.724306 0.027344 0.023611
0 0.286328 0.877431 0.038281 0.031250
0 0.716992 0.976736 0.021484 0.046528
0 0.751172 0.850347 0.042188 0.042361
0 0.635742 0.756597 0.041797 0.049306
0 0.663672 0.937847 0.039844 0.056250
0 0.627930 0.987847 0.026953 0.024306
0 0.965039 0.021528 0.011328 0.018056
0 0.973242 0.047222 0.011328 0.018056
0 0.913281 0.078819 0.011719 0.017361
0 0.833203 0.145486 0.017969 0.022917
0 0.849023 0.179861 0.014453 0.022222
0 0.853906 0.195139 0.013281 0.022222
0 0.816016 0.216319 0.020313 0.020139
0 0.804883 0.252083 0.016797 0.023611
0 0.771484 0.270486 0.017188 0.027083
0 0.720703 0.326389 0.020313 0.026389
0 0.719141 0.354861 0.023438 0.031944
0 0.678516 0.380903 0.022656 0.032639
0 0.629883 0.429514 0.030859 0.027083
0 0.694727 0.484375 0.024609 0.042361
0 0.734375 0.538194 0.032031 0.036111
0 0.792969 0.583333 0.035937 0.034722
0 0.752930 0.617361 0.035547 0.040278
0 0.759961 0.603125 0.037891 0.042361
0 0.805664 0.627083 0.037109 0.038889
0 0.801953 0.650000 0.032813 0.040278
0 0.925977 0.417708 0.024609 0.028472
0 0.895117 0.478819 0.020703 0.031250
0 0.894922 0.399306 0.028125 0.029167
0 0.868359 0.445486 0.019531 0.043750
0 0.846680 0.372917 0.030078 0.030556
0 0.858398 0.364583 0.024609 0.029167
0 0.829688 0.351736 0.022656 0.025694
0 0.762695 0.222222 0.018359 0.022222
0 0.749023 0.257986 0.017578 0.024306
0 0.742188 0.240972 0.016406 0.023611
0 0.728320 0.258681 0.023047 0.028472
0 0.733789 0.275000 0.018359 0.025000
0 0.702930 0.265278 0.018359 0.027778
0 0.711914 0.278125 0.015234 0.024306
0 0.720313 0.293403 0.019531 0.025694
0 0.687305 0.280903 0.015234 0.028472
0 0.697461 0.287153 0.017578 0.024306
0 0.695703 0.311458 0.019531 0.036806
0 0.667969 0.291667 0.016406 0.022222
0 0.680469 0.309028 0.022656 0.031944
0 0.680078 0.333681 0.023438 0.029861
0 0.658984 0.310764 0.020313 0.027083
0 0.664453 0.325694 0.021875 0.027778
0 0.660352 0.353819 0.019922 0.032639
0 0.635352 0.353472 0.026953 0.040278
0 0.643359 0.371181 0.020313 0.024306
