2 0.657422 0.423958 0.064062 0.082639
2 0.794336 0.615972 0.118359 0.115278
2 0.789648 0.175347 0.032422 0.054861
2 0.827734 0.371528 0.069531 0.052778
1 0.521680 0.481250 0.062109 0.061111
1 0.345898 0.803125 0.047266 0.072917
1 0.660352 0.345833 0.025391 0.051389
1 0.649023 0.331597 0.036328 0.059028
1 0.649609 0.305903 0.044531 0.064583
1 0.717187 0.245833 0.028906 0.036111
0 0.228711 0.281944 0.021484 0.029167
0 0.277344 0.326042 0.025000 0.029861
0 0.319141 0.356597 0.025000 0.029861
0 0.356445 0.390625 0.028516 0.034028
0 0.414453 0.436806 0.030469 0.036111
0 0.446875 0.475347 0.032031 0.038194
0 0.472266 0.459028 0.031250 0.037500
0 0.589453 0.455208 0.031250 0.029861
0 0.473438 0.547917 0.037500 0.034722
0 0.430273 0.580556 0.028516 0.036111
0 0.568750 0.564583 0.037500 0.033333
0 0.258594 0.867014 0.037500 0.039583
0 0.269141 0.898958 0.039062 0.042361
0 0.178320 0.990278 0.044141 0.019444
0 0.322852 0.794097 0.037109 0.046528
0 0.362891 0.748958 0.031250 0.042361
0 0.383398 0.766667 0.033203 0.041667
0 0.416016 0.728472 0.032031 0.043056
0 0.396484 0.714583 0.033594 0.041667
0 0.378125 0.696181 0.035937 0.035417
0 0.541602 0.981944 0.048828 0.036111
0 0.615039 0.985417 0.048047 0.029167
0 0.650977 0.955903 0.041016 0.057639
0 0.619922 0.911806 0.035156 0.068056
0 0.635352 0.756944 0.042578 0.047222
0 0.601562 0.664931 0.026562 0.046528
0 0.673047 0.809722 0.029687 0.069444
0 0.717578 0.976736 0.024219 0.046528
0 0.749219 0.849653 0.038281 0.053472
0 0.821094 0.621875 0.032031 0.040972
0 0.712695 0.516667 0.025391 0.033333
0 0.687305 0.490972 0.026172 0.041667
0 0.895312 0.479167 0.019531 0.031944
0 0.924414 0.415972 0.023828 0.026389
0 0.893750 0.398611 0.026562 0.030556
0 0.867773 0.442361 0.016797 0.041667
0 0.856836 0.363542 0.023828 0.025694
0 0.787305 0.354167 0.017578 0.034722
0 0.638086 0.373264 0.020703 0.039583
0 0.621875 0.372569 0.019531 0.031250
0 0.609180 0.359722 0.016797 0.026389
0 0.623828 0.339583 0.021875 0.031944
0 0.683398 0.330903 0.019141 0.029861
0 0.671484 0.316667 0.014844 0.025000
0 0.706836 0.302431 0.018359 0.032639
0 0.687500 0.301736 0.022656 0.034028
0 0.678516 0.286806 0.017969 0.025000
0 0.698633 0.270833 0.019922 0.026389
0 0.705273 0.278819 0.018359 0.027083
0 0.722266 0.285069 0.017969 0.029861
0 0.738086 0.267708 0.016797 0.029861
0 0.754297 0.253472 0.017969 0.030556
0 0.736914 0.232292 0.018359 0.029861
0 0.770312 0.231597 0.016406 0.027083
0 0.783594 0.212847 0.014063 0.025694
0 0.803320 0.195833 0.013672 0.025000
0 0.814063 0.184375 0.014844 0.021528
0 0.827148 0.171875 0.014453 0.021528
0 0.816602 0.158681 0.012891 0.020139
0 0.849609 0.175347 0.016406 0.020139
0 0.821289 0.236111 0.016797 0.018056
0 0.771289 0.267014 0.016797 0.025694
0 0.767773 0.301736 0.018359 0.025694
0 0.950195 0.045139 0.011328 0.022222
0 0.956055 0.031597 0.009766 0.015972
