2 0.278711 0.333333 0.055859 0.079167
2 0.293555 0.856944 0.119141 0.147222
2 0.831445 0.370486 0.069922 0.057639
2 0.724414 0.635764 0.069922 0.082639
1 0.242383 0.301042 0.037109 0.047917
1 0.175391 0.290972 0.028125 0.044444
1 0.198633 0.315972 0.027734 0.027778
1 0.855664 0.114236 0.028516 0.050694
1 0.944141 0.034722 0.019531 0.027778
1 0.959375 0.030903 0.018750 0.022917
1 0.666406 0.340625 0.028125 0.047917
0 0.196094 0.226736 0.021094 0.025694
0 0.360156 0.317014 0.025000 0.032639
0 0.192188 0.288542 0.017969 0.022917
0 0.211133 0.305556 0.023828 0.027778
0 0.218945 0.336111 0.024609 0.033333
0 0.234375 0.322917 0.027344 0.033333
0 0.258008 0.344444 0.021484 0.025000
0 0.275586 0.361111 0.028516 0.029167
0 0.245312 0.357639 0.025000 0.027778
0 0.268164 0.376389 0.028516 0.033333
0 0.256641 0.388194 0.023438 0.036111
0 0.323242 0.358333 0.029297 0.029167
0 0.313281 0.369097 0.024219 0.021528
0 0.350000 0.379167 0.024219 0.025000
0 0.336133 0.392361 0.027734 0.030556
0 0.323437 0.402083 0.023438 0.033333
0 0.308398 0.409722 0.027734 0.036111
0 0.537500 0.450000 0.028125 0.041667
0 0.544531 0.536458 0.037500 0.052083
0 0.509180 0.560069 0.026953 0.042361
0 0.534180 0.652083 0.048047 0.040278
0 0.335547 0.659375 0.039844 0.046528
0 0.379688 0.701042 0.039844 0.046528
0 0.450000 0.681597 0.042188 0.061806
0 0.647070 0.680903 0.048828 0.057639
0 0.635938 0.756597 0.042969 0.047917
0 0.670898 0.824306 0.033203 0.069444
0 0.716602 0.974306 0.031641 0.051389
0 0.618750 0.916667 0.039844 0.061111
0 0.750781 0.851736 0.042969 0.057639
0 0.816211 0.845833 0.045703 0.061111
0 0.962305 0.734375 0.040234 0.049306
0 0.905859 0.698264 0.043750 0.052083
0 0.887891 0.711458 0.034375 0.046528
0 0.856250 0.664236 0.037500 0.042361
0 0.836914 0.673611 0.033203 0.045833
0 0.820312 0.618056 0.032813 0.033333
0 0.808984 0.628819 0.040625 0.040972
0 0.791797 0.646181 0.035937 0.040972
0 0.774219 0.586111 0.038281 0.036111
0 0.766602 0.600000 0.033984 0.031944
0 0.754297 0.616319 0.034375 0.042361
0 0.894922 0.483333 0.021875 0.041667
0 0.867578 0.451042 0.016406 0.049306
0 0.926172 0.416667 0.024219 0.027778
0 0.891602 0.397222 0.030078 0.031944
0 0.858789 0.361111 0.030078 0.029167
0 0.796289 0.376389 0.031641 0.030556
0 0.602734 0.358333 0.023438 0.029167
0 0.606250 0.389236 0.027344 0.039583
0 0.639648 0.373264 0.024609 0.045139
0 0.694141 0.354861 0.016406 0.033333
2 0.720313 0.356944 0.034375 0.061111
0 0.746094 0.300347 0.021094 0.028472
0 0.769922 0.296875 0.014844 0.027083
0 0.683203 0.304167 0.023438 0.033333
0 0.708789 0.303819 0.024609 0.027083
0 0.716016 0.270139 0.022656 0.040278
0 0.748828 0.242361 0.022656 0.026389
0 0.753125 0.218750 0.018750 0.027778
0 0.779687 0.205556 0.024219 0.027778
0 0.808984 0.164236 0.013281 0.022917
0 0.815430 0.173958 0.012891 0.021528
0 0.861719 0.132639 0.017969 0.026389
0 0.874023 0.106597 0.009766 0.020139
0 0.881836 0.118750 0.013672 0.025000
0 0.886133 0.096875 0.012891 0.021528
0 0.900586 0.084028 0.013672 0.015278
0 0.923633 0.062847 0.016016 0.020139
0 0.941992 0.100347 0.015234 0.017361
0 0.948047 0.052431 0.011719 0.015972
