2 0.208789 0.272917 0.052734 0.062500
2 0.478906 0.482292 0.069531 0.092361
2 0.826172 0.371181 0.078125 0.071528
2 0.841211 0.715972 0.071484 0.076389
2 0.381641 0.764583 0.062500 0.083333
1 0.125000 0.216667 0.039062 0.050000
1 0.082812 0.215625 0.027344 0.038194
1 0.230859 0.938889 0.055469 0.070833
1 0.653320 0.309722 0.033203 0.048611
1 0.767969 0.214931 0.030469 0.039583
1 0.893945 0.077778 0.022266 0.033333
1 0.850391 0.142708 0.019531 0.031250
0 0.266992 0.249306 0.020703 0.027778
0 0.251172 0.301042 0.023438 0.027083
1 0.198047 0.314236 0.028906 0.032639
0 0.189844 0.289583 0.021094 0.023611
0 0.214453 0.306944 0.019531 0.029167
0 0.235156 0.322917 0.027344 0.038889
0 0.220117 0.334722 0.020703 0.030556
0 0.273633 0.319792 0.023828 0.036806
0 0.297266 0.336806 0.021875 0.026389
0 0.321680 0.355556 0.023828 0.029167
0 0.349219 0.379861 0.028906 0.036111
0 0.256250 0.343750 0.023438 0.030556
0 0.236133 0.321875 0.027734 0.042361
0 0.276562 0.360069 0.025000 0.029861
0 0.322266 0.400000 0.022656 0.034722
0 0.298047 0.379167 0.021094 0.027778
0 0.313867 0.367014 0.023047 0.029861
0 0.335938 0.389236 0.023438 0.032639
0 0.307812 0.410764 0.025000 0.031250
0 0.268164 0.376042 0.023047 0.034028
0 0.246289 0.354861 0.020703 0.027778
0 0.254688 0.385764 0.025000 0.039583
0 0.437109 0.564583 0.040625 0.055556
0 0.258594 0.764931 0.037500 0.045139
0 0.261914 0.855903 0.039453 0.050694
0 0.287109 0.879861 0.040625 0.045833
1 0.306250 0.809028 0.041406 0.058333
0 0.329883 0.829861 0.040234 0.048611
0 0.352734 0.753125 0.028906 0.049306
0 0.377539 0.698958 0.029297 0.045139
0 0.407813 0.696181 0.027344 0.043750
0 0.427930 0.707292 0.030078 0.043750
0 0.547852 0.418403 0.026172 0.039583
0 0.558203 0.440278 0.021875 0.041667
0 0.611133 0.387153 0.026953 0.039583
0 0.612695 0.353472 0.024609 0.034722
0 0.656445 0.334028 0.018359 0.030556
0 0.698047 0.292361 0.017969 0.030556
0 0.723828 0.264931 0.017969 0.029861
0 0.743945 0.223958 0.016797 0.025694
0 0.742773 0.245139 0.019141 0.023611
0 0.645312 0.877778 0.038281 0.059722
0 0.635156 0.757292 0.042969 0.056250
0 0.715234 0.822222 0.035156 0.055556
0 0.715820 0.976042 0.024609 0.043750
0 0.750781 0.849306 0.039844 0.050000
0 0.895703 0.885417 0.051562 0.054167
0 0.965039 0.733681 0.039453 0.050694
0 0.911719 0.703125 0.039062 0.050694
0 0.892578 0.716667 0.035937 0.048611
0 0.855664 0.666319 0.036328 0.040972
0 0.834961 0.672569 0.033984 0.043750
0 0.820312 0.616667 0.036719 0.044444
0 0.809570 0.628472 0.048047 0.050000
0 0.791016 0.649653 0.034375 0.049306
0 0.753516 0.614236 0.037500 0.049306
0 0.767188 0.603125 0.035156 0.045139
0 0.777344 0.587153 0.039844 0.043750
0 0.893945 0.480208 0.017578 0.035417
0 0.926562 0.417361 0.024219 0.034722
0 0.892578 0.395833 0.032031 0.037500
0 0.866797 0.443750 0.025000 0.048611
0 0.859375 0.361111 0.030469 0.041667
0 0.781250 0.195486 0.014844 0.021528
0 0.796094 0.180903 0.014844 0.022917
0 0.809961 0.186111 0.018359 0.025000
0 0.809766 0.164583 0.013281 0.019444
0 0.819727 0.151042 0.012109 0.018750
0 0.833203 0.158681 0.015625 0.024306
0 0.833789 0.143056 0.016797 0.020833
0 0.859375 0.118750 0.012500 0.020833
0 0.869727 0.113889 0.010547 0.018056
0 0.876367 0.102778 0.010547 0.015278
0 0.864844 0.133333 0.010156 0.016667
0 0.877148 0.124653 0.012109 0.013194
0 0.849023 0.126389 0.010547 0.015278
0 0.895703 0.105208 0.012500 0.011806
0 0.907422 0.089583 0.010937 0.016667
0 0.913086 0.086458 0.008984 0.011806
0 0.912695 0.069444 0.010547 0.015278
0 0.903125 0.076736 0.008594 0.013194
0 0.921094 0.076736 0.014844 0.018750
0 0.927539 0.068056 0.012109 0.015278
0 0.937109 0.050000 0.009375 0.015278
0 0.942383 0.041667 0.008984 0.012500
