2 0.697461 0.550000 0.110547 0.112500
2 0.796094 0.652431 0.086719 0.092361
2 0.837500 0.374653 0.052344 0.049306
2 0.217578 0.210069 0.039844 0.057639
1 0.910156 0.132292 0.020313 0.031250
0 0.093164 0.125347 0.020703 0.025694
0 0.034570 0.158681 0.012891 0.020139
0 0.174805 0.298611 0.019141 0.026389
0 0.194336 0.310069 0.020703 0.028472
0 0.233203 0.348958 0.022656 0.032639
0 0.258594 0.370486 0.021094 0.031250
0 0.299414 0.401042 0.023047 0.032639
0 0.326758 0.449306 0.028516 0.034722
0 0.217969 0.311111 0.019531 0.030556
0 0.238477 0.328819 0.022266 0.036806
0 0.270508 0.350000 0.029297 0.052778
0 0.338477 0.409722 0.024609 0.036111
0 0.394922 0.481944 0.026562 0.034722
0 0.385352 0.451736 0.024609 0.038194
0 0.254102 0.304514 0.018359 0.029861
0 0.271680 0.315972 0.021484 0.030556
0 0.294531 0.332639 0.021875 0.029167
0 0.317969 0.353125 0.023438 0.031250
0 0.339258 0.368403 0.023828 0.035417
0 0.362891 0.387847 0.024219 0.028472
0 0.290039 0.350347 0.021484 0.032639
0 0.314648 0.370139 0.023047 0.034722
0 0.367383 0.413889 0.030859 0.034722
0 0.379102 0.697222 0.034766 0.047222
0 0.416797 0.693056 0.033594 0.043056
0 0.335352 0.820139 0.037891 0.043056
0 0.716016 0.976042 0.022656 0.047917
0 0.621484 0.990972 0.028125 0.018056
0 0.649023 0.961111 0.037891 0.054167
0 0.635352 0.753472 0.038672 0.043056
0 0.744727 0.808681 0.038672 0.039583
0 0.750586 0.851042 0.039453 0.045139
0 0.982812 0.770833 0.034375 0.047222
0 0.979492 0.743750 0.033203 0.036111
0 0.932227 0.736806 0.032422 0.037500
0 0.882617 0.706250 0.036328 0.038889
0 0.896289 0.688889 0.031641 0.031944
0 0.750000 0.663194 0.035937 0.037500
0 0.724023 0.625000 0.031641 0.037500
0 0.734570 0.606597 0.033984 0.032639
0 0.724609 0.556597 0.026562 0.035417
0 0.672852 0.607292 0.035547 0.042361
0 0.570312 0.493056 0.032813 0.030556
0 0.925391 0.415625 0.020313 0.024306
0 0.893945 0.395833 0.025391 0.026389
0 0.894727 0.479514 0.017578 0.035417
0 0.868555 0.442708 0.016797 0.039583
0 0.857031 0.362847 0.022656 0.029861
0 0.642773 0.372917 0.021484 0.029167
0 0.660352 0.352083 0.019922 0.027778
0 0.683203 0.301389 0.024219 0.034722
0 0.753125 0.235069 0.016406 0.021528
0 0.820117 0.217361 0.013672 0.026389
0 0.864844 0.181944 0.018750 0.026389
0 0.824414 0.168750 0.013672 0.023611
0 0.825586 0.148264 0.018359 0.034028
0 0.848242 0.130556 0.012891 0.023611
0 0.872656 0.121875 0.016406 0.018750
0 0.904883 0.089236 0.012109 0.022917
0 0.893750 0.087847 0.009375 0.015972
0 0.914258 0.068403 0.011328 0.015972
0 0.919922 0.104861 0.014063 0.019444
0 0.950781 0.088194 0.012500 0.015278
0 0.962305 0.061111 0.010547 0.016667
0 0.947070 0.049306 0.010547 0.015278
0 0.959570 0.027083 0.010547 0.016667
0 0.977148 0.040972 0.010547 0.022222
0 0.982617 0.049306 0.008203 0.016667
0 0.997656 0.031250 0.004687 0.012500
0 0.997656 0.019444 0.004687 0.015278
