2 0.320703 0.366667 0.055469 0.073611
1 0.380273 0.492708 0.063672 0.088194
1 0.709766 0.247569 0.039844 0.054861
2 0.826562 0.369097 0.069531 0.056250
2 0.737109 0.527083 0.075781 0.087500
2 0.965820 0.699306 0.068359 0.083333
2 0.674219 0.418750 0.039062 0.115278
1 0.264648 0.327083 0.037891 0.056944
1 0.196289 0.313542 0.030859 0.036806
2 0.694141 0.614583 0.064844 0.068056
1 0.662305 0.346528 0.027734 0.047222
2 0.648633 0.330208 0.032422 0.057639
0 0.160352 0.231250 0.020703 0.029167
0 0.052539 0.157292 0.014453 0.020139
0 0.029297 0.096528 0.013281 0.022222
0 0.072461 0.128125 0.017578 0.022917
0 0.131445 0.242361 0.018359 0.025000
0 0.173047 0.277083 0.019531 0.026389
0 0.234180 0.289236 0.024609 0.027083
0 0.212500 0.307292 0.022656 0.027083
0 0.248438 0.333681 0.025781 0.028472
0 0.288867 0.368056 0.026953 0.040278
0 0.302734 0.405556 0.027344 0.034722
0 0.337109 0.411458 0.025000 0.034028
0 0.347461 0.440972 0.026172 0.034722
0 0.391602 0.433333 0.032422 0.031944
0 0.385352 0.408681 0.028516 0.032639
0 0.364453 0.347917 0.028125 0.023611
0 0.396484 0.337847 0.029687 0.031250
0 0.472852 0.400694 0.030859 0.038889
0 0.492773 0.392361 0.027734 0.033333
0 0.424609 0.457292 0.030469 0.042361
0 0.411328 0.462847 0.026562 0.031250
0 0.415430 0.494444 0.028516 0.044444
0 0.378711 0.699306 0.036328 0.044444
0 0.532422 0.621181 0.032813 0.042361
0 0.534570 0.594792 0.026953 0.043750
0 0.572266 0.600000 0.032031 0.045833
0 0.591602 0.478472 0.033984 0.040278
0 0.653906 0.508333 0.026562 0.037500
0 0.611719 0.536111 0.032813 0.045833
0 0.633398 0.532292 0.020703 0.038194
0 0.669531 0.581250 0.029687 0.027778
0 0.716211 0.590625 0.033984 0.034028
0 0.695508 0.557639 0.033984 0.038889
0 0.636133 0.755903 0.041016 0.050694
0 0.752344 0.738889 0.041406 0.045833
0 0.758398 0.672569 0.041016 0.042361
0 0.749805 0.848264 0.040234 0.046528
0 0.716406 0.977431 0.026562 0.045139
0 0.651172 0.954861 0.033594 0.058333
0 0.616602 0.986458 0.047266 0.027083
0 0.553125 0.978472 0.047656 0.043056
0 0.641016 0.873958 0.034375 0.060417
0 0.838867 0.724653 0.039453 0.040972
0 0.880273 0.755903 0.040234 0.043750
0 0.933984 0.739236 0.038281 0.043750
0 0.903125 0.694792 0.038281 0.038194
0 0.898242 0.648958 0.034766 0.045139
0 0.976953 0.745833 0.015625 0.030556
0 0.853320 0.682986 0.034766 0.039583
0 0.809375 0.638194 0.033594 0.045833
0 0.846875 0.638889 0.036719 0.044444
0 0.819531 0.595139 0.032813 0.040278
0 0.772070 0.589236 0.032422 0.043750
0 0.782422 0.640625 0.032813 0.043750
0 0.758594 0.670139 0.040625 0.055556
0 0.895117 0.480208 0.020703 0.036806
0 0.925195 0.416667 0.022266 0.030556
0 0.896680 0.397569 0.023828 0.028472
0 0.867578 0.446181 0.014844 0.052083
0 0.857422 0.361111 0.025000 0.026389
0 0.638281 0.372917 0.022656 0.045833
0 0.623242 0.371875 0.023828 0.032639
0 0.609375 0.359375 0.016406 0.028472
0 0.624219 0.338194 0.019531 0.031944
0 0.683984 0.330208 0.021875 0.032639
0 0.706250 0.302083 0.024219 0.034722
0 0.728711 0.281597 0.016797 0.024306
0 0.747070 0.259375 0.017578 0.027083
0 0.757617 0.215278 0.020703 0.029167
0 0.824023 0.153819 0.017578 0.024306
0 0.944922 0.039931 0.012500 0.020139
0 0.966406 0.030208 0.010156 0.018750
