2 0.897070 0.411806 0.042578 0.044444
2 0.719336 0.602083 0.081641 0.094444
2 0.358203 0.782292 0.082812 0.120139
2 0.301758 0.803819 0.083984 0.127083
1 0.226562 0.893750 0.053906 0.079167
1 0.622266 0.338889 0.025000 0.051389
2 0.686914 0.400347 0.026172 0.081250
0 0.014648 0.126736 0.014453 0.022917
0 0.110352 0.239931 0.022266 0.028472
0 0.036133 0.177431 0.014453 0.020139
0 0.199414 0.298264 0.021484 0.028472
0 0.319336 0.355903 0.022266 0.034028
0 0.341406 0.371875 0.023438 0.036806
0 0.375195 0.396181 0.023047 0.029861
0 0.409961 0.420833 0.027734 0.034722
0 0.457031 0.448611 0.032031 0.030556
0 0.530078 0.468750 0.035937 0.027778
0 0.385352 0.427778 0.025391 0.034722
0 0.423633 0.455556 0.029297 0.036111
0 0.497070 0.488194 0.040234 0.029167
0 0.500781 0.521181 0.034375 0.031250
0 0.544336 0.554861 0.038672 0.036111
0 0.155273 0.978125 0.043359 0.043750
0 0.378320 0.694097 0.033203 0.043750
0 0.379102 0.725347 0.030859 0.024306
0 0.416602 0.692361 0.034766 0.041667
0 0.418555 0.728472 0.033984 0.043056
0 0.717773 0.977083 0.026172 0.045833
0 0.649609 0.962153 0.039062 0.059028
0 0.626563 0.988194 0.027344 0.023611
0 0.636719 0.754861 0.039844 0.047222
0 0.751172 0.850000 0.038281 0.044444
0 0.873633 0.698264 0.037891 0.039583
0 0.921875 0.704514 0.039062 0.042361
0 0.894727 0.480903 0.020703 0.034028
0 0.926953 0.418056 0.020313 0.025000
0 0.857227 0.364583 0.023828 0.027778
0 0.846875 0.372917 0.028125 0.031944
0 0.830078 0.352083 0.022656 0.025000
0 0.867773 0.445833 0.016797 0.040278
0 0.766016 0.602778 0.031250 0.043056
0 0.698438 0.627083 0.034375 0.038889
0 0.606836 0.563542 0.041016 0.036806
0 0.946289 0.050000 0.012109 0.016667
0 0.892383 0.104514 0.012891 0.021528
0 0.854297 0.139931 0.017969 0.022917
0 0.851758 0.181250 0.016016 0.022222
0 0.827734 0.206250 0.017969 0.026389
0 0.799414 0.236458 0.021484 0.021528
0 0.732422 0.254167 0.018750 0.029167
0 0.732812 0.273958 0.015625 0.024306
0 0.720508 0.293056 0.017578 0.023611
0 0.702930 0.265278 0.016797 0.025000
0 0.712500 0.274653 0.017969 0.025694
0 0.687500 0.280903 0.016406 0.022917
0 0.697852 0.287153 0.018359 0.024306
0 0.696289 0.310069 0.019141 0.032639
0 0.668555 0.291667 0.016797 0.020833
0 0.679688 0.307986 0.017969 0.025694
0 0.680078 0.331597 0.021094 0.028472
0 0.658789 0.309722 0.018359 0.025000
0 0.664258 0.326042 0.022266 0.024306
0 0.660937 0.351736 0.019531 0.029861
0 0.635547 0.352431 0.024219 0.036806
0 0.641797 0.373264 0.019531 0.027083
