2 0.789062 0.649306 0.087500 0.095833
2 0.837109 0.377431 0.049219 0.047917
2 0.110156 0.138194 0.035156 0.050000
2 0.299023 0.807639 0.081641 0.122222
2 0.357617 0.784028 0.083984 0.120833
0 0.037305 0.102083 0.015234 0.026389
0 0.036719 0.115625 0.012500 0.015972
0 0.165430 0.191319 0.017578 0.022917
0 0.170117 0.180556 0.012109 0.020833
0 0.250586 0.239236 0.016797 0.021528
0 0.336328 0.300347 0.021875 0.024306
0 0.309180 0.310764 0.023047 0.025694
0 0.316211 0.353125 0.021484 0.025694
0 0.339844 0.369097 0.027344 0.032639
0 0.362695 0.386111 0.020703 0.031944
0 0.388281 0.409375 0.026562 0.034028
0 0.412695 0.425694 0.025391 0.034722
0 0.438672 0.446528 0.025781 0.031944
0 0.382422 0.425000 0.024219 0.038889
0 0.405469 0.443403 0.025781 0.038194
0 0.438281 0.471181 0.030469 0.040972
0 0.482031 0.418056 0.035156 0.052778
0 0.138086 0.990972 0.037891 0.018056
0 0.227148 0.893403 0.049609 0.074306
0 0.377734 0.694097 0.033594 0.036806
0 0.416797 0.694444 0.031250 0.043056
0 0.417578 0.726042 0.031250 0.035417
0 0.600195 0.535069 0.029297 0.032639
0 0.611523 0.569444 0.034766 0.037500
0 0.660352 0.604514 0.036328 0.039583
0 0.722852 0.646875 0.035547 0.036806
0 0.860938 0.622222 0.034375 0.036111
0 0.975586 0.699653 0.036328 0.039583
0 0.636133 0.755208 0.039453 0.046528
0 0.735156 0.765625 0.041406 0.049306
0 0.824414 0.760069 0.037891 0.053472
0 0.863867 0.813194 0.038672 0.047222
0 0.965234 0.910764 0.045312 0.059028
0 0.751367 0.850347 0.037109 0.047917
0 0.715430 0.976042 0.021484 0.047917
0 0.649023 0.960069 0.037891 0.047917
0 0.627734 0.989236 0.025781 0.021528
0 0.965234 0.031944 0.009375 0.016667
0 0.936914 0.052083 0.015234 0.019444
0 0.906445 0.457986 0.023828 0.031250
0 0.894336 0.480903 0.018359 0.029861
0 0.924609 0.415972 0.018750 0.027778
0 0.894141 0.399306 0.022656 0.030556
0 0.869141 0.445486 0.019531 0.042361
0 0.856836 0.364583 0.022266 0.030556
0 0.848242 0.148611 0.012891 0.019444
0 0.756445 0.248958 0.016016 0.022917
0 0.761328 0.286806 0.017969 0.029167
0 0.707031 0.370139 0.021094 0.030556
0 0.716406 0.273264 0.017188 0.024306
0 0.688281 0.283333 0.016406 0.029167
0 0.697461 0.287153 0.016016 0.027083
0 0.696680 0.311458 0.020703 0.038194
0 0.668555 0.292014 0.016797 0.024306
0 0.679297 0.309722 0.018750 0.026389
0 0.679297 0.332292 0.020313 0.027083
0 0.658203 0.308681 0.018750 0.022917
0 0.662500 0.327778 0.015625 0.023611
0 0.660156 0.352778 0.017969 0.026389
0 0.642578 0.373611 0.019531 0.030556
0 0.623047 0.339583 0.027344 0.047222
0 0.635156 0.351389 0.024219 0.034722
