2 0.367188 0.405208 0.058594 0.082639
2 0.796094 0.617708 0.121875 0.110417
2 0.837109 0.206944 0.034375 0.050000
2 0.962109 0.071181 0.014844 0.036806
2 0.982227 0.040625 0.021484 0.045139
2 0.828320 0.372222 0.065234 0.050000
2 0.013086 0.057986 0.017578 0.020139
1 0.326953 0.376736 0.040625 0.053472
2 0.622266 0.570486 0.062500 0.060417
1 0.648047 0.330208 0.032031 0.057639
1 0.651563 0.302778 0.041406 0.054167
1 0.658984 0.347917 0.026562 0.051389
1 0.719141 0.242361 0.029687 0.043056
0 0.013867 0.087847 0.012891 0.017361
0 0.066797 0.136111 0.018750 0.022222
0 0.149805 0.181944 0.017578 0.022222
0 0.169336 0.180556 0.021484 0.022222
0 0.180859 0.206250 0.022656 0.023611
0 0.226758 0.222917 0.023828 0.023611
0 0.262891 0.247569 0.022656 0.025694
0 0.277344 0.271528 0.022656 0.026389
0 0.237891 0.292708 0.023438 0.027083
0 0.263086 0.309028 0.022266 0.030556
0 0.288867 0.331944 0.022266 0.026389
0 0.297852 0.357986 0.027734 0.038194
0 0.386719 0.354861 0.026562 0.027778
0 0.410547 0.452431 0.028125 0.036806
0 0.410742 0.426042 0.025391 0.038194
0 0.436328 0.468056 0.028125 0.038889
0 0.443555 0.451389 0.032422 0.045833
0 0.509766 0.547569 0.028906 0.040972
0 0.293555 0.829861 0.037891 0.045833
0 0.327930 0.827431 0.034766 0.047917
0 0.377344 0.695833 0.030469 0.047222
0 0.395508 0.712153 0.027734 0.047917
0 0.415234 0.732292 0.028906 0.047917
0 0.600781 0.525694 0.034375 0.044444
0 0.543164 0.982986 0.041797 0.034028
0 0.618359 0.910069 0.029687 0.060417
0 0.616211 0.984028 0.050391 0.031944
0 0.650586 0.957639 0.033203 0.059722
0 0.715430 0.976736 0.028516 0.046528
0 0.750977 0.850000 0.040234 0.052778
0 0.989453 0.910069 0.021094 0.053472
0 0.780664 0.760417 0.046484 0.061111
0 0.827734 0.718403 0.039062 0.040972
0 0.791992 0.693403 0.035547 0.036806
0 0.744727 0.634028 0.037891 0.034722
0 0.746484 0.661806 0.039062 0.043056
0 0.635938 0.754167 0.042188 0.054167
0 0.642773 0.686458 0.033984 0.050694
0 0.665039 0.655208 0.038672 0.050694
0 0.671289 0.580556 0.033203 0.043056
0 0.894727 0.480903 0.019141 0.038194
0 0.926758 0.415278 0.026172 0.030556
0 0.894336 0.398958 0.026953 0.031250
0 0.869141 0.444444 0.017188 0.050000
0 0.858594 0.364931 0.025781 0.032639
0 0.609180 0.357639 0.019141 0.029167
0 0.620898 0.369097 0.016797 0.031250
0 0.640430 0.372917 0.026953 0.038889
0 0.624023 0.338194 0.023047 0.031944
0 0.683008 0.330903 0.019922 0.027083
0 0.669727 0.312847 0.013672 0.024306
0 0.676758 0.286111 0.017578 0.026389
0 0.700000 0.271528 0.022656 0.033333
0 0.707227 0.303472 0.023047 0.038889
0 0.722461 0.284375 0.018359 0.025694
0 0.738672 0.267708 0.019531 0.029861
0 0.759961 0.250347 0.021484 0.024306
0 0.770508 0.231944 0.013672 0.027778
0 0.784180 0.212847 0.018359 0.018750
0 0.797070 0.245833 0.019141 0.033333
0 0.834180 0.145139 0.013672 0.022222
0 0.883789 0.112847 0.017578 0.018750
0 0.910742 0.132986 0.016016 0.018750
0 0.897070 0.095139 0.011328 0.020833
0 0.886523 0.096875 0.011328 0.020139
0 0.953320 0.045833 0.011328 0.016667
1 0.972461 0.013194 0.016797 0.023611
0 0.989258 0.008333 0.007422 0.011111
