2 0.365039 0.399306 0.065234 0.079167
2 0.648828 0.487153 0.072656 0.085417
2 0.826758 0.590278 0.086328 0.087500
2 0.828125 0.373264 0.072656 0.065972
2 0.767773 0.268750 0.055859 0.062500
2 0.769922 0.793750 0.097656 0.120833
2 0.666406 0.597222 0.063281 0.068056
1 0.320508 0.366319 0.041016 0.056250
1 0.647266 0.330208 0.034375 0.049306
1 0.650586 0.300347 0.046484 0.056250
1 0.661328 0.350000 0.030469 0.059722
1 0.352539 0.446528 0.036328 0.054167
0 0.091211 0.127778 0.016016 0.019444
0 0.058984 0.180556 0.017188 0.025000
0 0.105664 0.193750 0.016016 0.026389
0 0.119336 0.221528 0.016016 0.020833
0 0.128516 0.238889 0.017969 0.023611
0 0.176563 0.245833 0.020313 0.023611
0 0.185742 0.192361 0.018359 0.030556
0 0.205664 0.269097 0.019922 0.021528
0 0.213086 0.311111 0.022266 0.030556
0 0.249805 0.301042 0.023828 0.034028
0 0.265234 0.353819 0.025781 0.027083
0 0.285156 0.323611 0.024219 0.031944
0 0.294922 0.269444 0.021875 0.023611
0 0.290625 0.253819 0.017188 0.014583
0 0.319336 0.320139 0.022266 0.025000
0 0.373242 0.334028 0.023047 0.026389
0 0.382031 0.319792 0.020313 0.024306
0 0.402539 0.417014 0.025391 0.031250
0 0.410156 0.445833 0.025000 0.027778
0 0.400781 0.467014 0.025781 0.029861
0 0.426758 0.388542 0.023828 0.031250
0 0.466797 0.401042 0.027344 0.032639
0 0.480469 0.382986 0.024219 0.032639
0 0.486914 0.435069 0.029297 0.038194
0 0.443945 0.451042 0.026953 0.032639
0 0.434375 0.468056 0.029687 0.037500
0 0.409375 0.446875 0.024219 0.031250
0 0.478320 0.548958 0.040234 0.049306
0 0.376953 0.695486 0.032813 0.040972
0 0.284766 0.872917 0.039062 0.036111
0 0.539062 0.982292 0.045312 0.035417
0 0.612891 0.985764 0.041406 0.028472
0 0.651172 0.953819 0.028906 0.052083
0 0.716992 0.977431 0.026953 0.045139
0 0.618750 0.906597 0.029687 0.065972
0 0.636133 0.753472 0.038672 0.050000
0 0.750781 0.849306 0.034375 0.045833
0 0.766797 0.753472 0.033594 0.043056
0 0.754492 0.711806 0.036328 0.041667
0 0.927930 0.888542 0.041016 0.057639
0 0.981055 0.867361 0.037891 0.054167
0 0.640820 0.675000 0.037109 0.050000
0 0.596875 0.595833 0.043750 0.063889
0 0.747852 0.657986 0.041016 0.042361
0 0.791211 0.690278 0.031641 0.037500
0 0.828320 0.718056 0.037109 0.038889
0 0.816797 0.683333 0.032031 0.033333
0 0.985156 0.776389 0.029687 0.041667
0 0.982812 0.742708 0.034375 0.035417
0 0.942773 0.674306 0.040234 0.045833
0 0.916992 0.702083 0.037891 0.038889
0 0.807617 0.630903 0.033984 0.034028
0 0.828125 0.663194 0.035937 0.036111
0 0.707812 0.588194 0.036719 0.034722
0 0.750781 0.554514 0.031250 0.036806
0 0.640039 0.535764 0.033984 0.031250
0 0.698047 0.498264 0.021875 0.034028
0 0.602734 0.526736 0.036719 0.043750
0 0.597070 0.487500 0.030859 0.036111
0 0.533594 0.459722 0.026562 0.027778
2 0.676367 0.404514 0.023047 0.085417
0 0.895117 0.481597 0.019141 0.039583
0 0.926367 0.416667 0.022266 0.026389
0 0.894531 0.399306 0.023438 0.027778
0 0.866992 0.448264 0.015234 0.050694
0 0.858008 0.361111 0.024609 0.027778
0 0.608008 0.361111 0.013672 0.027778
0 0.621680 0.369444 0.015234 0.031944
0 0.639844 0.374306 0.021094 0.043056
0 0.621680 0.340278 0.016797 0.033333
0 0.684961 0.331944 0.020703 0.030556
0 0.679297 0.286111 0.017969 0.026389
0 0.705469 0.300694 0.021094 0.031944
0 0.723828 0.286111 0.016406 0.027778
0 0.737109 0.267361 0.017188 0.027778
0 0.711523 0.253125 0.018359 0.029861
0 0.831445 0.161458 0.015234 0.022917
0 0.854883 0.127083 0.017578 0.022222
1 0.889258 0.092361 0.016797 0.030556
0 0.924414 0.076042 0.016016 0.027083
