2 0.791016 0.613542 0.125000 0.117361
2 0.831836 0.369792 0.066797 0.057639
2 0.764258 0.199653 0.041797 0.057639
2 0.123633 0.963889 0.106641 0.072222
2 0.231836 0.874653 0.076953 0.100694
1 0.344141 0.798264 0.050000 0.070139
1 0.649219 0.332639 0.034375 0.062500
1 0.650586 0.306250 0.044922 0.052778
1 0.574805 0.548264 0.037109 0.074306
1 0.902344 0.437500 0.033594 0.050000
1 0.946680 0.090278 0.017578 0.033333
1 0.716797 0.243403 0.030469 0.046528
0 0.194727 0.980556 0.040234 0.036111
0 0.232813 0.934028 0.039844 0.037500
0 0.294727 0.866667 0.038672 0.038889
0 0.286719 0.835417 0.035156 0.045833
0 0.324805 0.787153 0.033203 0.045139
0 0.363477 0.748264 0.035547 0.043750
0 0.382227 0.768056 0.034766 0.045833
0 0.396680 0.712153 0.033984 0.045139
0 0.415430 0.728125 0.032422 0.043750
0 0.361133 0.388889 0.027734 0.037500
0 0.483008 0.444792 0.022266 0.036806
0 0.582422 0.476042 0.017969 0.043750
0 0.618555 0.623264 0.037109 0.061806
0 0.542969 0.980903 0.049219 0.038194
0 0.618555 0.984375 0.047266 0.029861
0 0.716602 0.975000 0.026172 0.048611
0 0.651758 0.957292 0.038672 0.056250
0 0.619727 0.910417 0.034766 0.076389
0 0.653516 0.847917 0.035937 0.075000
0 0.682422 0.791667 0.022656 0.062500
0 0.750977 0.849653 0.042578 0.056250
0 0.634766 0.754514 0.042188 0.053472
0 0.821094 0.621528 0.036719 0.048611
0 0.763086 0.557292 0.029297 0.034028
0 0.929883 0.497917 0.023828 0.040278
0 0.926172 0.417014 0.021094 0.028472
0 0.893555 0.396181 0.025391 0.032639
0 0.894727 0.479514 0.017578 0.032639
0 0.867188 0.441667 0.018750 0.050000
0 0.857422 0.363542 0.025000 0.031250
0 0.789844 0.340625 0.019531 0.036806
0 0.658008 0.355903 0.019922 0.040972
0 0.622266 0.371528 0.021875 0.029167
0 0.608594 0.359375 0.016406 0.027083
0 0.625000 0.338889 0.018750 0.036111
0 0.671094 0.317014 0.018750 0.032639
0 0.689258 0.324653 0.020703 0.031250
0 0.687891 0.301042 0.017969 0.034028
0 0.675391 0.286806 0.015625 0.027778
0 0.693555 0.273264 0.020703 0.029861
0 0.701758 0.281250 0.016797 0.027778
0 0.724219 0.284028 0.017188 0.033333
0 0.727930 0.258681 0.018359 0.028472
0 0.736133 0.229167 0.016016 0.023611
0 0.752930 0.254167 0.017578 0.027778
0 0.766211 0.235417 0.017578 0.026389
0 0.784766 0.190278 0.016406 0.026389
0 0.799219 0.193403 0.015625 0.028472
0 0.811133 0.184028 0.012891 0.026389
0 0.825000 0.170139 0.015625 0.022222
0 0.821680 0.153125 0.010547 0.020139
0 0.834180 0.155903 0.017578 0.028472
0 0.836133 0.136806 0.014453 0.018056
0 0.848633 0.129514 0.013672 0.020139
0 0.847461 0.149653 0.013672 0.020139
0 0.858594 0.137500 0.013281 0.018056
0 0.794336 0.243750 0.017578 0.025000
0 0.827344 0.207639 0.017188 0.019444
0 0.869727 0.175000 0.016797 0.023611
0 0.890430 0.140278 0.012891 0.020833
0 0.914258 0.115278 0.013672 0.023611
0 0.974219 0.063542 0.012500 0.017361
0 0.974219 0.046875 0.011719 0.015972
0 0.984766 0.035764 0.011719 0.017361
0 0.104688 0.233333 0.013281 0.025000
