1 0.202734 0.268750 0.035937 0.050000
1 0.199023 0.315278 0.028516 0.036111
1 0.159180 0.277083 0.026953 0.040278
1 0.231250 0.936111 0.053906 0.051389
1 0.307422 0.812847 0.052344 0.059028
1 0.696094 0.283681 0.035156 0.053472
1 0.543555 0.422569 0.041016 0.072917
1 0.895312 0.076389 0.024219 0.041667
1 0.832031 0.159722 0.024219 0.033333
1 0.952344 0.022222 0.019531 0.026389
2 0.270703 0.320139 0.062500 0.072222
2 0.199023 0.773958 0.119922 0.097917
2 0.374414 0.763194 0.070703 0.086111
2 0.730469 0.639236 0.078125 0.089583
2 0.830859 0.367361 0.078125 0.054167
0 0.212891 0.306597 0.024219 0.028472
0 0.191406 0.289236 0.017969 0.024306
0 0.236133 0.322222 0.032422 0.037500
0 0.218555 0.337847 0.023828 0.028472
0 0.252539 0.346875 0.028516 0.034028
0 0.243164 0.359722 0.020703 0.027778
0 0.276953 0.358681 0.023438 0.029861
0 0.267578 0.375000 0.030469 0.033333
0 0.254688 0.388194 0.029687 0.030556
0 0.324414 0.357639 0.026172 0.027778
0 0.298633 0.339236 0.030078 0.034028
0 0.313477 0.367014 0.023828 0.032639
0 0.350586 0.377778 0.026953 0.036111
0 0.336523 0.388542 0.027734 0.038194
0 0.322461 0.398611 0.024609 0.038889
0 0.308203 0.409722 0.033594 0.045833
0 0.496484 0.394444 0.031250 0.027778
0 0.508008 0.489931 0.027734 0.039583
0 0.332422 0.660764 0.033594 0.046528
0 0.033203 0.979861 0.050000 0.040278
0 0.160352 0.870139 0.037109 0.048611
0 0.262891 0.859375 0.042969 0.054861
0 0.288477 0.879167 0.043359 0.054167
0 0.329492 0.830208 0.038672 0.049306
0 0.354883 0.759722 0.042578 0.051389
0 0.377344 0.697917 0.037500 0.047222
0 0.284375 0.738542 0.042188 0.049306
0 0.402344 0.610417 0.034375 0.045833
0 0.405859 0.699306 0.033594 0.044444
0 0.426367 0.707639 0.029297 0.051389
0 0.105469 0.137500 0.014844 0.025000
0 0.573828 0.958681 0.046094 0.054861
0 0.636328 0.753472 0.042188 0.055556
0 0.713477 0.972222 0.031641 0.055556
0 0.748633 0.846528 0.043359 0.056944
0 0.884570 0.866319 0.050391 0.063194
0 0.912695 0.700347 0.040234 0.047917
0 0.888281 0.713889 0.037500 0.054167
0 0.855859 0.662500 0.039844 0.045833
0 0.834961 0.675000 0.035547 0.051389
0 0.811914 0.632639 0.037109 0.056944
0 0.822461 0.622222 0.040234 0.047222
0 0.793555 0.644097 0.033984 0.045139
0 0.757812 0.618056 0.037500 0.043056
0 0.765820 0.605556 0.035547 0.043056
0 0.774414 0.591667 0.039453 0.044444
0 0.796094 0.586458 0.039062 0.039583
0 0.894922 0.484375 0.017188 0.046528
0 0.925781 0.417361 0.021094 0.027778
0 0.895117 0.399306 0.026172 0.037500
0 0.869336 0.444444 0.016797 0.051389
0 0.579492 0.417361 0.023047 0.041667
0 0.617383 0.374306 0.017578 0.031944
0 0.650000 0.315625 0.016406 0.031250
0 0.662500 0.325000 0.013281 0.026389
0 0.681250 0.335417 0.021094 0.033333
0 0.758398 0.217708 0.018359 0.028472
0 0.742188 0.268403 0.021875 0.031250
0 0.758203 0.248958 0.021094 0.027083
0 0.783398 0.189236 0.018359 0.036806
0 0.801172 0.196181 0.017969 0.027083
0 0.800195 0.169792 0.017578 0.032639
0 0.821875 0.158681 0.011719 0.022917
0 0.841211 0.131597 0.011328 0.022917
0 0.848633 0.143403 0.009766 0.018750
0 0.859180 0.118056 0.010547 0.019444
0 0.863867 0.129861 0.009766 0.018056
0 0.876953 0.122917 0.012500 0.019444
0 0.868555 0.108333 0.012109 0.020833
0 0.878906 0.103819 0.010937 0.014583
0 0.882812 0.093750 0.012500 0.019444
0 0.888477 0.107292 0.010547 0.018750
0 0.908789 0.089583 0.012109 0.018056
0 0.913281 0.083333 0.009375 0.013889
0 0.918555 0.075000 0.010547 0.012500
0 0.905469 0.078472 0.010937 0.013889
0 0.915039 0.067014 0.010547 0.013194
0 0.935352 0.048264 0.008984 0.017361
0 0.942578 0.043750 0.009375 0.015278
0 0.925586 0.073264 0.010547 0.014583
