2 0.793750 0.618750 0.121094 0.120833
2 0.123242 0.961806 0.109766 0.076389
2 0.229883 0.876736 0.075391 0.107639
2 0.829492 0.369792 0.066016 0.049306
2 0.762695 0.201042 0.036328 0.056250
1 0.648633 0.335069 0.035547 0.063194
1 0.652539 0.305208 0.037109 0.063194
1 0.718555 0.244792 0.031641 0.045139
1 0.833203 0.388889 0.034375 0.041667
1 0.344531 0.803819 0.050000 0.064583
0 0.624219 0.339931 0.022656 0.034028
0 0.300977 0.406944 0.027734 0.036111
0 0.358398 0.386111 0.023828 0.034722
0 0.192969 0.980556 0.042188 0.038889
0 0.232813 0.932292 0.039844 0.035417
0 0.287891 0.835417 0.031250 0.043056
0 0.295312 0.865625 0.039062 0.036806
0 0.326367 0.787847 0.032422 0.042361
0 0.365039 0.749306 0.034766 0.041667
0 0.384961 0.767361 0.031641 0.040278
0 0.401953 0.709722 0.036719 0.045833
0 0.415234 0.729167 0.032813 0.041667
0 0.576953 0.509028 0.019531 0.054167
0 0.595703 0.430903 0.021875 0.036806
0 0.541797 0.981250 0.042969 0.037500
0 0.616016 0.985764 0.048438 0.028472
0 0.717383 0.977431 0.024609 0.045139
0 0.750195 0.850694 0.037109 0.044444
0 0.784375 0.754861 0.042969 0.048611
0 0.872266 0.869792 0.042188 0.067361
0 0.881250 0.707986 0.039062 0.043750
0 0.621289 0.914931 0.031641 0.065972
0 0.653711 0.848611 0.030859 0.075000
0 0.681055 0.802431 0.019141 0.057639
0 0.636133 0.757639 0.041016 0.054167
0 0.822070 0.621528 0.033984 0.043056
0 0.893750 0.479861 0.017969 0.033333
0 0.880078 0.422569 0.026562 0.031250
0 0.927344 0.417014 0.025000 0.031250
0 0.892773 0.397569 0.026172 0.028472
0 0.868945 0.443750 0.015234 0.047222
0 0.857227 0.362500 0.022266 0.029167
0 0.791992 0.341319 0.017578 0.032639
0 0.677734 0.435764 0.019531 0.036806
0 0.622266 0.375000 0.019531 0.034722
0 0.609766 0.361111 0.016406 0.025000
0 0.687109 0.328125 0.023438 0.032639
0 0.671484 0.318403 0.016406 0.027083
0 0.677148 0.287153 0.014453 0.024306
0 0.687695 0.301042 0.020703 0.029861
0 0.703125 0.284375 0.016406 0.028472
0 0.695117 0.274306 0.020703 0.027778
0 0.728906 0.259375 0.016406 0.027083
0 0.736523 0.231944 0.013672 0.027778
0 0.775195 0.225694 0.016797 0.025000
0 0.803516 0.194097 0.015625 0.024306
0 0.785156 0.193056 0.016406 0.026389
0 0.797656 0.177431 0.014063 0.022917
0 0.826562 0.171875 0.012500 0.020139
0 0.842187 0.207639 0.016406 0.020833
0 0.832812 0.155208 0.016406 0.027083
0 0.847070 0.151042 0.012109 0.018750
0 0.856250 0.142361 0.014844 0.016667
0 0.849219 0.132986 0.012500 0.018750
0 0.836719 0.137500 0.017969 0.019444
0 0.886133 0.096528 0.012109 0.018056
0 0.952344 0.070486 0.009375 0.017361
0 0.973633 0.050694 0.010547 0.018056
