2 0.275781 0.325694 0.061719 0.068056
2 0.383008 0.767361 0.066016 0.077778
2 0.725391 0.634375 0.069531 0.075694
2 0.835156 0.373958 0.073438 0.074306
1 0.238477 0.300347 0.041016 0.049306
1 0.175000 0.294444 0.028906 0.041667
1 0.196289 0.313194 0.026953 0.043056
1 0.332422 0.642708 0.059375 0.072917
1 0.581641 0.402083 0.039062 0.061111
1 0.892383 0.081944 0.020703 0.043056
1 0.950000 0.029861 0.018750 0.034722
1 0.798438 0.194444 0.028125 0.040278
1 0.234375 0.942014 0.054688 0.056250
0 0.335352 0.316319 0.022266 0.027083
0 0.234375 0.321181 0.027344 0.035417
0 0.213281 0.303819 0.015625 0.024306
0 0.216797 0.331597 0.021875 0.029861
0 0.303516 0.340972 0.016406 0.020833
0 0.258984 0.345833 0.023438 0.031944
0 0.246289 0.357986 0.023047 0.025694
0 0.276367 0.357292 0.023047 0.034028
0 0.267578 0.373611 0.027344 0.044444
0 0.255664 0.385069 0.025391 0.032639
0 0.324023 0.358333 0.023828 0.033333
0 0.313086 0.368403 0.024609 0.034028
0 0.297266 0.379514 0.025000 0.036806
0 0.349023 0.378472 0.025391 0.034722
0 0.333984 0.388194 0.025000 0.037500
0 0.322461 0.400000 0.026953 0.037500
0 0.307031 0.409028 0.028125 0.043056
0 0.486914 0.484722 0.027734 0.050000
0 0.418750 0.587847 0.025781 0.047917
0 0.200977 0.819444 0.045703 0.055556
0 0.262305 0.861458 0.042578 0.060417
0 0.305078 0.812847 0.046094 0.061806
0 0.360938 0.751389 0.041406 0.047222
0 0.376172 0.694444 0.032031 0.047222
0 0.405078 0.697222 0.032813 0.054167
0 0.428711 0.707292 0.031641 0.052083
0 0.289648 0.876042 0.037891 0.045139
0 0.160156 0.987153 0.029687 0.025694
0 0.328906 0.831250 0.046875 0.050000
0 0.633984 0.756597 0.043750 0.054861
0 0.716992 0.977778 0.024609 0.044444
0 0.750195 0.849653 0.041016 0.056250
0 0.888086 0.709028 0.036328 0.045833
0 0.912891 0.698611 0.036719 0.056944
0 0.854883 0.661458 0.037891 0.043750
0 0.835547 0.673264 0.040625 0.043750
0 0.821484 0.618403 0.037500 0.047917
0 0.809961 0.626389 0.038672 0.048611
0 0.791406 0.642708 0.034375 0.046528
0 0.752734 0.618403 0.031250 0.049306
0 0.766016 0.603125 0.029687 0.047917
0 0.775391 0.586806 0.039062 0.050000
0 0.516211 0.481250 0.025391 0.038889
0 0.572266 0.502778 0.020313 0.044444
0 0.538672 0.429514 0.024219 0.040972
0 0.894336 0.478125 0.017578 0.031250
0 0.925391 0.418750 0.025000 0.026389
0 0.890234 0.395139 0.028125 0.036111
0 0.868555 0.443750 0.026172 0.050000
0 0.857617 0.363542 0.025391 0.028472
0 0.682617 0.416319 0.018359 0.038194
0 0.601172 0.422917 0.018750 0.034722
0 0.625000 0.393750 0.021094 0.034722
0 0.641211 0.327083 0.024609 0.033333
0 0.691992 0.294444 0.026953 0.037500
0 0.744336 0.255208 0.022266 0.035417
0 0.739648 0.231944 0.020703 0.033333
0 0.776563 0.199306 0.014063 0.029167
0 0.801367 0.176736 0.012891 0.022917
0 0.819141 0.175347 0.014063 0.022917
0 0.822461 0.153472 0.014453 0.025000
0 0.837695 0.159028 0.016016 0.025000
0 0.856055 0.121528 0.012109 0.020833
0 0.870313 0.113889 0.012500 0.019444
0 0.862500 0.136458 0.011719 0.024306
0 0.880664 0.117361 0.013672 0.018056
0 0.884180 0.094792 0.011328 0.020139
0 0.906641 0.088194 0.014844 0.020833
0 0.912695 0.084722 0.010547 0.015278
0 0.919336 0.076736 0.010547 0.021528
0 0.926367 0.074653 0.008203 0.010417
0 0.936719 0.048611 0.010156 0.012500
0 0.943164 0.045486 0.010547 0.015972
0 0.961328 0.037847 0.009375 0.014583
0 0.973047 0.024306 0.008594 0.012500
0 0.904883 0.078472 0.009766 0.019444
0 0.912305 0.067361 0.009766 0.018056
0 0.961914 0.735417 0.037109 0.054167
0 0.339648 0.676389 0.037891 0.056944
