2 0.791992 0.612500 0.113672 0.112500
2 0.832031 0.372222 0.063281 0.054167
2 0.125195 0.963542 0.104297 0.072917
2 0.740820 0.219097 0.044922 0.063194
1 0.461328 0.380556 0.067969 0.061111
1 0.271680 0.736111 0.056641 0.094444
2 0.232617 0.878125 0.080859 0.097917
1 0.347266 0.804861 0.048438 0.069444
1 0.723633 0.517014 0.052734 0.065972
1 0.652930 0.310764 0.028516 0.047917
1 0.819727 0.209375 0.022266 0.032639
0 0.266406 0.350694 0.025781 0.041667
0 0.122266 0.871528 0.025781 0.041667
0 0.142187 0.888194 0.039844 0.051389
0 0.359766 0.388542 0.025000 0.025694
0 0.303125 0.405208 0.025000 0.032639
0 0.192773 0.981597 0.032422 0.034028
0 0.232813 0.933681 0.043750 0.027083
0 0.288281 0.835069 0.032031 0.042361
0 0.294531 0.864583 0.039844 0.038889
0 0.325000 0.790625 0.032813 0.043750
0 0.317578 0.662500 0.032813 0.051389
0 0.363672 0.746181 0.032813 0.038194
0 0.384375 0.767361 0.035156 0.040278
0 0.401367 0.709375 0.036328 0.052083
0 0.413867 0.729861 0.031641 0.045833
0 0.416211 0.580903 0.038672 0.038194
0 0.477930 0.521528 0.026953 0.045833
0 0.505859 0.482292 0.026562 0.038194
0 0.536133 0.388542 0.030078 0.028472
0 0.557813 0.434722 0.025781 0.034722
0 0.583984 0.479167 0.018750 0.038889
0 0.600586 0.562153 0.027734 0.050694
0 0.538281 0.984722 0.035937 0.030556
0 0.615820 0.985069 0.043359 0.029861
0 0.716016 0.978472 0.025781 0.043056
0 0.651758 0.956944 0.037109 0.055556
0 0.619531 0.911806 0.029687 0.056944
0 0.654492 0.849306 0.031641 0.073611
0 0.634375 0.756944 0.039062 0.050000
0 0.682031 0.803472 0.024219 0.058333
0 0.750195 0.850694 0.037109 0.047222
0 0.784375 0.761458 0.042969 0.052083
0 0.860938 0.625000 0.037500 0.045833
0 0.859180 0.685069 0.047266 0.054861
0 0.903125 0.719444 0.034375 0.043056
0 0.950781 0.753819 0.032813 0.039583
0 0.959180 0.730903 0.034766 0.042361
0 0.991211 0.775694 0.017578 0.036111
0 0.812305 0.661111 0.034766 0.036111
0 0.759961 0.625347 0.033984 0.038194
0 0.746094 0.639931 0.035156 0.046528
0 0.718555 0.638889 0.033203 0.044444
0 0.894141 0.480903 0.018750 0.031250
0 0.925781 0.417361 0.021875 0.029167
0 0.895117 0.400000 0.024609 0.034722
0 0.868164 0.445486 0.015234 0.047917
0 0.857812 0.363194 0.024219 0.036111
0 0.789844 0.340278 0.015625 0.027778
0 0.761719 0.318056 0.012500 0.030556
0 0.794531 0.263194 0.014844 0.023611
0 0.636133 0.381250 0.024609 0.033333
0 0.592187 0.367014 0.028906 0.036806
0 0.624609 0.363889 0.025781 0.041667
0 0.684180 0.286111 0.019141 0.029167
0 0.689453 0.302083 0.019531 0.027778
0 0.738867 0.264236 0.018359 0.029861
0 0.775586 0.204514 0.019141 0.027083
0 0.789844 0.186111 0.017188 0.022222
0 0.811133 0.164931 0.018359 0.024306
0 0.824023 0.156250 0.011328 0.022222
0 0.835352 0.143403 0.013672 0.018750
0 0.907617 0.075000 0.012109 0.019444
0 0.964844 0.062847 0.011719 0.014583
