1 0.875586 0.660417 0.074609 0.076389
1 0.899219 0.709028 0.058594 0.058333
1 0.228711 0.895833 0.051172 0.077778
1 0.623047 0.341319 0.028906 0.046528
2 0.312891 0.789236 0.083594 0.118750
2 0.357617 0.782639 0.083984 0.119444
2 0.456641 0.528819 0.084375 0.084028
2 0.933398 0.495139 0.037109 0.052778
0 0.007031 0.133681 0.011719 0.024306
0 0.037305 0.173958 0.016797 0.021528
0 0.117969 0.247569 0.018750 0.024306
0 0.181445 0.249306 0.019141 0.030556
0 0.231641 0.322569 0.025000 0.036806
0 0.307617 0.348611 0.023828 0.029167
0 0.302148 0.361111 0.023828 0.029167
0 0.358398 0.388542 0.024609 0.035417
0 0.288672 0.419792 0.025000 0.032639
0 0.302734 0.407986 0.025000 0.034028
0 0.318945 0.400000 0.023828 0.033333
0 0.156055 0.979167 0.041797 0.041667
0 0.284180 0.881597 0.036328 0.039583
0 0.371875 0.634028 0.037500 0.044444
0 0.377344 0.692361 0.035156 0.043056
0 0.380078 0.726389 0.032813 0.025000
0 0.416406 0.692708 0.034375 0.046528
0 0.418164 0.727083 0.036328 0.041667
0 0.716602 0.977431 0.022266 0.045139
0 0.649023 0.960764 0.037891 0.057639
0 0.626953 0.988542 0.025781 0.022917
0 0.636523 0.753819 0.041797 0.045139
0 0.750781 0.850000 0.039062 0.044444
2 0.970898 0.802083 0.058203 0.076389
0 0.864453 0.623264 0.035156 0.031250
0 0.802539 0.652083 0.030859 0.031944
0 0.806445 0.628819 0.033984 0.035417
0 0.787109 0.580208 0.032031 0.036806
0 0.761133 0.601389 0.032422 0.037500
0 0.752930 0.620139 0.034766 0.041667
0 0.925781 0.416319 0.024219 0.025694
0 0.894141 0.480556 0.017188 0.033333
0 0.894336 0.398611 0.023047 0.029167
0 0.867773 0.446528 0.017578 0.041667
0 0.856250 0.364236 0.021094 0.029861
0 0.846094 0.372569 0.029687 0.031250
0 0.830078 0.353125 0.025781 0.029861
0 0.724609 0.525347 0.028906 0.034028
2 0.903711 0.138194 0.023828 0.038889
0 0.958398 0.065625 0.012109 0.020139
0 0.922070 0.065278 0.016016 0.018056
0 0.873047 0.109375 0.014063 0.021528
0 0.817578 0.215625 0.018750 0.024306
0 0.810547 0.244792 0.018750 0.020139
0 0.775586 0.264236 0.019922 0.025694
0 0.763086 0.302778 0.019141 0.026389
0 0.722656 0.326042 0.021875 0.024306
0 0.674805 0.377431 0.020703 0.025694
0 0.683008 0.398611 0.021484 0.029167
0 0.633203 0.429167 0.028125 0.034722
0 0.578516 0.447222 0.035156 0.027778
0 0.777734 0.211458 0.017188 0.027083
0 0.742969 0.243403 0.017969 0.027083
0 0.750000 0.256944 0.018750 0.025000
0 0.729297 0.258681 0.019531 0.028472
0 0.733398 0.273958 0.018359 0.027083
0 0.702930 0.263889 0.019141 0.027778
0 0.712305 0.275000 0.016016 0.025000
0 0.720898 0.290972 0.020703 0.026389
0 0.686719 0.282292 0.017969 0.025694
0 0.697656 0.287500 0.019531 0.029167
0 0.696484 0.314236 0.021094 0.039583
0 0.668164 0.292361 0.016797 0.029167
0 0.680078 0.307986 0.020313 0.028472
0 0.680078 0.333333 0.021094 0.034722
0 0.657031 0.308681 0.017188 0.027083
0 0.663086 0.329167 0.018359 0.029167
0 0.661133 0.353472 0.019922 0.029167
0 0.633984 0.350347 0.025781 0.036806
0 0.642578 0.375000 0.021094 0.031944
