2 0.678906 0.401042 0.047656 0.075694
2 0.784961 0.180556 0.032422 0.061111
2 0.830469 0.368750 0.067969 0.061111
2 0.794727 0.618403 0.123047 0.124306
1 0.346484 0.803819 0.052344 0.067361
1 0.545117 0.482986 0.060547 0.064583
1 0.661133 0.347222 0.026953 0.051389
1 0.645898 0.333333 0.035547 0.059722
1 0.650586 0.303819 0.042578 0.056250
1 0.717578 0.244792 0.028125 0.045139
0 0.240234 0.292361 0.023438 0.034722
0 0.286523 0.334028 0.024609 0.029167
0 0.327539 0.362500 0.025391 0.029167
0 0.363477 0.396528 0.027734 0.034722
0 0.430273 0.446875 0.030078 0.032639
0 0.472461 0.484375 0.031641 0.034028
0 0.493555 0.463542 0.030859 0.029861
0 0.443555 0.562847 0.035547 0.045139
0 0.531641 0.561458 0.039062 0.031250
0 0.615234 0.441667 0.029687 0.036111
0 0.680469 0.476389 0.025000 0.036111
0 0.704297 0.509722 0.025000 0.034722
0 0.198242 0.973611 0.030859 0.044444
0 0.275000 0.848958 0.034375 0.047917
0 0.281836 0.880208 0.047266 0.039583
0 0.325781 0.790972 0.031250 0.047222
0 0.363672 0.750347 0.032813 0.043750
0 0.382031 0.770486 0.035937 0.040972
0 0.415234 0.730208 0.032813 0.043750
0 0.396094 0.715278 0.038281 0.040278
0 0.377930 0.697569 0.033984 0.039583
0 0.401758 0.600694 0.028516 0.040278
0 0.539258 0.981944 0.052734 0.036111
0 0.616797 0.985764 0.046875 0.028472
0 0.651367 0.955903 0.037891 0.053472
0 0.717969 0.978472 0.029687 0.043056
0 0.620313 0.914236 0.034375 0.067361
0 0.666016 0.826042 0.031250 0.071528
0 0.751172 0.850000 0.039062 0.048611
0 0.635938 0.755903 0.042188 0.050694
0 0.620508 0.688194 0.030078 0.051389
0 0.821875 0.621528 0.034375 0.048611
0 0.894922 0.480556 0.019531 0.034722
0 0.925195 0.413889 0.024609 0.025000
0 0.892383 0.395139 0.024609 0.027778
0 0.868164 0.445486 0.017578 0.047917
0 0.858203 0.361806 0.025000 0.023611
0 0.788672 0.351736 0.016406 0.032639
0 0.639844 0.371875 0.023438 0.039583
0 0.622852 0.372222 0.020703 0.029167
0 0.610352 0.359028 0.021484 0.022222
0 0.624023 0.341667 0.023047 0.038889
0 0.683203 0.330208 0.021875 0.029861
0 0.671484 0.318056 0.019531 0.027778
0 0.677539 0.286458 0.016797 0.029861
0 0.687500 0.302431 0.019531 0.032639
0 0.706641 0.303125 0.019531 0.038194
0 0.723633 0.287153 0.016016 0.028472
0 0.706836 0.281944 0.019922 0.023611
0 0.697852 0.268750 0.018359 0.023611
0 0.737695 0.269097 0.017578 0.027083
0 0.753516 0.253472 0.017969 0.026389
0 0.737305 0.232986 0.017578 0.029861
0 0.770703 0.231250 0.016406 0.026389
0 0.783203 0.215278 0.016406 0.029167
0 0.800391 0.194097 0.015625 0.024306
0 0.813477 0.186458 0.013672 0.027083
0 0.826953 0.172222 0.015625 0.023611
0 0.814258 0.164931 0.016797 0.027083
0 0.790820 0.273264 0.017578 0.025694
0 0.797656 0.236806 0.017969 0.025000
0 0.845313 0.207639 0.019531 0.025000
0 0.871680 0.155556 0.012891 0.027778
0 0.939648 0.056250 0.014453 0.029167
0 0.948242 0.037847 0.009766 0.018750
