2 0.761328 0.630903 0.083594 0.089583
2 0.746484 0.531597 0.068750 0.075694
2 0.359375 0.782292 0.082031 0.120139
2 0.300977 0.809375 0.085547 0.132639
1 0.622656 0.339931 0.029687 0.059028
1 0.228320 0.899653 0.054297 0.084028
1 0.034375 0.096875 0.015625 0.022917
0 0.011328 0.076736 0.013281 0.021528
0 0.028906 0.171528 0.017188 0.020833
0 0.066016 0.185764 0.017969 0.020139
0 0.318555 0.354167 0.025391 0.034722
0 0.339453 0.369792 0.024219 0.035417
0 0.360156 0.386111 0.021875 0.033333
0 0.387695 0.409028 0.028516 0.037500
0 0.413867 0.428472 0.025391 0.036111
0 0.439453 0.447917 0.028906 0.037500
0 0.382031 0.427083 0.023438 0.036111
0 0.403711 0.445139 0.026172 0.037500
0 0.437695 0.472222 0.030859 0.037500
0 0.598633 0.536111 0.034766 0.034722
0 0.606641 0.567361 0.036719 0.041667
0 0.155078 0.979167 0.044531 0.041667
0 0.379297 0.693750 0.035937 0.040278
0 0.416797 0.693056 0.035937 0.038889
0 0.419141 0.729167 0.039062 0.041667
0 0.377148 0.725694 0.030078 0.023611
0 0.903320 0.694792 0.039453 0.045139
0 0.637500 0.757986 0.041406 0.053472
0 0.750781 0.849306 0.039844 0.047222
0 0.648438 0.960764 0.039062 0.059028
0 0.716211 0.975694 0.026172 0.048611
0 0.625781 0.988542 0.021094 0.022917
0 0.716406 0.642361 0.039844 0.044444
0 0.648047 0.591667 0.038281 0.041667
0 0.926562 0.415972 0.023438 0.031944
0 0.895703 0.480556 0.020313 0.036111
0 0.894727 0.397917 0.026953 0.033333
0 0.868359 0.442708 0.011719 0.045139
0 0.857422 0.363889 0.025000 0.029167
2 0.848242 0.377778 0.046484 0.047222
0 0.967969 0.029514 0.012500 0.020139
0 0.959180 0.080556 0.012109 0.023611
0 0.910742 0.084722 0.014453 0.020833
0 0.780078 0.212500 0.023438 0.033333
0 0.759766 0.280903 0.018750 0.027083
0 0.751953 0.322917 0.013281 0.033333
0 0.721875 0.333681 0.022656 0.031250
0 0.718164 0.246875 0.022266 0.028472
0 0.733203 0.272222 0.016406 0.030556
0 0.712500 0.274306 0.017188 0.023611
0 0.720703 0.294444 0.023438 0.029167
0 0.687695 0.282292 0.017578 0.021528
0 0.700000 0.287153 0.021094 0.025694
0 0.696484 0.311111 0.019531 0.036111
0 0.668945 0.291667 0.016016 0.023611
0 0.680469 0.309028 0.019531 0.026389
0 0.679492 0.333681 0.021484 0.028472
0 0.658984 0.309722 0.019531 0.025000
0 0.662500 0.328472 0.021094 0.025000
0 0.660742 0.353125 0.024609 0.029861
0 0.635742 0.350000 0.029297 0.036111
0 0.643359 0.373264 0.020313 0.027083
