2 0.794336 0.612500 0.116016 0.112500
2 0.949609 0.761458 0.086719 0.102083
2 0.123633 0.964236 0.105078 0.071528
2 0.230078 0.878125 0.083594 0.097917
2 0.427344 0.350000 0.063281 0.059722
2 0.831055 0.371181 0.061328 0.049306
1 0.067578 0.115972 0.024219 0.034722
1 0.350781 0.798611 0.043750 0.070833
1 0.908789 0.121528 0.017578 0.033333
1 0.205469 0.217708 0.028906 0.036806
0 0.023047 0.165625 0.015625 0.020139
0 0.053516 0.155903 0.015625 0.020139
0 0.096484 0.130903 0.010937 0.015972
0 0.117188 0.133333 0.016406 0.015278
0 0.080078 0.198611 0.018750 0.022222
0 0.141211 0.216319 0.016797 0.025694
0 0.137109 0.240278 0.023438 0.038889
0 0.204687 0.264931 0.019531 0.024306
0 0.211719 0.288542 0.019531 0.027083
0 0.233008 0.225000 0.016797 0.020833
0 0.278906 0.383681 0.021875 0.031250
0 0.251367 0.384375 0.023828 0.029861
0 0.284766 0.366667 0.022656 0.034722
0 0.296484 0.356250 0.024219 0.030556
0 0.303516 0.403819 0.023438 0.029861
0 0.314453 0.395139 0.024219 0.031944
0 0.338867 0.368403 0.024609 0.024306
0 0.360938 0.388194 0.025000 0.030556
0 0.533594 0.384722 0.028906 0.026389
0 0.191797 0.978472 0.032031 0.043056
0 0.300977 0.708681 0.033203 0.049306
0 0.232227 0.931250 0.040234 0.031944
0 0.287891 0.835764 0.032031 0.046528
0 0.293555 0.865278 0.037109 0.038889
0 0.324805 0.790625 0.030859 0.045139
0 0.378516 0.735417 0.032031 0.038889
0 0.403320 0.748958 0.030859 0.046528
0 0.433594 0.707292 0.032031 0.038194
0 0.426953 0.679514 0.031250 0.039583
0 0.547070 0.975694 0.047266 0.048611
0 0.616992 0.985764 0.040234 0.028472
0 0.651953 0.957986 0.034375 0.056250
0 0.715625 0.978125 0.021875 0.043750
0 0.636523 0.888542 0.030859 0.052083
0 0.636133 0.754861 0.038672 0.043056
0 0.750781 0.849653 0.039062 0.043750
0 0.901758 0.715972 0.029297 0.030556
0 0.909375 0.695139 0.036719 0.031944
0 0.991602 0.748264 0.016797 0.025694
0 0.994336 0.774653 0.011328 0.036806
0 0.858594 0.685764 0.045312 0.052083
0 0.811523 0.660417 0.034766 0.037500
0 0.821680 0.619792 0.033984 0.039583
0 0.719141 0.639236 0.035156 0.038194
0 0.759961 0.625347 0.033203 0.032639
0 0.728906 0.627431 0.035156 0.036806
0 0.893750 0.480556 0.017969 0.030556
0 0.926367 0.415278 0.021484 0.022222
0 0.894336 0.399306 0.024609 0.027778
0 0.866992 0.444792 0.015234 0.046528
0 0.858398 0.361806 0.020703 0.025000
0 0.630273 0.336806 0.027734 0.034722
0 0.682227 0.311458 0.017578 0.029861
0 0.697461 0.269792 0.019141 0.025694
0 0.740430 0.227431 0.016797 0.025694
0 0.817383 0.159375 0.013672 0.017361
0 0.836914 0.156944 0.016016 0.016667
0 0.850977 0.179167 0.014453 0.020833
0 0.849609 0.204861 0.017188 0.025000
0 0.899414 0.084722 0.011328 0.016667
0 0.905664 0.090625 0.009766 0.017361
0 0.939453 0.105556 0.012500 0.020833
1 0.946289 0.065972 0.016797 0.029167
