2 0.066797 0.164583 0.039844 0.061111
2 0.377930 0.761806 0.068359 0.081944
2 0.626367 0.338194 0.059766 0.061111
2 0.832031 0.376389 0.066406 0.047222
1 0.892969 0.080208 0.026562 0.031250
1 0.793359 0.194097 0.020313 0.032639
1 0.746484 0.215972 0.026562 0.027778
1 0.849414 0.142014 0.017578 0.032639
1 0.195312 0.308681 0.035156 0.036806
1 0.030273 0.146528 0.033203 0.041667
1 0.268945 0.853125 0.048047 0.052083
0 0.174609 0.247222 0.027344 0.041667
0 0.231250 0.282639 0.023438 0.026389
0 0.237305 0.325347 0.025391 0.038194
0 0.217773 0.310417 0.025391 0.040278
0 0.188867 0.285069 0.020703 0.038194
0 0.297852 0.334722 0.021484 0.029167
0 0.231445 0.846875 0.029297 0.046528
0 0.327539 0.830208 0.048047 0.045139
0 0.286523 0.878819 0.040234 0.038194
0 0.354883 0.756597 0.033984 0.050694
0 0.405273 0.701042 0.033203 0.043750
0 0.427539 0.714236 0.029297 0.038194
0 0.408008 0.610069 0.037109 0.059028
0 0.434375 0.542014 0.027344 0.045139
0 0.320703 0.354861 0.024219 0.027778
0 0.346680 0.374653 0.025391 0.029861
0 0.335742 0.385069 0.021484 0.025694
0 0.323633 0.398264 0.022266 0.024306
0 0.310352 0.408681 0.025391 0.038194
0 0.301758 0.380903 0.021484 0.031250
0 0.275781 0.357292 0.030469 0.039583
0 0.268945 0.377431 0.022266 0.024306
0 0.256250 0.386806 0.020313 0.026389
0 0.247461 0.354861 0.022266 0.034722
0 0.517383 0.383333 0.033203 0.029167
0 0.587305 0.408681 0.022266 0.038194
0 0.660547 0.740972 0.034375 0.056944
0 0.639062 0.759028 0.042188 0.055556
0 0.686523 0.795486 0.041016 0.052083
0 0.659570 0.947569 0.036328 0.064583
0 0.750391 0.850347 0.035937 0.046528
0 0.716211 0.976042 0.026172 0.047917
0 0.965820 0.734028 0.033203 0.050000
0 0.932031 0.737500 0.039844 0.047222
0 0.911523 0.701736 0.041797 0.052083
0 0.854883 0.660417 0.040234 0.041667
0 0.842187 0.677431 0.034375 0.038194
0 0.810937 0.629167 0.042188 0.041667
0 0.822656 0.615972 0.030469 0.036111
0 0.792383 0.642708 0.032422 0.038194
0 0.756641 0.620139 0.039062 0.041667
0 0.766992 0.600347 0.036328 0.043750
0 0.777148 0.587500 0.037109 0.048611
0 0.894336 0.480556 0.025391 0.033333
0 0.924609 0.415278 0.019531 0.027778
0 0.893945 0.392708 0.028516 0.031250
0 0.854883 0.359722 0.020703 0.027778
0 0.870508 0.451736 0.024609 0.052083
0 0.641992 0.349306 0.033984 0.041667
0 0.675195 0.287847 0.018359 0.025694
0 0.672266 0.320139 0.028125 0.034722
0 0.697070 0.291319 0.021484 0.029861
0 0.711328 0.250694 0.020313 0.027778
0 0.717578 0.266319 0.015625 0.024306
0 0.732812 0.249653 0.016406 0.025694
0 0.750977 0.239236 0.013672 0.018750
0 0.764648 0.224306 0.013672 0.020833
0 0.774219 0.215625 0.011719 0.017361
0 0.800586 0.173611 0.012891 0.019444
0 0.813281 0.163194 0.016406 0.019444
0 0.822461 0.150000 0.011328 0.018056
0 0.835938 0.156250 0.012500 0.020833
0 0.828906 0.170833 0.013281 0.016667
0 0.819922 0.177778 0.014844 0.016667
0 0.808008 0.190972 0.011328 0.020833
0 0.778516 0.195833 0.011719 0.019444
0 0.872852 0.123611 0.011328 0.011111
0 0.859961 0.132986 0.010547 0.010417
0 0.849414 0.126389 0.014453 0.016667
0 0.876367 0.105556 0.009766 0.018056
0 0.883008 0.097222 0.011328 0.012500
0 0.898633 0.101042 0.009766 0.014583
0 0.926367 0.102778 0.009766 0.011111
0 0.911719 0.069444 0.008594 0.015278
0 0.904883 0.077431 0.008984 0.010417
0 0.919531 0.078125 0.010937 0.015972
0 0.918164 0.062500 0.009766 0.015278
0 0.933203 0.066319 0.010937 0.014583
0 0.932813 0.048958 0.007812 0.013194
0 0.944531 0.050694 0.007812 0.018056
0 0.953320 0.032639 0.009766 0.012500
0 0.975195 0.013542 0.008984 0.022917
