2 0.793945 0.614931 0.119141 0.117361
2 0.119531 0.962500 0.118750 0.075000
2 0.232031 0.877431 0.079687 0.099306
2 0.831445 0.373958 0.066016 0.057639
2 0.762695 0.201042 0.047266 0.059028
1 0.791602 0.747569 0.051172 0.074306
1 0.646875 0.332639 0.037500 0.061111
1 0.650000 0.304514 0.038281 0.057639
1 0.344531 0.802778 0.052344 0.069444
0 0.242969 0.353819 0.018750 0.028472
0 0.359570 0.387847 0.027734 0.029861
0 0.350781 0.325694 0.022656 0.025000
0 0.190234 0.979861 0.039062 0.036111
0 0.232031 0.932639 0.040625 0.031944
0 0.287695 0.837153 0.034766 0.046528
0 0.294141 0.866667 0.038281 0.036111
0 0.325195 0.789236 0.031641 0.040972
0 0.364258 0.750347 0.034766 0.040972
0 0.383398 0.770486 0.032422 0.043750
0 0.396289 0.717708 0.030859 0.039583
0 0.415430 0.729167 0.031641 0.038889
0 0.543164 0.981597 0.041797 0.036806
0 0.616797 0.985764 0.042188 0.028472
0 0.716602 0.977083 0.023828 0.045833
0 0.652930 0.960069 0.031641 0.060417
0 0.622266 0.911458 0.038281 0.061806
0 0.653906 0.847917 0.032031 0.068056
0 0.680859 0.799653 0.018750 0.057639
0 0.636328 0.755903 0.039062 0.052083
0 0.752734 0.850347 0.040625 0.049306
0 0.875977 0.850694 0.044922 0.070833
0 0.700391 0.677431 0.036719 0.053472
0 0.928125 0.670833 0.036719 0.043056
0 0.575781 0.476042 0.017188 0.050694
0 0.599805 0.423611 0.023047 0.034722
0 0.678320 0.413194 0.016797 0.034722
1 0.716211 0.244792 0.024609 0.042361
1 0.983984 0.050000 0.014844 0.026389
0 0.895117 0.480903 0.020703 0.034028
0 0.901758 0.451736 0.020703 0.034028
0 0.925586 0.416319 0.023828 0.021528
0 0.895312 0.397569 0.024219 0.025694
1 0.869727 0.410764 0.030859 0.032639
0 0.868555 0.445139 0.014453 0.040278
0 0.858008 0.362847 0.023828 0.028472
0 0.790625 0.339931 0.014063 0.031250
0 0.620898 0.372222 0.020703 0.033333
0 0.609180 0.361111 0.013672 0.026389
0 0.623437 0.339583 0.021094 0.040278
0 0.664453 0.350000 0.019531 0.036111
0 0.670703 0.319097 0.017969 0.028472
0 0.676953 0.287153 0.015625 0.022917
0 0.688672 0.302778 0.018750 0.029167
0 0.695312 0.273264 0.019531 0.025694
0 0.702539 0.285764 0.017578 0.025694
0 0.727930 0.258333 0.018359 0.023611
0 0.737109 0.231944 0.016406 0.023611
0 0.747266 0.260764 0.016406 0.028472
0 0.765234 0.238542 0.015625 0.025694
0 0.786719 0.192014 0.015625 0.020139
0 0.800781 0.195486 0.016406 0.020139
0 0.813086 0.185764 0.012891 0.022917
0 0.818750 0.159028 0.013281 0.020833
0 0.825977 0.170139 0.015234 0.020833
0 0.832422 0.154514 0.016406 0.028472
0 0.836719 0.134722 0.016406 0.015278
0 0.848437 0.131944 0.013281 0.016667
0 0.847070 0.148958 0.012891 0.018750
0 0.855664 0.142014 0.013672 0.018750
0 0.868945 0.160417 0.015234 0.018056
0 0.899609 0.129861 0.014063 0.016667
0 0.932227 0.109722 0.012109 0.020833
0 0.933398 0.095139 0.012109 0.016667
0 0.951367 0.072222 0.012891 0.013889
0 0.954883 0.034028 0.012109 0.018056
