2 0.747266 0.622222 0.082031 0.091667
2 0.684570 0.453125 0.032422 0.085417
2 0.876758 0.394444 0.047266 0.047222
1 0.622852 0.342361 0.026953 0.052778
2 0.359961 0.782986 0.080078 0.117361
2 0.300391 0.803125 0.081250 0.120139
1 0.227148 0.892708 0.053516 0.072917
0 0.074805 0.209722 0.018359 0.022222
0 0.144336 0.253125 0.019922 0.029861
0 0.318164 0.356597 0.025391 0.035417
0 0.340820 0.369097 0.023828 0.042361
0 0.362891 0.386806 0.022656 0.033333
0 0.391406 0.411806 0.025781 0.029167
0 0.424805 0.435417 0.030859 0.034722
0 0.472852 0.464931 0.033203 0.032639
0 0.381641 0.425000 0.025781 0.033333
0 0.404492 0.444097 0.027734 0.038194
0 0.452930 0.478125 0.033984 0.036806
0 0.156250 0.977083 0.047656 0.044444
0 0.377930 0.692014 0.037891 0.039583
0 0.417773 0.691667 0.033984 0.036111
0 0.418359 0.729514 0.034375 0.042361
0 0.377930 0.723264 0.033984 0.021528
0 0.560352 0.517708 0.037109 0.031250
0 0.585156 0.557639 0.039062 0.034722
0 0.635547 0.579861 0.032813 0.034722
0 0.981445 0.768056 0.037109 0.038889
0 0.706055 0.631944 0.033203 0.040278
0 0.790039 0.617014 0.030078 0.040972
0 0.895312 0.478819 0.017969 0.034028
0 0.925195 0.417014 0.023047 0.024306
0 0.857227 0.364236 0.022266 0.027083
0 0.846875 0.372917 0.028906 0.027778
0 0.868555 0.446528 0.016016 0.045833
0 0.828516 0.350347 0.020313 0.028472
0 0.751367 0.851042 0.039453 0.050694
0 0.637109 0.756944 0.042188 0.056944
0 0.650195 0.958681 0.037891 0.057639
0 0.715430 0.976389 0.022266 0.047222
0 0.625977 0.985764 0.022266 0.028472
0 0.966602 0.028472 0.011328 0.018056
0 0.993750 0.037500 0.009375 0.018056
0 0.924023 0.073264 0.012109 0.020139
0 0.876953 0.118056 0.016406 0.022222
0 0.812891 0.220486 0.019531 0.021528
0 0.792188 0.251042 0.017188 0.025694
0 0.764258 0.277778 0.017578 0.023611
0 0.745703 0.241667 0.019531 0.027778
0 0.733594 0.275347 0.015625 0.025694
0 0.702539 0.262500 0.017578 0.026389
0 0.712891 0.273611 0.017969 0.022222
0 0.720703 0.292708 0.014063 0.024306
0 0.688672 0.282639 0.018750 0.025000
0 0.699023 0.287500 0.018359 0.023611
0 0.696094 0.312847 0.018750 0.031250
0 0.668750 0.292708 0.017969 0.024306
0 0.679492 0.307986 0.020703 0.025694
0 0.679883 0.333681 0.019922 0.029861
0 0.658398 0.309722 0.017578 0.025000
0 0.664062 0.327083 0.020313 0.023611
0 0.662305 0.353819 0.021484 0.029861
0 0.634766 0.351389 0.024219 0.038889
0 0.642969 0.373958 0.025781 0.032639
