2 0.792578 0.615972 0.121875 0.115278
2 0.832422 0.373958 0.064062 0.057639
2 0.640820 0.311806 0.049609 0.069444
2 0.229687 0.876389 0.078906 0.094444
2 0.118945 0.963542 0.114453 0.072917
1 0.344141 0.804861 0.057031 0.069444
1 0.469141 0.378819 0.050000 0.040972
1 0.247461 0.247222 0.040234 0.059722
1 0.776563 0.282986 0.032813 0.047917
1 0.909570 0.118403 0.016016 0.029861
0 0.049414 0.160069 0.016797 0.022917
0 0.079297 0.179861 0.017969 0.020833
0 0.133984 0.259375 0.019531 0.021528
0 0.175000 0.275694 0.018750 0.026389
0 0.217773 0.276042 0.019141 0.025694
0 0.303516 0.275694 0.023438 0.022222
0 0.372461 0.311458 0.026172 0.024306
0 0.301758 0.405208 0.023047 0.031250
0 0.314844 0.394097 0.023438 0.032639
0 0.360156 0.387500 0.024219 0.031944
0 0.073828 0.953819 0.040625 0.053472
0 0.156055 0.835069 0.039453 0.046528
0 0.191211 0.979514 0.033203 0.040972
0 0.231836 0.933333 0.041797 0.031944
0 0.258203 0.755903 0.043750 0.067361
0 0.288477 0.835764 0.031641 0.046528
0 0.293164 0.865972 0.037891 0.041667
0 0.338477 0.650347 0.030078 0.039583
0 0.325586 0.790625 0.031641 0.043750
0 0.364063 0.751736 0.032031 0.043750
0 0.385937 0.766667 0.030469 0.048611
0 0.399805 0.709722 0.034766 0.044444
0 0.416016 0.729861 0.032813 0.038889
0 0.587695 0.946181 0.041797 0.057639
0 0.716211 0.978472 0.023047 0.043056
0 0.615820 0.985764 0.043359 0.028472
0 0.651758 0.957292 0.033984 0.053472
0 0.644922 0.867708 0.032813 0.063194
0 0.680078 0.803472 0.017969 0.052778
0 0.635938 0.755903 0.040625 0.043750
0 0.750195 0.850694 0.037109 0.043056
0 0.768164 0.738542 0.036328 0.043750
0 0.994727 0.880556 0.010547 0.031944
0 0.536719 0.386458 0.030469 0.022917
0 0.616602 0.612153 0.029297 0.047917
0 0.988281 0.776042 0.023438 0.043750
0 0.988281 0.748611 0.023438 0.026389
0 0.949609 0.751389 0.031250 0.038889
0 0.905273 0.718056 0.033984 0.030556
0 0.907617 0.695833 0.032422 0.031944
0 0.859375 0.685417 0.046875 0.054167
0 0.810937 0.661111 0.034375 0.036111
0 0.759570 0.626389 0.031641 0.033333
0 0.820898 0.621528 0.031641 0.040278
0 0.717578 0.637847 0.035937 0.036806
0 0.729297 0.626736 0.032813 0.035417
0 0.894531 0.482639 0.017969 0.034722
0 0.925000 0.416319 0.021094 0.021528
0 0.893359 0.397569 0.025781 0.029861
0 0.867773 0.444444 0.015234 0.040278
0 0.856641 0.362153 0.023438 0.025694
0 0.775000 0.324306 0.022656 0.027778
0 0.688672 0.396875 0.017969 0.038194
0 0.658008 0.334028 0.018359 0.027778
0 0.709570 0.262153 0.018359 0.025694
0 0.764453 0.207986 0.021094 0.024306
0 0.797070 0.194097 0.016016 0.022917
0 0.848828 0.202431 0.014063 0.014583
0 0.813672 0.164236 0.014063 0.020139
0 0.833594 0.144097 0.014063 0.021528
0 0.915625 0.069097 0.011719 0.015972
0 0.947070 0.094097 0.011328 0.014583
0 0.969531 0.014931 0.007812 0.013194
