2 0.367773 0.406944 0.061328 0.087500
2 0.792773 0.617708 0.119141 0.118750
2 0.606836 0.562847 0.061328 0.065972
2 0.827734 0.372917 0.071875 0.055556
2 0.902539 0.135069 0.027734 0.039583
2 0.939063 0.043056 0.024219 0.041667
1 0.660742 0.350347 0.026172 0.047917
1 0.648633 0.330903 0.035547 0.054861
1 0.650000 0.301736 0.039844 0.056250
1 0.716992 0.244792 0.030859 0.047917
1 0.325586 0.379514 0.040234 0.063194
0 0.050000 0.111458 0.015625 0.020139
0 0.087109 0.125347 0.013281 0.014583
0 0.150000 0.169444 0.012500 0.013889
0 0.154297 0.185417 0.016406 0.022222
0 0.241992 0.246528 0.021484 0.023611
0 0.237109 0.295486 0.023438 0.029861
0 0.263281 0.311806 0.022656 0.031944
0 0.287500 0.332986 0.023438 0.027083
0 0.298047 0.359375 0.024219 0.036806
0 0.410547 0.448958 0.028125 0.032639
0 0.412109 0.429861 0.026562 0.034722
0 0.437305 0.471181 0.025391 0.036806
0 0.447852 0.454167 0.027734 0.036111
0 0.379883 0.770486 0.036328 0.046528
0 0.361719 0.753819 0.035156 0.043750
0 0.377344 0.695833 0.031250 0.040278
0 0.396289 0.715625 0.036328 0.047917
0 0.415625 0.730556 0.035937 0.040278
0 0.581445 0.514583 0.036328 0.037500
0 0.542188 0.981250 0.042188 0.037500
0 0.613672 0.985069 0.047656 0.029861
0 0.652539 0.958681 0.037109 0.057639
0 0.621289 0.911806 0.033984 0.063889
0 0.716797 0.977431 0.025781 0.045139
0 0.750586 0.849653 0.043359 0.049306
0 0.845898 0.780556 0.038672 0.045833
0 0.636328 0.756250 0.045312 0.051389
0 0.829492 0.717708 0.037109 0.036806
0 0.821094 0.622222 0.032813 0.044444
0 0.792188 0.692708 0.035937 0.035417
0 0.732617 0.648958 0.040234 0.042361
0 0.725781 0.622917 0.039062 0.040278
0 0.671680 0.579861 0.031641 0.034722
0 0.643945 0.564583 0.026172 0.034722
0 0.896289 0.480903 0.022266 0.035417
0 0.926172 0.415972 0.024219 0.033333
0 0.893945 0.397569 0.031641 0.032639
0 0.868555 0.447917 0.018359 0.048611
0 0.856836 0.361806 0.023828 0.027778
0 0.640039 0.371528 0.025391 0.041667
0 0.621875 0.372569 0.021094 0.031250
0 0.607617 0.359375 0.016016 0.025694
0 0.623437 0.340278 0.021094 0.034722
0 0.670117 0.316319 0.018359 0.027083
0 0.684766 0.332986 0.020313 0.031250
0 0.677344 0.288194 0.016406 0.026389
0 0.704883 0.302778 0.023828 0.036111
0 0.698438 0.271528 0.019531 0.031944
0 0.724219 0.287153 0.017969 0.034028
0 0.738477 0.268750 0.019922 0.031944
0 0.759570 0.249653 0.022266 0.029861
0 0.769922 0.231250 0.016406 0.029167
0 0.764844 0.211806 0.016406 0.023611
0 0.783398 0.213194 0.014453 0.025000
0 0.829492 0.165278 0.016797 0.022222
0 0.826367 0.147917 0.014453 0.023611
0 0.844336 0.146528 0.013672 0.023611
0 0.867578 0.164931 0.018750 0.027083
0 0.906836 0.091667 0.014453 0.016667
0 0.961133 0.078819 0.012109 0.015972
0 0.957812 0.041667 0.010156 0.018056
0 0.965820 0.018750 0.009766 0.016667
