2 0.368750 0.405903 0.059375 0.085417
2 0.791016 0.615278 0.121875 0.115278
2 0.869922 0.168056 0.032031 0.043056
2 0.981250 0.047917 0.015625 0.034722
2 0.954688 0.023264 0.016406 0.036806
2 0.828516 0.368403 0.071094 0.057639
2 0.620313 0.572917 0.057031 0.061111
1 0.326562 0.376389 0.037500 0.058333
1 0.660352 0.348264 0.025391 0.050694
1 0.646094 0.332639 0.030469 0.061111
1 0.651172 0.304514 0.043750 0.056250
0 0.096094 0.145139 0.016406 0.019444
0 0.020508 0.101389 0.011328 0.020833
0 0.125391 0.150000 0.010937 0.011111
0 0.171680 0.183681 0.015234 0.017361
0 0.201758 0.207292 0.016797 0.020139
0 0.211133 0.224653 0.018359 0.020139
0 0.237305 0.293750 0.023828 0.026389
0 0.262500 0.312153 0.021875 0.028472
0 0.309180 0.296875 0.022266 0.027083
0 0.287305 0.332639 0.025391 0.026389
0 0.296680 0.357292 0.022266 0.032639
0 0.409180 0.449653 0.026953 0.034028
0 0.435547 0.470139 0.029687 0.038889
0 0.412305 0.429514 0.026953 0.032639
0 0.443555 0.454167 0.028516 0.037500
0 0.346094 0.770139 0.034375 0.040278
0 0.365430 0.785764 0.034766 0.045139
0 0.376758 0.695139 0.031641 0.036111
0 0.394727 0.713889 0.038672 0.040278
0 0.414844 0.729167 0.032031 0.041667
0 0.543555 0.981250 0.045703 0.036111
0 0.619922 0.910764 0.028906 0.065972
0 0.615430 0.985417 0.046484 0.029167
0 0.652930 0.955903 0.035547 0.052083
0 0.716602 0.976042 0.025391 0.047917
0 0.750391 0.847917 0.041406 0.051389
0 0.636133 0.755903 0.041797 0.053472
0 0.665430 0.652431 0.035547 0.038194
0 0.839844 0.827778 0.042188 0.050000
0 0.844141 0.776389 0.039844 0.051389
0 0.974805 0.893403 0.043359 0.054861
0 0.827344 0.716667 0.035937 0.037500
0 0.792383 0.691667 0.037109 0.038889
0 0.746094 0.659028 0.039062 0.048611
0 0.724805 0.621875 0.035547 0.039583
0 0.671680 0.580903 0.031641 0.035417
0 0.641211 0.560764 0.029297 0.031250
0 0.601758 0.524653 0.037109 0.040972
0 0.894141 0.480556 0.019531 0.033333
0 0.924805 0.415625 0.022266 0.024306
0 0.893555 0.396875 0.024609 0.031250
0 0.868555 0.446528 0.019922 0.041667
0 0.857812 0.363542 0.025000 0.029861
0 0.608594 0.362153 0.015625 0.032639
0 0.620508 0.371875 0.016797 0.031250
0 0.639648 0.374306 0.023828 0.040278
0 0.624219 0.338542 0.020313 0.029861
0 0.683594 0.330903 0.017969 0.032639
0 0.672266 0.315278 0.016406 0.026389
0 0.678516 0.287153 0.017969 0.029861
0 0.706641 0.301042 0.020313 0.034028
0 0.698047 0.273264 0.017969 0.032639
1 0.718750 0.244792 0.028125 0.043750
0 0.723633 0.287153 0.018359 0.028472
0 0.737891 0.268750 0.016406 0.029167
0 0.757227 0.248264 0.016797 0.027083
0 0.770508 0.232639 0.015234 0.027778
0 0.782227 0.213889 0.014453 0.026389
0 0.833594 0.201042 0.017969 0.027083
0 0.795508 0.182639 0.015234 0.025000
0 0.857812 0.122917 0.012500 0.020833
0 0.856055 0.140278 0.012109 0.015278
0 0.870313 0.121528 0.014063 0.016667
0 0.937891 0.104167 0.010156 0.016667
0 0.930469 0.067014 0.010937 0.017361
0 0.974219 0.024306 0.009375 0.013889
