2 0.761328 0.631250 0.082031 0.095833
2 0.359375 0.781597 0.082031 0.118750
2 0.299414 0.803472 0.080859 0.120833
1 0.150586 0.176389 0.021484 0.033333
1 0.228906 0.893056 0.053125 0.077778
1 0.623242 0.340972 0.030859 0.051389
0 0.037305 0.092361 0.012109 0.015278
0 0.100195 0.134028 0.013672 0.016667
0 0.317969 0.354861 0.021094 0.030556
0 0.340430 0.370833 0.023828 0.034722
0 0.362695 0.385069 0.020703 0.029861
0 0.387109 0.407292 0.025000 0.031250
0 0.411719 0.425694 0.026562 0.033333
0 0.438867 0.444792 0.026172 0.032639
0 0.381836 0.425347 0.023047 0.032639
0 0.404883 0.443056 0.024609 0.037500
0 0.438672 0.470139 0.030469 0.040278
0 0.156055 0.978472 0.046484 0.043056
0 0.212695 0.965278 0.038672 0.051389
0 0.379102 0.694097 0.032422 0.045139
0 0.418555 0.727431 0.030859 0.039583
0 0.377930 0.723958 0.026172 0.015972
0 0.416797 0.692361 0.035156 0.036111
0 0.716406 0.977431 0.021094 0.045139
0 0.650195 0.961111 0.040234 0.054167
0 0.627148 0.988194 0.022266 0.023611
0 0.750391 0.850347 0.039062 0.043750
0 0.635742 0.756597 0.037891 0.040972
0 0.723633 0.647222 0.035547 0.036111
1 0.991406 0.701042 0.017188 0.056250
0 0.658789 0.600000 0.032422 0.033333
0 0.612500 0.568056 0.036719 0.036111
0 0.600977 0.536806 0.031641 0.033333
0 0.926172 0.415972 0.021875 0.025000
0 0.895117 0.398958 0.026953 0.021528
0 0.893945 0.478125 0.016797 0.029861
0 0.869141 0.444444 0.018750 0.040278
0 0.858789 0.360764 0.022266 0.025694
2 0.840234 0.376042 0.046875 0.040972
0 0.686914 0.374306 0.019141 0.027778
0 0.667578 0.443056 0.018750 0.030556
0 0.642188 0.373611 0.020313 0.029167
0 0.634961 0.349653 0.023828 0.038194
0 0.661914 0.351389 0.018359 0.023611
0 0.658008 0.309028 0.017578 0.023611
0 0.663281 0.327431 0.017188 0.024306
0 0.669531 0.292014 0.016406 0.021528
0 0.679883 0.308681 0.017578 0.024306
0 0.680273 0.330903 0.019922 0.022917
0 0.686914 0.280556 0.013672 0.020833
0 0.698828 0.286458 0.020313 0.025694
0 0.695703 0.309375 0.019531 0.032639
0 0.713281 0.274653 0.017188 0.022917
0 0.721484 0.292014 0.018750 0.027083
0 0.741992 0.264583 0.016016 0.022222
0 0.801367 0.176042 0.014453 0.024306
0 0.853320 0.140625 0.016797 0.018750
0 0.887305 0.161111 0.013672 0.020833
0 0.934375 0.091667 0.010156 0.016667
0 0.958984 0.039583 0.008594 0.012500
0 0.773438 0.365278 0.022656 0.029167
