2 0.793359 0.611806 0.117969 0.113889
2 0.119531 0.962500 0.111719 0.075000
2 0.232422 0.876389 0.077344 0.097222
2 0.763672 0.200347 0.039844 0.057639
1 0.652344 0.298611 0.039062 0.050000
1 0.646875 0.332292 0.035156 0.057639
1 0.717187 0.244792 0.025000 0.040972
1 0.838281 0.389583 0.039062 0.040278
1 0.346484 0.802083 0.048438 0.063889
0 0.302344 0.405208 0.023438 0.031250
0 0.360742 0.391319 0.026953 0.036806
0 0.191211 0.979514 0.033203 0.040972
0 0.231836 0.936806 0.040234 0.037500
0 0.288281 0.833333 0.032031 0.041667
0 0.293750 0.866319 0.039062 0.034028
0 0.324805 0.787153 0.030859 0.036806
0 0.364844 0.746875 0.035156 0.036806
0 0.382617 0.766319 0.030859 0.042361
0 0.399805 0.709028 0.033203 0.041667
0 0.415234 0.729861 0.028906 0.040278
0 0.579883 0.478472 0.018359 0.047222
0 0.617773 0.401389 0.022266 0.036111
0 0.682813 0.465625 0.022656 0.036806
0 0.541992 0.982292 0.041016 0.035417
0 0.615430 0.984722 0.040234 0.030556
0 0.718164 0.977778 0.025391 0.044444
0 0.750586 0.848264 0.037109 0.053472
0 0.924023 0.735417 0.037109 0.040278
0 0.800391 0.804167 0.038281 0.063889
0 0.712891 0.700347 0.037500 0.045139
0 0.637891 0.756944 0.040625 0.052778
0 0.681055 0.802431 0.021484 0.056250
0 0.654687 0.847917 0.030469 0.068056
0 0.619336 0.914931 0.037891 0.065972
0 0.652930 0.956250 0.034766 0.059722
0 0.894727 0.481250 0.019922 0.034722
0 0.925586 0.415278 0.025391 0.027778
0 0.884766 0.424653 0.019531 0.031250
0 0.893555 0.396875 0.024609 0.027083
0 0.868555 0.445833 0.016016 0.038889
0 0.857031 0.362500 0.022656 0.029167
0 0.790430 0.338889 0.016016 0.029167
0 0.822656 0.227083 0.013281 0.023611
0 0.705078 0.306944 0.018750 0.027778
0 0.621875 0.370486 0.022656 0.029861
0 0.608984 0.360764 0.015625 0.025694
0 0.623047 0.339931 0.020313 0.034028
0 0.670898 0.317361 0.017578 0.031944
0 0.687109 0.301389 0.019531 0.034722
0 0.676758 0.288194 0.017578 0.029167
0 0.696289 0.272917 0.021484 0.029167
0 0.702344 0.285764 0.016406 0.025694
0 0.728906 0.260417 0.016406 0.025000
0 0.737500 0.231250 0.021094 0.029167
0 0.785937 0.213889 0.017188 0.023611
0 0.786719 0.192708 0.015625 0.025694
0 0.800977 0.177083 0.014453 0.023611
0 0.808398 0.188542 0.015234 0.027083
0 0.826953 0.169792 0.013281 0.020139
0 0.832617 0.153819 0.018359 0.027083
0 0.848047 0.150000 0.014063 0.019444
0 0.836719 0.135417 0.012500 0.016667
0 0.848242 0.133681 0.012109 0.017361
0 0.855664 0.142361 0.011328 0.016667
0 0.893750 0.089583 0.013281 0.016667
0 0.944141 0.081250 0.013281 0.018056
0 0.966602 0.059375 0.011328 0.014583
