2 0.697852 0.696528 0.119922 0.130556
2 0.672461 0.285417 0.045703 0.050000
2 0.832422 0.368750 0.071094 0.062500
2 0.304102 0.846528 0.068359 0.097222
1 0.896094 0.078125 0.023438 0.042361
1 0.799219 0.187153 0.023438 0.042361
1 0.756641 0.210417 0.030469 0.037500
0 0.097266 0.193403 0.017969 0.025694
0 0.086719 0.219792 0.019531 0.032639
0 0.113477 0.227778 0.018359 0.027778
0 0.125977 0.259028 0.017578 0.023611
0 0.163672 0.265625 0.027344 0.046528
0 0.230469 0.322917 0.021094 0.022222
0 0.229102 0.343750 0.025391 0.031944
0 0.270508 0.355903 0.022266 0.032639
0 0.313672 0.354514 0.025781 0.040972
0 0.350977 0.379167 0.022266 0.034722
0 0.333594 0.388542 0.025781 0.031250
0 0.320508 0.397917 0.023047 0.026389
0 0.307812 0.409028 0.025000 0.038889
0 0.299219 0.379167 0.019531 0.026389
0 0.326172 0.447917 0.027344 0.038889
0 0.165625 0.965625 0.046875 0.047917
0 0.349805 0.765625 0.036328 0.043750
0 0.424219 0.713542 0.033594 0.050694
0 0.451172 0.612153 0.028125 0.046528
1 0.574219 0.473264 0.025781 0.059028
0 0.606641 0.409028 0.018750 0.041667
0 0.684180 0.487153 0.027734 0.045139
1 0.610352 0.596181 0.032422 0.059028
0 0.635547 0.753125 0.038281 0.057639
0 0.683594 0.793056 0.039844 0.054167
0 0.652344 0.954167 0.035937 0.059722
0 0.715430 0.976042 0.028516 0.047917
0 0.749805 0.847917 0.041016 0.052778
0 0.933594 0.894792 0.046094 0.053472
0 0.963477 0.733681 0.041797 0.050694
0 0.912305 0.704514 0.038672 0.043750
0 0.857422 0.662500 0.039844 0.040278
0 0.836719 0.673264 0.035937 0.045139
0 0.823438 0.618403 0.035156 0.043750
0 0.809180 0.623264 0.044922 0.047917
0 0.791211 0.645139 0.035547 0.043056
0 0.774805 0.587153 0.040234 0.039583
0 0.766797 0.601389 0.033594 0.037500
0 0.754883 0.617014 0.040234 0.046528
0 0.892383 0.477431 0.016797 0.032639
0 0.925586 0.416667 0.023047 0.037500
0 0.892969 0.401389 0.026562 0.034722
0 0.867188 0.446528 0.021875 0.050000
0 0.858594 0.365278 0.026562 0.031944
0 0.614844 0.346181 0.020313 0.038194
0 0.633008 0.360417 0.023828 0.037500
0 0.640430 0.327778 0.018359 0.025000
0 0.654102 0.338542 0.024609 0.031250
0 0.673633 0.310764 0.024609 0.043750
0 0.691797 0.298264 0.021875 0.029861
0 0.706641 0.281250 0.018750 0.027778
0 0.714063 0.251389 0.015625 0.025000
0 0.723633 0.263889 0.015234 0.023611
0 0.738477 0.249653 0.013672 0.021528
0 0.767383 0.242014 0.015234 0.027083
0 0.756055 0.232639 0.018359 0.022222
0 0.766797 0.221528 0.016406 0.022222
0 0.777930 0.214931 0.013672 0.018750
0 0.780469 0.191667 0.017188 0.023611
0 0.804883 0.167014 0.014453 0.017361
0 0.818555 0.157639 0.012891 0.025000
0 0.825586 0.144792 0.013672 0.011806
0 0.812305 0.185417 0.018359 0.022222
0 0.829883 0.165278 0.014453 0.016667
0 0.842969 0.134028 0.010937 0.018056
0 0.849219 0.143056 0.012500 0.020833
0 0.850391 0.126389 0.013281 0.018056
0 0.859961 0.118403 0.011328 0.020139
0 0.869727 0.113542 0.012891 0.018750
0 0.879297 0.104167 0.009375 0.013889
1 0.889258 0.104167 0.012891 0.023611
0 0.907227 0.087153 0.008984 0.018750
0 0.910352 0.076389 0.008203 0.013889
0 0.931641 0.067014 0.008594 0.018750
0 0.956836 0.029167 0.007422 0.016667
0 0.969141 0.012500 0.008594 0.016667
0 0.972266 0.024306 0.008594 0.012500
