2 0.794141 0.616667 0.121875 0.120833
2 0.831055 0.371528 0.067578 0.052778
2 0.607422 0.345139 0.053906 0.075000
2 0.230469 0.878125 0.079687 0.109028
2 0.121094 0.962500 0.105469 0.075000
1 0.198633 0.210417 0.040234 0.051389
1 0.345508 0.801042 0.045703 0.068750
1 0.817969 0.234375 0.028125 0.040972
1 0.399219 0.348264 0.041406 0.047917
0 0.010742 0.129167 0.017578 0.029167
0 0.024023 0.131597 0.011328 0.015972
0 0.063672 0.163889 0.018750 0.025000
0 0.085742 0.189583 0.017578 0.025000
0 0.131055 0.223958 0.021484 0.025694
0 0.245703 0.237500 0.020313 0.023611
0 0.307422 0.264236 0.024219 0.025694
0 0.185156 0.302431 0.022656 0.029861
0 0.226562 0.319097 0.021875 0.029861
0 0.278125 0.324306 0.023438 0.029167
0 0.466797 0.375000 0.031250 0.023611
0 0.302734 0.404861 0.023438 0.033333
0 0.313281 0.393750 0.025781 0.029167
0 0.360156 0.387847 0.025781 0.031250
0 0.103320 0.921181 0.050391 0.075694
0 0.202344 0.792708 0.035156 0.047917
0 0.189844 0.979514 0.039844 0.040972
0 0.233789 0.933333 0.042578 0.033333
0 0.288672 0.836458 0.032813 0.047917
0 0.295117 0.865972 0.038672 0.040278
0 0.324609 0.790625 0.032813 0.043750
0 0.364453 0.751042 0.033594 0.042361
0 0.384766 0.766667 0.032031 0.047222
0 0.400195 0.711111 0.033984 0.050000
0 0.413281 0.730208 0.031250 0.040972
0 0.533984 0.981250 0.038281 0.037500
0 0.616406 0.985764 0.039844 0.028472
0 0.717578 0.978472 0.025000 0.043056
0 0.955273 0.877083 0.037891 0.052778
0 0.747656 0.746181 0.039844 0.060417
0 0.627344 0.895139 0.035937 0.069444
0 0.650781 0.957986 0.031250 0.063194
0 0.676953 0.814236 0.021094 0.057639
0 0.635938 0.755208 0.038281 0.049306
0 0.750195 0.849653 0.037109 0.049306
0 0.989258 0.776042 0.021484 0.043750
0 0.988672 0.751736 0.022656 0.025694
0 0.949023 0.752431 0.030859 0.036806
0 0.904687 0.719792 0.036719 0.038194
0 0.908203 0.695486 0.033594 0.036806
0 0.859570 0.686458 0.047266 0.054861
0 0.811719 0.661806 0.033594 0.038889
0 0.821289 0.620486 0.032422 0.043750
0 0.759766 0.625347 0.035156 0.038194
0 0.718555 0.638889 0.034766 0.040278
0 0.729297 0.627431 0.034375 0.038194
0 0.894336 0.481597 0.018359 0.032639
0 0.925781 0.415972 0.021875 0.025000
0 0.894141 0.397569 0.022656 0.032639
0 0.867969 0.443403 0.017188 0.039583
0 0.856641 0.362153 0.021875 0.024306
0 0.771094 0.295833 0.014063 0.029167
0 0.723437 0.337847 0.019531 0.031250
0 0.597852 0.397569 0.025391 0.036806
0 0.675391 0.297222 0.022656 0.031944
0 0.739062 0.235069 0.025000 0.032639
0 0.770508 0.220486 0.017578 0.025694
0 0.794727 0.181944 0.014453 0.022222
0 0.818750 0.157639 0.014844 0.023611
0 0.872656 0.173958 0.012500 0.020139
0 0.893555 0.089583 0.011328 0.016667
1 0.928906 0.100347 0.017188 0.031250
0 0.972656 0.064236 0.010156 0.013194
0 0.944531 0.041667 0.010156 0.018056
0 0.978906 0.016667 0.009375 0.012500
