2 0.423633 0.355556 0.062891 0.068056
2 0.827148 0.163889 0.022266 0.051389
2 0.876172 0.174653 0.038281 0.063194
2 0.722656 0.642708 0.073438 0.082639
2 0.275391 0.329167 0.053125 0.080556
2 0.827344 0.366319 0.072656 0.072917
1 0.241406 0.304167 0.042969 0.061111
1 0.177734 0.293750 0.028906 0.033333
1 0.201758 0.314931 0.023047 0.029861
1 0.716016 0.337500 0.034375 0.054167
1 0.657422 0.345486 0.028906 0.047917
1 0.889258 0.070139 0.026953 0.043056
0 0.191211 0.289931 0.024609 0.036806
0 0.212891 0.306944 0.016406 0.030556
0 0.234180 0.325000 0.030859 0.040278
0 0.220508 0.334722 0.019922 0.023611
0 0.256055 0.345139 0.022266 0.029167
0 0.245703 0.361806 0.026562 0.030556
0 0.275586 0.360069 0.022266 0.027083
0 0.266211 0.375347 0.029297 0.032639
0 0.254492 0.385417 0.023828 0.029167
0 0.297461 0.381944 0.025391 0.027778
0 0.313867 0.367361 0.021484 0.023611
0 0.304883 0.339931 0.011328 0.020139
0 0.323242 0.355556 0.026172 0.029167
0 0.348828 0.379167 0.029687 0.033333
0 0.336719 0.389931 0.027344 0.031250
0 0.323633 0.401389 0.028516 0.037500
0 0.310937 0.411111 0.027344 0.034722
0 0.531445 0.381944 0.035547 0.034722
0 0.497852 0.496528 0.037891 0.054167
0 0.380273 0.698958 0.038672 0.043750
0 0.637500 0.757292 0.045312 0.060417
0 0.665234 0.840625 0.036719 0.074306
0 0.747070 0.847222 0.041016 0.051389
0 0.617773 0.916319 0.039453 0.065972
0 0.651172 0.955556 0.044531 0.063889
0 0.094922 0.925347 0.048438 0.049306
0 0.617773 0.988542 0.047266 0.022917
0 0.716602 0.976736 0.033203 0.046528
0 0.973437 0.763194 0.035156 0.043056
0 0.962109 0.731250 0.042969 0.041667
0 0.958008 0.707292 0.041016 0.034028
0 0.930469 0.738542 0.041406 0.045139
0 0.907031 0.699653 0.042188 0.036806
0 0.881445 0.655208 0.036328 0.036806
0 0.886914 0.705903 0.041016 0.045139
0 0.865625 0.716667 0.039062 0.038889
0 0.841406 0.725000 0.037500 0.044444
0 0.798633 0.691667 0.041016 0.047222
0 0.838281 0.676389 0.037500 0.041667
0 0.856836 0.666319 0.033984 0.047917
0 0.818750 0.615972 0.037500 0.041667
0 0.808594 0.631250 0.038281 0.051389
0 0.791992 0.643403 0.035547 0.038194
0 0.787500 0.573958 0.028906 0.038194
0 0.773438 0.586111 0.035937 0.040278
0 0.763281 0.601389 0.037500 0.034722
0 0.755273 0.617014 0.033984 0.040972
0 0.734570 0.619444 0.037891 0.045833
0 0.894336 0.479861 0.023047 0.036111
0 0.925781 0.415278 0.023438 0.030556
0 0.893359 0.397222 0.031250 0.034722
0 0.868555 0.444097 0.026953 0.053472
0 0.855273 0.361806 0.028516 0.023611
0 0.627148 0.336806 0.026953 0.027778
0 0.638281 0.375694 0.031250 0.047222
0 0.683008 0.331250 0.019922 0.041667
0 0.695508 0.273264 0.027734 0.040972
0 0.728906 0.242708 0.026562 0.036806
0 0.744727 0.261111 0.021484 0.029167
0 0.782227 0.193403 0.012109 0.020139
0 0.805859 0.187500 0.016406 0.026389
0 0.813867 0.221181 0.024609 0.035417
0 0.812695 0.161111 0.015234 0.023611
0 0.849414 0.148611 0.017578 0.027778
0 0.931250 0.093403 0.014063 0.020139
0 0.950781 0.086111 0.014063 0.023611
0 0.943750 0.064236 0.012500 0.020139
0 0.914258 0.084028 0.015234 0.030556
