2 0.792383 0.617014 0.116016 0.124306
2 0.120313 0.964236 0.107813 0.071528
2 0.233398 0.876389 0.079297 0.097222
2 0.763086 0.200347 0.035547 0.057639
2 0.833398 0.371528 0.071484 0.052778
1 0.345508 0.806250 0.051953 0.072222
1 0.843555 0.391319 0.036328 0.039583
1 0.647266 0.333333 0.032813 0.062500
1 0.650586 0.303819 0.042578 0.056250
1 0.717187 0.242361 0.028906 0.043056
0 0.164648 0.192014 0.016016 0.014583
0 0.301953 0.404167 0.025781 0.030556
0 0.359961 0.385069 0.024609 0.029861
0 0.192773 0.980556 0.036328 0.038889
0 0.233398 0.935069 0.038672 0.036806
0 0.287500 0.834722 0.029687 0.044444
0 0.295508 0.863889 0.040234 0.036111
0 0.324219 0.788889 0.029687 0.043056
0 0.363867 0.751042 0.030859 0.042361
0 0.383008 0.767014 0.030078 0.040972
0 0.396875 0.710069 0.032813 0.043750
0 0.414648 0.729167 0.031641 0.041667
0 0.543164 0.982292 0.044141 0.035417
0 0.620117 0.985764 0.044141 0.028472
0 0.620117 0.910764 0.030859 0.065972
0 0.651172 0.955556 0.032031 0.058333
0 0.716797 0.975000 0.023438 0.050000
0 0.654102 0.848958 0.031641 0.068750
0 0.681641 0.803819 0.020313 0.054861
0 0.635938 0.756944 0.039844 0.050000
0 0.658398 0.652778 0.035547 0.048611
0 0.735547 0.744097 0.039844 0.053472
0 0.750977 0.847917 0.037891 0.041667
0 0.972852 0.764583 0.040234 0.045833
0 0.822852 0.619097 0.033984 0.043750
0 0.696875 0.498958 0.026562 0.035417
0 0.587500 0.451389 0.019531 0.041667
0 0.643555 0.373611 0.018359 0.029167
0 0.854883 0.360764 0.021484 0.025694
0 0.893164 0.395139 0.026953 0.030556
0 0.925977 0.415625 0.024609 0.021528
0 0.895898 0.475347 0.017578 0.038194
0 0.889453 0.432292 0.019531 0.032639
0 0.866992 0.445139 0.019141 0.043056
0 0.791602 0.343403 0.018359 0.031250
0 0.622070 0.372569 0.020703 0.031250
0 0.609570 0.361111 0.016016 0.026389
0 0.622852 0.340972 0.016016 0.036111
0 0.671680 0.319444 0.017578 0.029167
0 0.687891 0.301736 0.016406 0.031250
0 0.676953 0.286111 0.017188 0.026389
0 0.694727 0.273264 0.018359 0.028472
0 0.701562 0.286806 0.014844 0.027778
0 0.721680 0.290972 0.016016 0.030556
0 0.728125 0.259722 0.015625 0.027778
0 0.737305 0.232639 0.017578 0.023611
0 0.803320 0.252083 0.013672 0.023611
0 0.793359 0.203472 0.012500 0.023611
0 0.784766 0.190972 0.013281 0.022222
0 0.801953 0.173958 0.014063 0.022917
0 0.810937 0.187153 0.014063 0.020139
0 0.826953 0.171875 0.015625 0.022917
0 0.833398 0.159028 0.014453 0.030556
0 0.836523 0.137847 0.014453 0.021528
0 0.848828 0.131944 0.013281 0.019444
0 0.847070 0.150347 0.012891 0.020139
0 0.856250 0.141667 0.012500 0.015278
0 0.900586 0.084375 0.010547 0.020139
0 0.935352 0.091667 0.012109 0.016667
0 0.958203 0.067708 0.010156 0.015972
0 0.981055 0.039583 0.007422 0.013889
0 0.985938 0.046875 0.008594 0.014583
0 0.997070 0.021181 0.005859 0.011806
