2 0.654297 0.433333 0.072656 0.097222
2 0.831445 0.371181 0.071484 0.056250
2 0.708789 0.244792 0.041797 0.057639
2 0.934570 0.061458 0.021484 0.031250
2 0.724023 0.636458 0.069141 0.074306
2 0.958008 0.074653 0.017578 0.031250
2 0.277148 0.326389 0.055078 0.069444
1 0.241406 0.302778 0.039062 0.054167
1 0.175781 0.292014 0.025000 0.032639
1 0.197656 0.311806 0.020313 0.033333
1 0.891992 0.067708 0.023047 0.031250
1 0.659375 0.347222 0.032813 0.051389
0 0.041211 0.980208 0.044922 0.039583
0 0.214258 0.306250 0.019922 0.033333
0 0.191016 0.288889 0.022656 0.023611
0 0.290820 0.267014 0.026953 0.024306
0 0.304688 0.340972 0.011719 0.022222
0 0.233594 0.321875 0.028906 0.040972
0 0.222070 0.337500 0.023047 0.033333
0 0.256250 0.343056 0.019531 0.029167
0 0.275195 0.358681 0.023828 0.031250
0 0.268359 0.371875 0.026562 0.029861
0 0.245898 0.354861 0.018359 0.023611
0 0.256836 0.384028 0.024609 0.030556
0 0.297852 0.378472 0.024609 0.031944
0 0.325195 0.357639 0.027734 0.029167
0 0.315039 0.366667 0.019141 0.026389
0 0.349414 0.379167 0.026953 0.036111
0 0.334766 0.386806 0.029687 0.033333
0 0.323828 0.398611 0.028906 0.038889
0 0.308789 0.407986 0.027734 0.038194
0 0.414844 0.587500 0.034375 0.051389
0 0.394141 0.577083 0.033594 0.040278
0 0.517578 0.484722 0.032031 0.052778
0 0.333594 0.657986 0.038281 0.046528
0 0.378125 0.694792 0.039062 0.042361
0 0.183789 0.842708 0.043359 0.052083
0 0.619336 0.911111 0.037891 0.055556
0 0.663086 0.843056 0.038672 0.063889
0 0.637305 0.760764 0.044922 0.060417
0 0.749219 0.847222 0.041406 0.054167
0 0.713867 0.975000 0.033984 0.050000
0 0.641016 0.971528 0.048438 0.051389
0 0.962891 0.732639 0.039062 0.045833
0 0.958008 0.797917 0.044922 0.054167
0 0.993945 0.707292 0.012109 0.035417
0 0.884375 0.656597 0.038281 0.038194
0 0.905273 0.698958 0.040234 0.047917
0 0.889258 0.711111 0.041016 0.041667
0 0.854883 0.665278 0.036328 0.045833
0 0.834766 0.675694 0.039062 0.044444
0 0.821484 0.617708 0.035156 0.042361
0 0.808594 0.629514 0.039844 0.043750
0 0.791992 0.645139 0.040234 0.038889
0 0.773047 0.587847 0.039062 0.039583
0 0.765820 0.602083 0.032422 0.033333
0 0.756250 0.619792 0.039844 0.045139
0 0.894922 0.481250 0.023438 0.034722
0 0.924805 0.415972 0.023828 0.029167
0 0.890234 0.394444 0.031250 0.034722
0 0.871094 0.446181 0.023438 0.052083
0 0.859180 0.361806 0.024609 0.030556
0 0.748437 0.301736 0.018750 0.040972
0 0.780664 0.273611 0.023828 0.044444
0 0.827539 0.226736 0.016797 0.024306
0 0.871875 0.156597 0.018750 0.032639
0 0.586719 0.380903 0.022656 0.032639
0 0.608594 0.384722 0.028906 0.051389
0 0.677930 0.311458 0.023828 0.032639
0 0.684570 0.330903 0.024609 0.034028
0 0.718555 0.269792 0.022266 0.036806
0 0.768945 0.208681 0.024609 0.034028
0 0.804297 0.173958 0.017188 0.031250
0 0.835156 0.146181 0.019531 0.027083
0 0.854102 0.126389 0.014453 0.023611
0 0.889844 0.092361 0.013281 0.022222
0 0.904297 0.096181 0.013281 0.025694
0 0.921680 0.060764 0.011328 0.013194
0 0.922266 0.075000 0.010156 0.016667
0 0.942969 0.039931 0.013281 0.020139
0 0.969922 0.048264 0.010937 0.014583
0 0.976562 0.059028 0.011719 0.016667
0 0.950586 0.069792 0.011328 0.015972
