2 0.534570 0.425694 0.063672 0.062500
2 0.833398 0.371181 0.063672 0.057639
2 0.917969 0.770486 0.074219 0.095139
2 0.377344 0.765278 0.061719 0.084722
2 0.174219 0.245486 0.046094 0.059028
1 0.101367 0.192361 0.037109 0.047222
1 0.199023 0.313889 0.029297 0.040278
1 0.305078 0.812153 0.051562 0.060417
1 0.223047 0.938889 0.063281 0.061111
1 0.681445 0.278125 0.037109 0.045139
1 0.778125 0.206944 0.019531 0.041667
1 0.850000 0.142014 0.026562 0.029861
1 0.894531 0.079514 0.023438 0.032639
0 0.005273 0.077431 0.009766 0.017361
0 0.327734 0.293056 0.023438 0.025000
0 0.237500 0.288194 0.021875 0.020833
0 0.214258 0.304514 0.019141 0.024306
0 0.235156 0.321875 0.029687 0.045139
0 0.221484 0.336806 0.021094 0.033333
0 0.271289 0.317708 0.024609 0.032639
0 0.298242 0.341319 0.023828 0.029861
0 0.278125 0.362153 0.024219 0.029861
0 0.258398 0.345139 0.021484 0.027778
0 0.236523 0.323958 0.024609 0.040972
0 0.246094 0.357639 0.022656 0.029167
0 0.268359 0.377083 0.025781 0.033333
0 0.276562 0.361111 0.024219 0.033333
0 0.256250 0.383333 0.025781 0.038889
0 0.306445 0.409722 0.024609 0.033333
0 0.297461 0.378472 0.019141 0.026389
0 0.312500 0.371528 0.022656 0.026389
0 0.324023 0.357292 0.026172 0.034028
0 0.349414 0.378472 0.026953 0.034722
0 0.332813 0.388542 0.029687 0.032639
0 0.325391 0.402778 0.028125 0.033333
0 0.115820 0.875000 0.041016 0.054167
0 0.383008 0.632986 0.031641 0.043750
0 0.510547 0.486458 0.033594 0.056250
0 0.261719 0.855208 0.039844 0.043750
0 0.286719 0.878472 0.046875 0.050000
0 0.328906 0.828125 0.042969 0.053472
0 0.354492 0.757639 0.037891 0.041667
0 0.379688 0.700347 0.035156 0.035417
0 0.406445 0.702431 0.033984 0.052083
0 0.427148 0.709028 0.033984 0.044444
0 0.563281 0.437500 0.027344 0.041667
0 0.591602 0.379167 0.024609 0.034722
0 0.635742 0.757292 0.044141 0.054861
0 0.672461 0.834028 0.030078 0.069444
0 0.703906 0.848611 0.025000 0.066667
0 0.718750 0.974653 0.031250 0.050694
0 0.749609 0.851389 0.040625 0.041667
0 0.813867 0.846875 0.046484 0.054861
0 0.964453 0.737153 0.037500 0.045139
0 0.912695 0.703472 0.041797 0.047222
0 0.898828 0.717708 0.039062 0.045139
0 0.855273 0.664236 0.038672 0.038194
0 0.837305 0.674653 0.041016 0.047917
0 0.821875 0.618750 0.039062 0.044444
0 0.810547 0.629514 0.040625 0.050694
0 0.792188 0.645139 0.032031 0.041667
0 0.774219 0.586111 0.038281 0.041667
0 0.765234 0.603125 0.035156 0.043750
0 0.755078 0.618056 0.036719 0.045833
0 0.894727 0.482639 0.020703 0.047222
0 0.924414 0.417014 0.025391 0.032639
0 0.894336 0.398958 0.030859 0.039583
0 0.868555 0.446875 0.017578 0.050694
0 0.858203 0.361111 0.023438 0.029167
0 0.607031 0.388542 0.023438 0.032639
0 0.638477 0.329167 0.030078 0.037500
0 0.652344 0.340625 0.022656 0.032639
0 0.686719 0.301042 0.022656 0.032639
0 0.721680 0.267708 0.020703 0.034028
0 0.739062 0.250000 0.019531 0.023611
0 0.756836 0.232986 0.018359 0.021528
0 0.765430 0.206597 0.015234 0.022917
0 0.789648 0.186806 0.012109 0.016667
0 0.797461 0.197917 0.016797 0.026389
0 0.800586 0.173611 0.010547 0.019444
0 0.811133 0.163194 0.013672 0.016667
0 0.819141 0.154167 0.015625 0.016667
0 0.817187 0.178819 0.014063 0.022917
0 0.830469 0.168056 0.013281 0.016667
0 0.836133 0.155556 0.015234 0.018056
0 0.839063 0.137847 0.014063 0.015972
0 0.850391 0.126389 0.010937 0.012500
0 0.866016 0.130208 0.012500 0.015972
0 0.878125 0.121528 0.014844 0.016667
0 0.898047 0.103472 0.014063 0.013889
0 0.860156 0.119444 0.014063 0.016667
0 0.869922 0.111111 0.010156 0.013889
0 0.884766 0.098264 0.010937 0.020139
0 0.895898 0.103125 0.009766 0.015972
0 0.905859 0.088889 0.007812 0.015278
0 0.913477 0.085417 0.008984 0.013889
0 0.904102 0.078472 0.004297 0.009722
0 0.912695 0.070833 0.008203 0.015278
0 0.923047 0.072917 0.010156 0.016667
0 0.938477 0.049306 0.010547 0.016667
0 0.947461 0.038194 0.008984 0.015278
