2 0.331250 0.372917 0.058594 0.076389
2 0.721680 0.510069 0.076953 0.089583
2 0.948633 0.689583 0.084766 0.087500
2 0.981445 0.687847 0.037109 0.081250
2 0.827734 0.369097 0.073438 0.064583
1 0.696094 0.259028 0.042969 0.050000
1 0.272852 0.332639 0.041016 0.061111
1 0.417773 0.522569 0.066016 0.097917
1 0.965430 0.019792 0.013672 0.021528
1 0.645898 0.331597 0.033203 0.059028
1 0.661719 0.349306 0.028125 0.051389
1 0.207813 0.323264 0.029687 0.039583
0 0.269141 0.373611 0.033594 0.044444
0 0.006641 0.136458 0.010937 0.021528
0 0.008984 0.082292 0.009375 0.015972
0 0.074414 0.172917 0.017578 0.020833
0 0.169922 0.240625 0.019531 0.029861
0 0.139258 0.246181 0.021484 0.028472
0 0.175977 0.279167 0.024609 0.033333
0 0.234766 0.289931 0.023438 0.032639
0 0.222461 0.315625 0.019922 0.025694
0 0.351172 0.309028 0.025781 0.034722
0 0.319727 0.314931 0.023047 0.027083
0 0.429492 0.369444 0.026953 0.031944
0 0.310156 0.385069 0.029687 0.047917
0 0.325977 0.423611 0.026953 0.033333
0 0.364063 0.434028 0.026562 0.033333
0 0.375000 0.466319 0.026562 0.038194
0 0.400000 0.440625 0.028906 0.034028
0 0.398438 0.416667 0.028125 0.034722
0 0.429688 0.462500 0.030469 0.031944
0 0.453320 0.497569 0.029297 0.031250
0 0.456445 0.526042 0.028516 0.036806
0 0.378711 0.696528 0.033984 0.041667
0 0.553711 0.449653 0.033984 0.042361
0 0.610156 0.472569 0.029687 0.032639
0 0.590039 0.499306 0.028516 0.030556
0 0.606250 0.532292 0.035937 0.045139
0 0.657422 0.530208 0.033594 0.035417
0 0.684180 0.570139 0.031641 0.041667
0 0.654687 0.569444 0.028906 0.031944
2 0.691797 0.615625 0.064062 0.078472
0 0.583789 0.629861 0.034766 0.047222
0 0.587305 0.667708 0.033984 0.043750
0 0.639648 0.651736 0.037109 0.046528
0 0.634766 0.755556 0.039844 0.051389
0 0.750391 0.850000 0.039062 0.045833
0 0.860938 0.815972 0.044531 0.051389
0 0.635352 0.884028 0.037109 0.058333
0 0.545898 0.979514 0.045703 0.040972
0 0.613281 0.985764 0.044531 0.028472
0 0.651367 0.955556 0.031641 0.058333
0 0.716016 0.976736 0.028125 0.046528
0 0.976172 0.743056 0.038281 0.037500
0 0.982617 0.769792 0.034766 0.035417
0 0.911914 0.722917 0.041016 0.040278
0 0.878125 0.751736 0.042188 0.038194
0 0.827930 0.717708 0.035547 0.036806
0 0.875586 0.677778 0.037109 0.034722
0 0.878711 0.636806 0.034766 0.040278
0 0.816602 0.663889 0.033984 0.041667
0 0.756250 0.668056 0.042188 0.044444
0 0.754492 0.619444 0.034766 0.038889
0 0.774805 0.610764 0.033984 0.038194
0 0.806055 0.610417 0.034766 0.038889
0 0.801953 0.584375 0.032813 0.032639
0 0.895703 0.478819 0.023438 0.038194
0 0.925195 0.415972 0.023047 0.031944
0 0.893164 0.398611 0.026953 0.034722
0 0.867188 0.445139 0.011719 0.043056
0 0.857227 0.362153 0.020703 0.024306
2 0.676367 0.401042 0.022266 0.113194
0 0.609180 0.361111 0.013672 0.029167
0 0.622461 0.371181 0.015234 0.035417
0 0.639648 0.373264 0.017578 0.045139
0 0.623242 0.338889 0.017578 0.033333
0 0.684570 0.331944 0.022266 0.031944
0 0.705273 0.302431 0.023047 0.032639
0 0.725781 0.284722 0.017969 0.029167
0 0.744727 0.259375 0.019141 0.027083
0 0.744336 0.226042 0.020703 0.028472
0 0.810547 0.170139 0.019531 0.023611
0 0.936133 0.049653 0.011328 0.017361
0 0.954883 0.044444 0.010547 0.016667
0 0.992969 0.028472 0.007812 0.015278
