2 0.792969 0.609028 0.121094 0.131944
2 0.831641 0.371875 0.063281 0.057639
2 0.763672 0.201042 0.041406 0.053472
2 0.225391 0.881250 0.081250 0.112500
2 0.116797 0.969792 0.096875 0.060417
1 0.344727 0.805903 0.045703 0.070139
1 0.648047 0.334028 0.036719 0.062500
1 0.651172 0.302431 0.037500 0.056250
1 0.604883 0.407292 0.028516 0.057639
1 0.892383 0.151389 0.019141 0.038889
0 0.358594 0.388889 0.024219 0.038889
0 0.287305 0.835764 0.032422 0.046528
0 0.229883 0.936806 0.040234 0.043056
0 0.191211 0.980903 0.038672 0.038194
0 0.294922 0.867014 0.039062 0.045139
0 0.343555 0.860764 0.030859 0.046528
0 0.323047 0.787153 0.034375 0.042361
0 0.363477 0.749653 0.030078 0.042361
0 0.394336 0.713542 0.030078 0.043750
0 0.382812 0.771875 0.037500 0.050694
0 0.415430 0.729167 0.032422 0.048611
0 0.471094 0.577431 0.024219 0.039583
0 0.567187 0.468403 0.027344 0.057639
0 0.542773 0.981250 0.044922 0.037500
0 0.615430 0.984375 0.044141 0.029861
0 0.715430 0.976389 0.026953 0.045833
0 0.652344 0.957292 0.035156 0.057639
0 0.619336 0.911806 0.032422 0.076389
0 0.650977 0.848264 0.035547 0.081250
0 0.681641 0.793750 0.020313 0.065278
0 0.636719 0.759028 0.040625 0.052778
0 0.748047 0.845139 0.038281 0.045833
0 0.821680 0.624653 0.030078 0.049306
0 0.894727 0.477778 0.015234 0.038889
0 0.924219 0.418403 0.021875 0.029861
0 0.892969 0.399653 0.026562 0.034028
0 0.867383 0.446875 0.018359 0.056250
0 0.857227 0.363889 0.025391 0.036111
0 0.608594 0.359028 0.017188 0.030556
0 0.623437 0.371181 0.018750 0.038194
0 0.624219 0.340278 0.021094 0.040278
0 0.700391 0.352778 0.017969 0.037500
0 0.741797 0.316667 0.025000 0.033333
0 0.790430 0.272917 0.017578 0.026389
0 0.813672 0.222917 0.017969 0.027778
0 0.847266 0.182639 0.016406 0.023611
0 0.919727 0.103125 0.013672 0.020139
0 0.927930 0.115625 0.010547 0.018750
0 0.933594 0.091667 0.010937 0.023611
0 0.954102 0.071875 0.011328 0.024306
2 0.988672 0.042014 0.017969 0.042361
0 0.669141 0.314931 0.018750 0.028472
0 0.687891 0.302431 0.018750 0.029861
0 0.676172 0.285764 0.014844 0.028472
0 0.696875 0.268056 0.018750 0.030556
0 0.704883 0.279167 0.017578 0.025000
0 0.704102 0.305556 0.020703 0.036111
0 0.719141 0.285764 0.017188 0.028472
0 0.734766 0.272917 0.015625 0.029167
0 0.727930 0.259028 0.018359 0.023611
1 0.718555 0.243403 0.026953 0.043750
0 0.736719 0.230903 0.017969 0.034028
0 0.751758 0.253125 0.019141 0.031250
0 0.768750 0.234375 0.015625 0.031250
0 0.786133 0.187153 0.016797 0.029861
0 0.799805 0.193403 0.016016 0.029861
0 0.814844 0.188889 0.019531 0.033333
0 0.826172 0.171528 0.011719 0.020833
0 0.821680 0.152778 0.010547 0.023611
0 0.834766 0.159028 0.019531 0.031944
0 0.837891 0.138889 0.021875 0.025000
0 0.856641 0.126042 0.016406 0.020139
0 0.887500 0.112153 0.015625 0.022917
0 0.789844 0.340278 0.016406 0.030556
1 0.958398 0.498611 0.041016 0.066667
