2 0.596680 0.421528 0.084766 0.084722
2 0.674219 0.287153 0.047656 0.050694
1 0.759180 0.209375 0.032422 0.043750
1 0.812305 0.174653 0.019141 0.029861
1 0.895508 0.074653 0.020703 0.031250
0 0.076563 0.171528 0.022656 0.027778
0 0.091797 0.212153 0.015625 0.020139
0 0.125391 0.238542 0.022656 0.031250
0 0.242969 0.318056 0.023438 0.037500
0 0.261523 0.376042 0.026172 0.032639
0 0.304102 0.384028 0.030078 0.033333
0 0.313672 0.347917 0.024219 0.034722
0 0.587305 0.556250 0.024609 0.050000
0 0.636719 0.754514 0.042969 0.056250
0 0.692383 0.796528 0.037891 0.054167
0 0.707422 0.854514 0.028125 0.065972
0 0.751758 0.851042 0.034766 0.056250
0 0.717969 0.975000 0.028906 0.050000
0 0.646680 0.967014 0.037891 0.042361
0 0.538086 0.983681 0.060547 0.032639
0 0.752930 0.617014 0.037891 0.045139
0 0.777344 0.582292 0.035937 0.032639
0 0.766016 0.596528 0.032031 0.037500
0 0.809766 0.623264 0.038281 0.045139
0 0.794336 0.646181 0.026172 0.031250
0 0.835352 0.674306 0.029297 0.041667
0 0.859766 0.672917 0.031250 0.037500
0 0.877930 0.655903 0.029297 0.036806
0 0.913672 0.701042 0.035156 0.046528
0 0.965430 0.732292 0.033203 0.045139
0 0.617969 0.352778 0.023438 0.025000
0 0.634961 0.363542 0.020703 0.029861
0 0.638672 0.326042 0.018750 0.032639
0 0.653516 0.340278 0.017969 0.020833
1 0.665430 0.352778 0.025391 0.025000
0 0.674805 0.312153 0.025391 0.034028
0 0.692383 0.299653 0.018359 0.018750
1 0.710547 0.304167 0.021094 0.025000
0 0.710352 0.279514 0.018359 0.028472
0 0.716211 0.249653 0.016797 0.025694
0 0.724805 0.263542 0.016016 0.020139
0 0.735352 0.227778 0.017578 0.029167
0 0.742969 0.244792 0.011719 0.017361
0 0.758008 0.244792 0.016016 0.020139
0 0.761719 0.227778 0.014844 0.015278
0 0.772266 0.216667 0.015625 0.019444
0 0.785547 0.205556 0.015625 0.013889
0 0.797266 0.179514 0.015625 0.017361
0 0.782422 0.190625 0.013281 0.018750
0 0.828516 0.173264 0.014844 0.015972
0 0.839844 0.157639 0.012500 0.015278
0 0.852930 0.144792 0.010547 0.015972
0 0.860547 0.134028 0.013281 0.012500
0 0.880469 0.101389 0.014063 0.013889
0 0.971680 0.023264 0.014453 0.029861
0 0.873633 0.109028 0.017578 0.012500
0 0.854883 0.124653 0.016797 0.017361
0 0.826758 0.148264 0.017578 0.017361
0 0.796094 0.179167 0.014063 0.020833
0 0.866602 0.446528 0.019922 0.051389
0 0.892969 0.477778 0.019531 0.034722
0 0.924219 0.413889 0.019531 0.026389
0 0.894727 0.395139 0.035547 0.036111
2 0.831641 0.376389 0.067187 0.063889
0 0.858594 0.365278 0.024219 0.031944
0 0.921680 0.104514 0.010547 0.017361
