2 0.774219 0.640278 0.089063 0.094444
2 0.359961 0.782292 0.088672 0.124306
2 0.299023 0.808681 0.087109 0.124306
2 0.074414 0.115972 0.043359 0.041667
2 0.838867 0.373958 0.047266 0.040972
0 0.106250 0.149306 0.017188 0.020833
0 0.120117 0.147569 0.014453 0.020139
0 0.196484 0.199306 0.019531 0.018056
0 0.239648 0.260069 0.023828 0.024306
0 0.272266 0.255903 0.019531 0.027083
0 0.395117 0.354167 0.030859 0.040278
0 0.317773 0.355208 0.023828 0.028472
0 0.340039 0.370486 0.025391 0.032639
0 0.361914 0.383681 0.023828 0.031250
0 0.388477 0.408681 0.026172 0.034028
0 0.412109 0.425694 0.025781 0.033333
0 0.438672 0.447569 0.028906 0.036806
0 0.380859 0.426042 0.025781 0.035417
0 0.403711 0.444444 0.026172 0.037500
0 0.438867 0.472222 0.034766 0.037500
0 0.155078 0.978472 0.044531 0.043056
0 0.228125 0.894097 0.050781 0.070139
0 0.285547 0.879167 0.035156 0.034722
0 0.379102 0.694792 0.033203 0.042361
0 0.378516 0.724653 0.032031 0.015972
0 0.418164 0.726736 0.033203 0.039583
0 0.416406 0.692014 0.034375 0.039583
0 0.717187 0.976736 0.021875 0.046528
0 0.636523 0.753472 0.043359 0.048611
0 0.749609 0.848264 0.039062 0.047917
0 0.918359 0.893403 0.044531 0.053472
0 0.970117 0.857292 0.037891 0.054861
0 0.627930 0.987153 0.024609 0.025694
0 0.649219 0.956597 0.040625 0.056250
0 0.601367 0.536458 0.033984 0.032639
0 0.612305 0.567014 0.035547 0.034028
0 0.659570 0.595139 0.038672 0.034722
0 0.721875 0.644097 0.034375 0.038194
0 0.767773 0.562153 0.032422 0.031250
0 0.875586 0.631597 0.045703 0.043750
0 0.893945 0.479514 0.016797 0.031250
0 0.925586 0.417014 0.023828 0.028472
0 0.894727 0.397222 0.023828 0.031944
0 0.868555 0.446528 0.015234 0.041667
0 0.873828 0.418403 0.024219 0.028472
0 0.860547 0.364236 0.028125 0.029861
0 0.945703 0.053125 0.013281 0.017361
0 0.911133 0.073611 0.011328 0.019444
0 0.815430 0.178125 0.015234 0.018750
0 0.806250 0.232639 0.018750 0.020833
0 0.750586 0.320833 0.021484 0.027778
0 0.741602 0.270833 0.020703 0.027778
0 0.713281 0.276389 0.017969 0.025000
0 0.686914 0.283681 0.015234 0.027083
0 0.696875 0.286806 0.020313 0.029167
0 0.696680 0.310417 0.023828 0.037500
0 0.668359 0.293056 0.017188 0.022222
0 0.679492 0.308681 0.019141 0.027083
0 0.679297 0.332639 0.020313 0.031944
0 0.658008 0.310417 0.018359 0.026389
0 0.661523 0.328125 0.015234 0.021528
0 0.661133 0.352778 0.019922 0.026389
0 0.641797 0.372569 0.019531 0.031250
0 0.635156 0.351389 0.025000 0.038889
0 0.622852 0.339931 0.026953 0.047917
