2 0.792969 0.617014 0.121094 0.117361
2 0.120898 0.962500 0.108984 0.075000
2 0.229102 0.876389 0.085547 0.111111
2 0.762695 0.201736 0.041797 0.057639
2 0.829492 0.369097 0.066016 0.057639
1 0.647852 0.332639 0.031641 0.061111
1 0.870703 0.408681 0.034375 0.040972
1 0.651367 0.301042 0.041016 0.050694
1 0.342773 0.805556 0.051953 0.070833
1 0.977148 0.057292 0.016797 0.032639
1 0.717969 0.245486 0.028906 0.046528
0 0.219922 0.335069 0.024219 0.036806
0 0.360352 0.390972 0.031641 0.043056
0 0.383203 0.346528 0.023438 0.029167
0 0.232813 0.935764 0.043750 0.035417
0 0.190625 0.982639 0.035937 0.034722
0 0.295117 0.866667 0.039453 0.045833
0 0.288281 0.833681 0.034375 0.035417
0 0.326172 0.790625 0.032031 0.046528
0 0.363867 0.748264 0.032422 0.043750
0 0.382812 0.770139 0.033594 0.040278
0 0.397070 0.714931 0.033984 0.045139
0 0.415625 0.729861 0.035937 0.040278
0 0.541211 0.981944 0.045703 0.034722
0 0.617188 0.986458 0.044531 0.027083
0 0.652148 0.956597 0.036328 0.061806
0 0.618945 0.910417 0.033203 0.061111
0 0.654492 0.847222 0.033984 0.062500
0 0.634766 0.754167 0.042188 0.054167
0 0.645117 0.637847 0.035547 0.045139
0 0.716602 0.975000 0.024609 0.050000
0 0.680469 0.798611 0.024219 0.063889
0 0.749414 0.851042 0.041016 0.057639
0 0.812500 0.799653 0.044531 0.072917
1 0.731445 0.704167 0.050391 0.086111
0 0.821484 0.623958 0.035156 0.054861
0 0.991797 0.713542 0.016406 0.036806
0 0.907031 0.462500 0.021875 0.034722
0 0.895508 0.481944 0.018359 0.033333
0 0.924609 0.415625 0.021094 0.025694
0 0.894922 0.397569 0.023438 0.032639
0 0.867969 0.444444 0.017188 0.052778
0 0.857617 0.363889 0.023828 0.031944
0 0.583984 0.443056 0.022656 0.047222
0 0.675195 0.442361 0.014453 0.031944
0 0.617383 0.401389 0.023828 0.031944
0 0.622070 0.370139 0.020703 0.029167
0 0.608984 0.360417 0.017188 0.030556
0 0.624805 0.342014 0.020703 0.038194
0 0.679883 0.336111 0.019922 0.034722
0 0.752344 0.255208 0.016406 0.028472
0 0.765234 0.238194 0.017188 0.023611
0 0.800781 0.196181 0.014844 0.025694
0 0.812500 0.185764 0.013281 0.022917
0 0.826367 0.170833 0.012109 0.018056
0 0.846875 0.150000 0.012500 0.019444
0 0.856641 0.142361 0.013281 0.016667
0 0.833398 0.155903 0.014453 0.027083
0 0.671094 0.317361 0.018750 0.031944
0 0.688086 0.300694 0.017578 0.029167
0 0.676758 0.288194 0.015234 0.026389
0 0.693750 0.270833 0.016406 0.020833
0 0.702734 0.283333 0.019531 0.023611
0 0.728320 0.258681 0.016016 0.028472
0 0.736719 0.231250 0.019531 0.026389
0 0.786328 0.192361 0.014844 0.027778
0 0.820703 0.155556 0.015625 0.023611
0 0.835742 0.135069 0.016797 0.020139
0 0.849023 0.130208 0.012109 0.015972
0 0.887305 0.142708 0.012109 0.017361
0 0.855273 0.172917 0.016797 0.018056
0 0.791406 0.341319 0.018750 0.032639
0 0.922852 0.124306 0.014453 0.023611
0 0.927344 0.102431 0.016406 0.022917
0 0.944336 0.080556 0.013672 0.016667
0 0.964063 0.020139 0.010156 0.016667
