2 0.588672 0.470486 0.097656 0.102083
2 0.796484 0.654167 0.087500 0.095833
2 0.837500 0.371181 0.055469 0.049306
2 0.127344 0.143056 0.034375 0.036111
2 0.126172 0.962500 0.107813 0.075000
0 0.115820 0.229861 0.016016 0.023611
0 0.184766 0.307986 0.020313 0.028472
0 0.222070 0.335417 0.019922 0.033333
0 0.230469 0.321528 0.021094 0.030556
0 0.253711 0.304861 0.019141 0.029167
0 0.271094 0.317708 0.019531 0.031250
0 0.295898 0.334028 0.022266 0.033333
0 0.320508 0.356944 0.022266 0.031944
0 0.356055 0.382292 0.023828 0.031250
0 0.390625 0.411458 0.025781 0.034028
0 0.356641 0.346181 0.023438 0.025694
0 0.259180 0.346528 0.025391 0.034722
0 0.259961 0.372222 0.026172 0.036111
0 0.305664 0.406597 0.027734 0.039583
0 0.340234 0.405208 0.031250 0.052083
0 0.356445 0.406944 0.020703 0.037500
0 0.320508 0.440625 0.025391 0.029861
0 0.419531 0.455208 0.033594 0.034028
0 0.421289 0.505556 0.030078 0.038889
0 0.452539 0.500694 0.026172 0.040278
0 0.531641 0.465625 0.028125 0.031250
0 0.517578 0.558333 0.031250 0.041667
0 0.527539 0.595486 0.038672 0.040972
0 0.379492 0.694444 0.035547 0.044444
0 0.416211 0.693056 0.031641 0.041667
0 0.414453 0.729167 0.031250 0.034722
0 0.279687 0.842708 0.036719 0.043750
0 0.601758 0.645833 0.031641 0.041667
0 0.628711 0.579514 0.034766 0.038194
0 0.654883 0.543403 0.040234 0.047917
0 0.673242 0.587153 0.037109 0.034028
0 0.687695 0.618056 0.036328 0.036111
0 0.637891 0.755556 0.044531 0.048611
0 0.648242 0.959722 0.040234 0.059722
0 0.716406 0.977083 0.025781 0.045833
0 0.752148 0.850694 0.038672 0.047222
0 0.911914 0.891667 0.040234 0.050000
0 0.993164 0.783333 0.013672 0.030556
0 0.985938 0.748611 0.028125 0.029167
0 0.897070 0.713889 0.039453 0.044444
0 0.889258 0.684722 0.031641 0.033333
0 0.805078 0.624306 0.032813 0.034722
0 0.840820 0.674306 0.009766 0.030556
0 0.747266 0.613194 0.026562 0.033333
0 0.894141 0.480208 0.019531 0.029861
0 0.924805 0.415625 0.022266 0.020139
0 0.893555 0.396181 0.026172 0.034028
0 0.866602 0.447222 0.016797 0.043056
0 0.857227 0.363194 0.023047 0.022222
0 0.643164 0.375694 0.022266 0.034722
0 0.609961 0.477083 0.029297 0.037500
0 0.637500 0.347222 0.024219 0.037500
0 0.661328 0.352083 0.021875 0.034722
0 0.697461 0.292014 0.019922 0.028472
0 0.764844 0.226389 0.019531 0.027778
0 0.764844 0.206597 0.023438 0.040972
0 0.794922 0.189236 0.012500 0.021528
0 0.818945 0.166667 0.016016 0.020833
0 0.841211 0.138889 0.012109 0.025000
0 0.853516 0.140278 0.016406 0.029167
0 0.859180 0.119097 0.011328 0.021528
0 0.892578 0.134375 0.014063 0.021528
0 0.913477 0.130556 0.015234 0.023611
1 0.950391 0.088194 0.015625 0.030556
0 0.897070 0.099306 0.011328 0.018056
0 0.908984 0.078819 0.013281 0.018750
0 0.968555 0.028472 0.009766 0.015278
0 0.974023 0.046528 0.011328 0.019444
0 0.990820 0.044792 0.011328 0.017361
0 0.997852 0.018403 0.004297 0.017361
