2 0.571680 0.382292 0.061328 0.059028
2 0.379297 0.760764 0.065625 0.079861
2 0.137109 0.217361 0.047656 0.069444
2 0.829883 0.370139 0.068359 0.062500
1 0.072656 0.175000 0.034375 0.043056
1 0.308008 0.809722 0.044141 0.055556
1 0.789844 0.197569 0.031250 0.039583
1 0.707812 0.258333 0.031250 0.043056
1 0.892383 0.082292 0.021484 0.031250
0 0.219141 0.272222 0.020313 0.029167
0 0.189844 0.286111 0.018750 0.022222
1 0.021484 0.154861 0.024219 0.037500
1 0.198242 0.315972 0.028516 0.034722
0 0.214258 0.307639 0.019141 0.022222
0 0.262695 0.312500 0.018359 0.026389
0 0.235352 0.322569 0.028516 0.034028
0 0.219727 0.336806 0.018359 0.026389
0 0.258984 0.346181 0.018750 0.024306
0 0.246094 0.359375 0.020313 0.025694
0 0.255664 0.385417 0.019141 0.029167
0 0.269531 0.375347 0.021094 0.032639
0 0.277344 0.359722 0.020313 0.030556
0 0.298828 0.340972 0.021875 0.034722
0 0.325586 0.358333 0.023047 0.027778
0 0.312500 0.365972 0.016406 0.022222
0 0.350195 0.377431 0.025391 0.032639
0 0.333594 0.390972 0.025781 0.031944
0 0.321680 0.399653 0.023047 0.035417
0 0.305859 0.407986 0.026562 0.036806
0 0.387500 0.335069 0.024219 0.032639
0 0.474023 0.535764 0.028516 0.047917
0 0.248438 0.737847 0.033594 0.050694
0 0.079492 0.953125 0.044922 0.053472
0 0.249023 0.872222 0.041797 0.041667
0 0.285156 0.884375 0.052344 0.050694
1 0.217773 0.963542 0.072266 0.072917
0 0.354102 0.757292 0.030859 0.046528
0 0.367188 0.710764 0.035937 0.040972
0 0.403320 0.695833 0.028516 0.044444
0 0.426953 0.708681 0.028125 0.046528
0 0.330273 0.829167 0.045703 0.045833
0 0.634766 0.752083 0.043750 0.061111
0 0.682617 0.784375 0.032422 0.060417
0 0.752930 0.817014 0.041797 0.042361
0 0.750586 0.850694 0.044922 0.044444
0 0.686328 0.888542 0.028906 0.060417
0 0.715820 0.975694 0.024609 0.047222
0 0.963086 0.734375 0.040234 0.046528
0 0.913477 0.700694 0.041016 0.048611
0 0.905469 0.723264 0.037500 0.045139
0 0.857227 0.662500 0.035547 0.041667
0 0.834570 0.673264 0.036328 0.040972
0 0.792188 0.643750 0.035156 0.037500
0 0.810547 0.628472 0.040625 0.043056
0 0.823047 0.618056 0.035937 0.041667
0 0.774805 0.586806 0.037109 0.044444
0 0.767773 0.602778 0.034766 0.044444
0 0.754297 0.619097 0.035156 0.045139
0 0.893555 0.481944 0.012891 0.034722
0 0.924805 0.416667 0.024609 0.029167
0 0.893945 0.397917 0.027734 0.033333
0 0.868555 0.446181 0.025391 0.046528
0 0.858984 0.364583 0.025000 0.030556
0 0.611133 0.386111 0.024609 0.034722
0 0.568359 0.421528 0.030469 0.051389
0 0.618945 0.346528 0.019922 0.034722
0 0.647266 0.347917 0.021094 0.030556
0 0.666016 0.298264 0.020313 0.032639
0 0.685742 0.305556 0.019141 0.031944
0 0.710938 0.276042 0.022656 0.029861
0 0.738477 0.249653 0.018359 0.028472
0 0.751172 0.237500 0.017969 0.029167
0 0.764844 0.225347 0.016406 0.020139
0 0.776563 0.196875 0.016406 0.024306
0 0.798438 0.174306 0.017969 0.025000
0 0.811719 0.165972 0.014063 0.016667
0 0.823242 0.153819 0.014453 0.020139
0 0.808008 0.190278 0.019922 0.020833
0 0.826953 0.169792 0.017969 0.020139
0 0.835742 0.155903 0.015234 0.020139
0 0.848242 0.126389 0.013672 0.016667
0 0.837109 0.138194 0.010156 0.013889
0 0.858789 0.119444 0.013672 0.020833
0 0.870313 0.110417 0.011719 0.013889
0 0.866797 0.128125 0.014063 0.015972
0 0.882227 0.120486 0.012109 0.014583
0 0.897852 0.101389 0.012109 0.013889
0 0.884570 0.097917 0.011328 0.016667
0 0.908594 0.086806 0.011719 0.015278
0 0.912109 0.068403 0.011719 0.015972
0 0.919336 0.076736 0.010547 0.014583
0 0.928516 0.067014 0.010156 0.018750
0 0.931055 0.055556 0.010547 0.015278
0 0.939844 0.042708 0.011719 0.015972
0 0.955859 0.032639 0.012500 0.013889
0 0.978906 0.044097 0.010156 0.014583
0 0.043359 0.104167 0.015625 0.019444
