2 0.793359 0.652431 0.088281 0.100694
2 0.787695 0.607986 0.108984 0.097917
2 0.837500 0.377431 0.057813 0.046528
1 0.497656 0.622917 0.058594 0.080556
2 0.852930 0.190625 0.030859 0.046528
2 0.853320 0.165625 0.026172 0.039583
0 0.174609 0.298958 0.017969 0.024306
0 0.192969 0.308681 0.020313 0.031250
0 0.218555 0.311111 0.019141 0.030556
0 0.227734 0.342014 0.022656 0.029861
0 0.235937 0.327083 0.018750 0.026389
0 0.254883 0.304514 0.020703 0.025694
0 0.271875 0.316667 0.019531 0.026389
0 0.258398 0.339236 0.031641 0.049306
0 0.255273 0.366667 0.022266 0.025000
0 0.252148 0.384028 0.019922 0.025000
0 0.278906 0.383681 0.021875 0.028472
0 0.283594 0.365625 0.021875 0.032639
0 0.288477 0.347917 0.024609 0.030556
0 0.292773 0.332639 0.019141 0.029167
0 0.318164 0.352778 0.024609 0.033333
0 0.309961 0.366319 0.025391 0.028472
0 0.314063 0.394792 0.022656 0.036806
0 0.302734 0.404514 0.022656 0.032639
0 0.338477 0.392014 0.028516 0.032639
0 0.339258 0.367708 0.025391 0.027083
0 0.360156 0.385764 0.024219 0.029861
0 0.259180 0.907986 0.039453 0.046528
0 0.284570 0.842361 0.037891 0.047222
0 0.378125 0.694444 0.035156 0.040278
0 0.375195 0.772222 0.037891 0.050000
0 0.422266 0.677431 0.032813 0.042361
0 0.616016 0.985764 0.041406 0.028472
0 0.657227 0.947917 0.034766 0.051389
0 0.717773 0.976736 0.026953 0.046528
0 0.751367 0.848958 0.036328 0.042361
0 0.636328 0.754514 0.039844 0.046528
0 0.987305 0.772917 0.025391 0.040278
0 0.987891 0.748611 0.024219 0.023611
0 0.948828 0.749306 0.032813 0.037500
0 0.905078 0.718403 0.035937 0.032639
0 0.908203 0.696181 0.033594 0.034028
0 0.859961 0.684028 0.043359 0.051389
0 0.820898 0.618750 0.030859 0.036111
0 0.716992 0.637500 0.037109 0.037500
0 0.766797 0.677778 0.038281 0.037500
0 0.729297 0.626736 0.032813 0.036806
0 0.754492 0.619792 0.020703 0.022917
0 0.894727 0.479514 0.016016 0.029861
0 0.925000 0.415278 0.021875 0.022222
0 0.894336 0.398958 0.025391 0.029861
0 0.857031 0.364236 0.023438 0.028472
0 0.867773 0.444444 0.016016 0.040278
0 0.624609 0.471181 0.028125 0.039583
0 0.618164 0.440625 0.031641 0.047917
0 0.590039 0.368750 0.030078 0.037500
0 0.700977 0.378125 0.022266 0.029861
0 0.675000 0.378819 0.022656 0.029861
0 0.644727 0.373611 0.021484 0.030556
0 0.675391 0.314236 0.019531 0.027083
0 0.713281 0.293056 0.020313 0.025000
0 0.758789 0.305556 0.017578 0.027778
1 0.769141 0.197917 0.034375 0.047222
0 0.805859 0.248611 0.016406 0.022222
0 0.783398 0.249306 0.024609 0.038889
0 0.805664 0.169792 0.013672 0.022917
0 0.989062 0.029167 0.007812 0.013889
0 0.951953 0.071181 0.010156 0.017361
0 0.933789 0.105556 0.010547 0.016667
