2 0.367969 0.404514 0.063281 0.088194
2 0.694336 0.361458 0.035547 0.074306
2 0.870508 0.168750 0.026953 0.050000
2 0.915625 0.107639 0.028125 0.050000
2 0.826758 0.370486 0.071484 0.056250
2 0.628711 0.574653 0.066016 0.067361
2 0.177148 0.168750 0.037109 0.052778
1 0.324609 0.373264 0.039844 0.064583
1 0.650977 0.302778 0.041797 0.052778
1 0.646875 0.329167 0.033594 0.052778
1 0.661719 0.351042 0.029687 0.056250
1 0.745117 0.221528 0.026953 0.043056
1 0.974609 0.920139 0.050781 0.077778
0 0.024414 0.083333 0.010547 0.015278
0 0.020313 0.102083 0.009375 0.012500
0 0.014063 0.087500 0.008594 0.012500
0 0.043750 0.108681 0.012500 0.014583
0 0.064062 0.109375 0.013281 0.017361
0 0.072852 0.125000 0.013672 0.018056
0 0.075391 0.141667 0.013281 0.018056
0 0.111328 0.155208 0.016406 0.018750
0 0.117188 0.145139 0.013281 0.015278
0 0.175391 0.198264 0.017969 0.020139
0 0.172461 0.212500 0.017578 0.019444
0 0.207227 0.210069 0.017578 0.024306
0 0.221289 0.280556 0.020703 0.026389
0 0.216211 0.311806 0.021484 0.029167
0 0.220117 0.335764 0.023828 0.029861
0 0.253711 0.302778 0.019922 0.031944
0 0.292578 0.299306 0.023438 0.029167
0 0.356445 0.315625 0.023828 0.028472
0 0.290234 0.335417 0.021875 0.031944
0 0.277344 0.338889 0.022656 0.030556
0 0.284961 0.371875 0.022266 0.032639
0 0.370312 0.445833 0.024219 0.034722
0 0.412500 0.450347 0.026562 0.035417
0 0.418164 0.362153 0.025391 0.029861
0 0.437500 0.397222 0.026562 0.033333
0 0.480664 0.396181 0.028516 0.034028
0 0.412695 0.428125 0.027734 0.034028
0 0.411328 0.448958 0.027344 0.032639
0 0.441406 0.500347 0.028906 0.035417
0 0.436328 0.468056 0.028125 0.034722
0 0.443359 0.452083 0.028125 0.037500
0 0.378320 0.697917 0.033203 0.041667
0 0.415625 0.726736 0.032813 0.042361
0 0.539453 0.981944 0.048438 0.036111
0 0.613672 0.985764 0.046875 0.028472
0 0.619922 0.911458 0.034375 0.064583
0 0.651758 0.957292 0.036328 0.054861
0 0.716406 0.978472 0.026562 0.043056
0 0.750000 0.852083 0.039844 0.048611
0 0.634766 0.757986 0.045312 0.053472
0 0.642578 0.654861 0.035156 0.051389
0 0.716016 0.689583 0.039062 0.052778
0 0.746680 0.661111 0.037891 0.048611
0 0.791602 0.692361 0.035547 0.037500
0 0.828125 0.716667 0.038281 0.041667
2 0.987109 0.739236 0.025781 0.061806
0 0.751563 0.596181 0.035156 0.032639
0 0.672656 0.580556 0.032031 0.036111
0 0.600977 0.526389 0.033203 0.043056
0 0.595703 0.491319 0.030469 0.032639
0 0.593555 0.468750 0.030078 0.031944
0 0.678906 0.440972 0.017969 0.040278
0 0.894922 0.483681 0.020313 0.036806
0 0.925391 0.415278 0.023438 0.025000
0 0.894531 0.400000 0.026562 0.033333
0 0.868750 0.446528 0.021094 0.047222
0 0.858008 0.363194 0.022266 0.031944
0 0.727734 0.329514 0.017969 0.025694
0 0.641016 0.370486 0.023438 0.042361
0 0.622852 0.370139 0.023828 0.033333
0 0.609766 0.360069 0.016406 0.025694
0 0.624219 0.340625 0.024219 0.036806
0 0.675977 0.285417 0.016016 0.026389
0 0.698047 0.272222 0.017969 0.030556
0 0.714453 0.267708 0.019531 0.029861
0 0.706055 0.303125 0.022266 0.032639
0 0.728906 0.330556 0.018750 0.031944
0 0.725195 0.285764 0.019141 0.028472
0 0.737305 0.269444 0.015234 0.030556
0 0.758594 0.248958 0.021094 0.029861
0 0.773047 0.230208 0.014063 0.024306
0 0.801562 0.255556 0.015625 0.022222
0 0.828320 0.163889 0.018359 0.022222
0 0.942773 0.045139 0.013672 0.020833
0 0.965820 0.031250 0.012109 0.015278
0 0.969336 0.016319 0.008203 0.014583
0 0.979883 0.015972 0.007422 0.015278
