2 0.795703 0.653125 0.087500 0.090972
2 0.788867 0.603819 0.105078 0.100694
2 0.833008 0.374653 0.061328 0.049306
2 0.451562 0.628472 0.067187 0.087500
2 0.359570 0.739236 0.080078 0.117361
2 0.072070 0.107639 0.030078 0.041667
1 0.694727 0.727083 0.051172 0.059722
0 0.125586 0.255556 0.016016 0.018056
0 0.145898 0.251042 0.016016 0.027083
0 0.152734 0.240278 0.017969 0.025000
0 0.243750 0.226389 0.025000 0.031944
0 0.337891 0.313889 0.026562 0.029167
0 0.382812 0.329861 0.018750 0.025000
0 0.183984 0.300694 0.021875 0.031944
0 0.221680 0.337500 0.022266 0.031944
0 0.235937 0.326736 0.019531 0.031250
0 0.247656 0.298264 0.020313 0.027083
0 0.258203 0.340278 0.030469 0.047222
0 0.270898 0.316319 0.023828 0.029861
0 0.254883 0.367014 0.023828 0.027083
0 0.251953 0.385417 0.021094 0.025000
0 0.279687 0.385069 0.023438 0.031250
0 0.283203 0.365625 0.020313 0.032639
0 0.293164 0.332639 0.024609 0.033333
0 0.309766 0.366319 0.025000 0.031250
0 0.317383 0.352431 0.023047 0.028472
0 0.313867 0.393403 0.024609 0.035417
0 0.303906 0.404514 0.022656 0.031250
0 0.339258 0.366667 0.025391 0.030556
0 0.340234 0.392014 0.027344 0.032639
0 0.361328 0.387153 0.024219 0.028472
0 0.489453 0.382986 0.030469 0.022917
0 0.224023 0.937500 0.040234 0.034722
0 0.182617 0.942708 0.058203 0.081250
0 0.152734 0.830208 0.036719 0.049306
0 0.218555 0.802083 0.037891 0.047222
0 0.244531 0.880903 0.033594 0.043750
0 0.285547 0.867708 0.039062 0.045139
0 0.381836 0.768056 0.034766 0.038889
0 0.458203 0.682292 0.028906 0.040972
0 0.615625 0.985417 0.039062 0.029167
0 0.651563 0.956597 0.033594 0.056250
0 0.716211 0.977083 0.020703 0.045833
0 0.749805 0.848611 0.037109 0.043056
0 0.635742 0.754861 0.040234 0.051389
0 0.555273 0.657639 0.041797 0.036111
0 0.988477 0.774306 0.023047 0.038889
0 0.988281 0.752083 0.023438 0.031944
0 0.948438 0.750694 0.031250 0.038889
0 0.904297 0.719097 0.033594 0.032639
0 0.908203 0.695139 0.033594 0.036111
0 0.859570 0.682986 0.044141 0.056250
0 0.821289 0.618056 0.030859 0.037500
0 0.717969 0.638542 0.035156 0.039583
0 0.729297 0.627431 0.032031 0.036806
0 0.753320 0.620139 0.019141 0.026389
0 0.894727 0.480556 0.018359 0.033333
0 0.925586 0.415625 0.020703 0.024306
0 0.893750 0.397569 0.026562 0.031250
0 0.868945 0.445139 0.014453 0.047222
0 0.858789 0.363889 0.023828 0.030556
0 0.560547 0.409375 0.022656 0.031250
0 0.620898 0.443750 0.023047 0.031944
0 0.655859 0.356250 0.021875 0.029167
0 0.691406 0.356944 0.015625 0.025000
0 0.816016 0.243403 0.018750 0.022917
0 0.820703 0.212153 0.015625 0.024306
0 0.869727 0.110764 0.018359 0.024306
0 0.916211 0.113542 0.013672 0.020139
0 0.920508 0.078819 0.013672 0.018750
0 0.977148 0.017708 0.009766 0.011806
