2 0.761133 0.633333 0.082422 0.097222
2 0.838281 0.375000 0.045312 0.041667
2 0.358789 0.782292 0.080859 0.118750
2 0.300000 0.805556 0.083594 0.119444
2 0.013672 0.069792 0.025000 0.036806
1 0.244141 0.243056 0.024219 0.031944
1 0.227734 0.893750 0.051562 0.069444
0 0.156055 0.978472 0.044922 0.038889
0 0.012500 0.085764 0.010937 0.018750
0 0.031250 0.094792 0.012500 0.015972
0 0.098242 0.132292 0.015234 0.013194
0 0.119922 0.171528 0.014844 0.018056
0 0.165430 0.180556 0.016016 0.019444
0 0.318359 0.353472 0.025000 0.030556
0 0.340039 0.369444 0.022266 0.034722
0 0.363477 0.386458 0.023047 0.034028
0 0.387695 0.406597 0.027734 0.032639
0 0.412305 0.425000 0.026172 0.027778
0 0.438477 0.445833 0.026172 0.033333
0 0.382812 0.425000 0.025781 0.034722
0 0.403906 0.443750 0.023438 0.034722
0 0.438477 0.469097 0.031641 0.038194
0 0.378516 0.694792 0.034375 0.042361
0 0.377148 0.727083 0.029297 0.020833
0 0.417773 0.728125 0.033984 0.035417
0 0.416797 0.693056 0.033594 0.041667
0 0.628125 0.988194 0.019531 0.023611
0 0.650000 0.960417 0.035937 0.056944
0 0.716406 0.975000 0.023438 0.050000
0 0.751758 0.847917 0.038672 0.044444
0 0.637305 0.755556 0.036328 0.044444
0 0.925000 0.415278 0.025000 0.027778
0 0.896094 0.398264 0.023438 0.025694
0 0.896094 0.481597 0.021094 0.032639
0 0.869727 0.445833 0.020703 0.044444
0 0.856641 0.362153 0.021875 0.027083
0 0.811328 0.385069 0.025781 0.028472
0 0.723437 0.646181 0.034375 0.039583
0 0.709180 0.520486 0.032422 0.039583
0 0.660742 0.600347 0.037109 0.038194
0 0.612891 0.567708 0.035156 0.039583
0 0.601172 0.534028 0.030469 0.036111
0 0.671289 0.443750 0.019141 0.034722
0 0.897852 0.097917 0.016016 0.015278
0 0.980078 0.016667 0.010156 0.015278
0 0.884961 0.143750 0.012109 0.015278
0 0.855273 0.126736 0.016016 0.022917
0 0.832031 0.223611 0.017969 0.027778
0 0.764453 0.237847 0.018750 0.024306
0 0.712500 0.274653 0.017969 0.024306
0 0.722852 0.291667 0.019141 0.025000
0 0.697070 0.286806 0.018359 0.025000
0 0.697070 0.311806 0.022266 0.033333
0 0.687500 0.282292 0.016406 0.024306
0 0.680273 0.309375 0.020703 0.025694
0 0.667578 0.292708 0.017969 0.022917
0 0.659180 0.309722 0.018359 0.022222
0 0.662500 0.328472 0.019531 0.022222
0 0.679297 0.331597 0.019531 0.028472
0 0.661328 0.351042 0.021875 0.024306
0 0.643945 0.372222 0.023047 0.027778
0 0.635156 0.351389 0.023438 0.034722
0 0.623047 0.340278 0.026562 0.047222
