2 0.794336 0.650000 0.086328 0.087500
2 0.791992 0.610069 0.119141 0.100694
2 0.710547 0.248958 0.042188 0.059028
2 0.887695 0.151736 0.026172 0.039583
2 0.882812 0.139236 0.019531 0.031250
1 0.559570 0.542361 0.046484 0.068056
0 0.175000 0.298264 0.018750 0.022917
0 0.193164 0.308681 0.021484 0.031250
0 0.218555 0.311458 0.018359 0.031250
0 0.228125 0.342361 0.022656 0.027778
0 0.236328 0.327083 0.017969 0.031944
0 0.253711 0.303125 0.017578 0.024306
0 0.271875 0.315972 0.022656 0.027778
0 0.257812 0.337847 0.028906 0.047917
0 0.254883 0.365278 0.023047 0.026389
0 0.250977 0.384375 0.021484 0.029861
0 0.279297 0.384375 0.021875 0.029861
0 0.284180 0.365972 0.023047 0.031944
0 0.287891 0.347917 0.021094 0.030556
0 0.294336 0.333333 0.019141 0.030556
0 0.317773 0.353472 0.023047 0.031944
0 0.310547 0.367708 0.024219 0.028472
0 0.313867 0.392708 0.023828 0.032639
0 0.302930 0.404861 0.022266 0.033333
0 0.339453 0.392014 0.027344 0.031250
0 0.339062 0.367708 0.023438 0.025694
0 0.359570 0.384722 0.024609 0.031944
0 0.260742 0.757292 0.033984 0.045139
0 0.329688 0.828819 0.041406 0.047917
0 0.378516 0.695486 0.035156 0.042361
0 0.428125 0.672569 0.030469 0.036806
0 0.446484 0.688889 0.037500 0.045833
0 0.541992 0.531250 0.027734 0.036111
0 0.544922 0.380208 0.037500 0.036806
0 0.593945 0.395486 0.019141 0.031250
0 0.642969 0.372917 0.021875 0.030556
0 0.627148 0.977431 0.043359 0.043750
0 0.716406 0.978125 0.020313 0.043750
0 0.750391 0.851389 0.035937 0.044444
0 0.679492 0.902778 0.030078 0.056944
0 0.636719 0.757292 0.040625 0.042361
0 0.986719 0.772917 0.026562 0.040278
0 0.988281 0.747917 0.023438 0.023611
0 0.948438 0.749653 0.031250 0.032639
0 0.905469 0.718403 0.035937 0.032639
0 0.907617 0.697569 0.033984 0.036806
0 0.858984 0.684375 0.043750 0.052083
0 0.761328 0.670486 0.038281 0.032639
0 0.718359 0.638542 0.035937 0.039583
0 0.728320 0.626736 0.030859 0.036806
0 0.753516 0.618403 0.021875 0.027083
0 0.925195 0.414931 0.023047 0.022917
0 0.893750 0.479514 0.020313 0.029861
0 0.894531 0.397917 0.024219 0.029167
0 0.868555 0.440625 0.015234 0.036806
0 0.857812 0.364931 0.020313 0.025694
0 0.838086 0.375000 0.046484 0.045833
0 0.685352 0.395139 0.023828 0.031944
0 0.675586 0.376042 0.026953 0.045139
0 0.684961 0.326389 0.019922 0.025000
0 0.731250 0.314583 0.018750 0.026389
0 0.751563 0.318403 0.020313 0.032639
0 0.763281 0.212153 0.018750 0.024306
0 0.803516 0.249306 0.017969 0.027778
0 0.823242 0.202431 0.022266 0.038194
0 0.846875 0.203819 0.016406 0.022917
0 0.960547 0.076042 0.010156 0.015972
0 0.971289 0.050694 0.008984 0.016667
0 0.982031 0.012500 0.010937 0.015278
