2 0.805469 0.161458 0.032813 0.049306
2 0.953711 0.037153 0.020703 0.029861
2 0.831445 0.372917 0.062109 0.050000
2 0.481836 0.632639 0.090234 0.122222
2 0.722656 0.635069 0.069531 0.077083
2 0.279102 0.330208 0.055078 0.072917
1 0.239063 0.302778 0.045312 0.058333
1 0.175781 0.292708 0.032813 0.038194
1 0.199023 0.313542 0.023047 0.029861
1 0.661719 0.345833 0.025781 0.051389
1 0.919531 0.048958 0.024219 0.032639
2 0.866797 0.176042 0.015625 0.029861
0 0.213086 0.306250 0.021484 0.029167
0 0.222656 0.337847 0.021875 0.031250
0 0.235547 0.322917 0.026562 0.040278
0 0.245312 0.356597 0.021875 0.027083
0 0.256445 0.346181 0.021484 0.025694
0 0.275586 0.359375 0.022266 0.028472
0 0.269141 0.374653 0.026562 0.034028
0 0.255859 0.384722 0.025000 0.029167
0 0.323437 0.359028 0.023438 0.033333
0 0.304492 0.339931 0.011328 0.027083
0 0.312500 0.366667 0.020313 0.029167
0 0.298633 0.380903 0.021484 0.021528
0 0.349023 0.378472 0.026172 0.034722
0 0.335156 0.387500 0.024219 0.027778
0 0.323242 0.398264 0.025391 0.031250
0 0.308008 0.407639 0.021484 0.034722
0 0.474609 0.521181 0.029687 0.046528
0 0.541602 0.450694 0.034766 0.054167
0 0.462695 0.361458 0.030859 0.043750
0 0.336914 0.667708 0.033984 0.060417
0 0.199219 0.786806 0.039062 0.054167
0 0.377930 0.698264 0.033984 0.038194
0 0.636914 0.758681 0.044141 0.064583
0 0.619336 0.913194 0.044141 0.062500
0 0.660937 0.841667 0.030469 0.069444
0 0.717383 0.976389 0.033203 0.047222
0 0.747852 0.846181 0.041797 0.060417
0 0.863867 0.811458 0.048047 0.064583
0 0.982227 0.702778 0.035547 0.044444
0 0.963477 0.736111 0.037891 0.047222
0 0.889258 0.658681 0.039453 0.043750
0 0.905664 0.697569 0.039453 0.040972
0 0.887305 0.710764 0.034766 0.042361
0 0.854688 0.661111 0.035937 0.044444
0 0.834961 0.672222 0.033984 0.040278
0 0.822461 0.618750 0.034766 0.037500
0 0.807422 0.627083 0.039844 0.048611
0 0.791016 0.642708 0.034375 0.036806
0 0.754687 0.615278 0.032813 0.040278
0 0.766602 0.601389 0.033984 0.038889
0 0.774805 0.585069 0.033984 0.038194
0 0.893750 0.481597 0.017969 0.040972
0 0.925586 0.415278 0.023828 0.034722
0 0.892188 0.397569 0.030469 0.039583
0 0.867578 0.442361 0.028906 0.048611
0 0.859570 0.362847 0.030859 0.039583
0 0.764258 0.331597 0.021484 0.036806
0 0.719727 0.326389 0.024609 0.033333
0 0.684375 0.329167 0.019531 0.030556
0 0.647070 0.331944 0.019922 0.026389
0 0.638281 0.373611 0.026562 0.036111
0 0.607031 0.382986 0.024219 0.036806
0 0.610547 0.355556 0.022656 0.033333
0 0.641992 0.454514 0.029297 0.039583
0 0.665625 0.408333 0.033594 0.047222
0 0.712891 0.278125 0.024219 0.034028
0 0.725000 0.248264 0.019531 0.032639
0 0.776563 0.213889 0.021875 0.034722
0 0.810156 0.184375 0.020313 0.025694
0 0.835352 0.154861 0.015234 0.025000
0 0.834766 0.141319 0.012500 0.020139
0 0.862500 0.117361 0.014063 0.016667
0 0.889648 0.094792 0.017578 0.020139
0 0.857227 0.169097 0.014453 0.018750
0 0.882422 0.144444 0.013281 0.023611
0 0.890430 0.153125 0.014453 0.021528
0 0.905469 0.076736 0.012500 0.015972
0 0.939453 0.045139 0.010156 0.015278
0 0.939063 0.060764 0.014844 0.020139
0 0.965430 0.030556 0.012109 0.013889
0 0.970898 0.011806 0.009766 0.018056
0 0.061328 0.129861 0.013281 0.016667
