2 0.795117 0.651042 0.085547 0.093750
2 0.794141 0.614236 0.117969 0.110417
2 0.837891 0.373958 0.051562 0.043750
2 0.428711 0.352083 0.062109 0.062500
2 0.996875 0.025694 0.006250 0.020833
2 0.989844 0.024306 0.012500 0.023611
1 0.930664 0.051389 0.013672 0.026389
1 0.799219 0.254514 0.029687 0.038194
0 0.270313 0.245833 0.025000 0.033333
0 0.176367 0.299653 0.019141 0.027083
0 0.193750 0.308681 0.021875 0.031250
0 0.218555 0.310069 0.021484 0.029861
0 0.228516 0.342708 0.023438 0.029861
0 0.236328 0.327083 0.020313 0.034722
0 0.251367 0.384028 0.021484 0.030556
0 0.255469 0.367361 0.021875 0.030556
0 0.279102 0.385069 0.023047 0.029861
0 0.303906 0.405903 0.021875 0.031250
0 0.258008 0.338542 0.030859 0.045139
0 0.283594 0.365972 0.022656 0.030556
0 0.314453 0.394792 0.025000 0.034028
0 0.253711 0.304514 0.020703 0.025694
0 0.272461 0.315625 0.024609 0.028472
0 0.293750 0.332986 0.022656 0.027083
0 0.318164 0.351389 0.023828 0.030556
0 0.339258 0.367014 0.022266 0.025694
0 0.361719 0.387847 0.028906 0.035417
0 0.288281 0.347222 0.021094 0.030556
0 0.311523 0.367708 0.026953 0.031250
0 0.339258 0.391319 0.028516 0.035417
0 0.390625 0.589583 0.030469 0.040278
0 0.378320 0.694097 0.034766 0.043750
0 0.414844 0.695833 0.035937 0.047222
0 0.628516 0.979167 0.046094 0.041667
0 0.637109 0.755903 0.042188 0.054861
0 0.619336 0.663542 0.036328 0.045139
0 0.720508 0.818056 0.038672 0.044444
0 0.682031 0.901736 0.029687 0.054861
0 0.716602 0.976736 0.026953 0.046528
0 0.750977 0.848264 0.035547 0.046528
0 0.887695 0.890625 0.044141 0.054861
0 0.987109 0.773611 0.025781 0.045833
0 0.988672 0.750694 0.022656 0.029167
0 0.949609 0.748611 0.032813 0.037500
0 0.904687 0.716319 0.035156 0.042361
0 0.906641 0.697569 0.035156 0.040972
0 0.859766 0.683681 0.044531 0.052083
0 0.822266 0.620486 0.035156 0.040972
0 0.764258 0.672569 0.042578 0.042361
0 0.718164 0.637153 0.037891 0.040972
0 0.728906 0.626389 0.031250 0.040278
0 0.752930 0.619444 0.019922 0.027778
0 0.894336 0.478819 0.016797 0.034028
0 0.924805 0.414931 0.025391 0.027083
0 0.894141 0.397569 0.026562 0.032639
0 0.867578 0.444097 0.017969 0.049306
0 0.856641 0.362847 0.021875 0.028472
0 0.686523 0.443056 0.018359 0.036111
0 0.642969 0.372569 0.021875 0.031250
0 0.663867 0.348958 0.020703 0.031250
0 0.692578 0.361111 0.022656 0.031944
0 0.729492 0.340278 0.021484 0.034722
0 0.827344 0.216319 0.020313 0.025694
0 0.840430 0.149306 0.019141 0.026389
0 0.858789 0.171181 0.017578 0.025694
0 0.883008 0.139931 0.018359 0.032639
0 0.896875 0.147917 0.014844 0.023611
0 0.882812 0.112847 0.012500 0.018750
0 0.914453 0.109722 0.011719 0.019444
0 0.919727 0.121528 0.011328 0.018056
0 0.946875 0.077083 0.012500 0.023611
0 0.937500 0.061458 0.011719 0.018750
0 0.945703 0.038194 0.008594 0.016667
0 0.958984 0.038542 0.008594 0.015972
0 0.975391 0.057986 0.014063 0.025694
0 0.982812 0.051389 0.006250 0.013889
0 0.976562 0.006944 0.006250 0.011111
0 0.988672 0.005556 0.006250 0.009722
