2 0.742188 0.726389 0.121875 0.134722
2 0.672266 0.286806 0.047656 0.045833
2 0.831055 0.371181 0.061328 0.049306
2 0.335547 0.818403 0.069531 0.081250
1 0.895508 0.079514 0.025391 0.039583
1 0.798438 0.188889 0.023438 0.038889
1 0.755469 0.210417 0.028906 0.034722
1 0.022852 0.160417 0.022266 0.036111
0 0.052930 0.157639 0.017578 0.025000
0 0.113477 0.207639 0.014453 0.022222
0 0.107813 0.238542 0.017188 0.028472
0 0.128711 0.237153 0.016797 0.027083
0 0.177344 0.280556 0.034375 0.050000
0 0.239258 0.329514 0.023047 0.031250
0 0.244727 0.357292 0.023047 0.032639
0 0.271680 0.357292 0.024609 0.034028
0 0.322266 0.357292 0.028906 0.035417
0 0.350391 0.377778 0.023438 0.033333
0 0.334961 0.389931 0.030078 0.035417
0 0.322852 0.399653 0.025391 0.034028
0 0.300391 0.379514 0.022656 0.028472
0 0.307227 0.407639 0.023828 0.038889
0 0.350977 0.470139 0.032422 0.037500
0 0.220508 0.907639 0.043359 0.054167
0 0.377930 0.727778 0.033203 0.041667
0 0.423047 0.713889 0.035156 0.048611
0 0.469141 0.569792 0.022656 0.043750
1 0.571094 0.500000 0.019531 0.059722
0 0.592383 0.429514 0.019141 0.043750
0 0.635352 0.755556 0.042578 0.054167
0 0.680469 0.794792 0.039844 0.043750
0 0.750391 0.846528 0.036719 0.045833
0 0.650586 0.953125 0.033203 0.052083
0 0.717383 0.979514 0.023828 0.040972
0 0.985938 0.920139 0.028125 0.040278
1 0.638477 0.637153 0.040234 0.053472
0 0.773438 0.587153 0.037500 0.038194
0 0.765625 0.602431 0.034375 0.036806
0 0.752930 0.616667 0.030078 0.041667
0 0.808008 0.625000 0.036328 0.044444
0 0.820508 0.616667 0.033203 0.044444
0 0.791602 0.643403 0.035547 0.042361
0 0.834766 0.672917 0.035156 0.045833
0 0.857227 0.663542 0.033203 0.045139
0 0.913672 0.704514 0.039844 0.045139
0 0.963477 0.734028 0.036328 0.040278
0 0.671875 0.456250 0.018750 0.036111
0 0.894141 0.479514 0.017969 0.028472
0 0.926172 0.415625 0.020313 0.025694
0 0.894141 0.396181 0.021094 0.027083
0 0.867969 0.443403 0.020313 0.042361
0 0.857422 0.362153 0.025000 0.025694
0 0.614258 0.349653 0.020703 0.034028
0 0.630469 0.360764 0.025781 0.029861
0 0.637891 0.326389 0.021094 0.025000
0 0.654687 0.336806 0.018750 0.031944
0 0.673438 0.310417 0.021875 0.036111
0 0.691016 0.299653 0.017969 0.028472
0 0.708594 0.280903 0.018750 0.029861
0 0.714844 0.251042 0.017969 0.024306
0 0.724219 0.262500 0.018750 0.026389
0 0.746680 0.263889 0.016016 0.023611
0 0.735352 0.230903 0.018359 0.017361
0 0.738672 0.248264 0.016406 0.020139
0 0.755469 0.235764 0.017188 0.017361
0 0.766016 0.221875 0.011719 0.018750
0 0.777344 0.215278 0.013281 0.016667
0 0.781055 0.193750 0.013672 0.013889
0 0.813477 0.182639 0.012109 0.019444
0 0.827344 0.171528 0.012500 0.020833
0 0.836133 0.162153 0.009766 0.018750
0 0.805469 0.169792 0.014063 0.017361
0 0.817187 0.159028 0.012500 0.016667
0 0.827930 0.147917 0.015234 0.019444
0 0.839063 0.142014 0.011719 0.015972
0 0.848047 0.143403 0.012500 0.021528
0 0.851172 0.125000 0.011719 0.016667
0 0.860547 0.119792 0.011719 0.015972
0 0.869141 0.109028 0.012500 0.016667
1 0.883594 0.108681 0.015625 0.028472
0 0.899805 0.092014 0.009766 0.015972
0 0.908008 0.085764 0.009766 0.015972
0 0.925000 0.073264 0.012500 0.018750
0 0.948633 0.035764 0.012109 0.020139
0 0.964258 0.018403 0.009766 0.021528
0 0.966211 0.032292 0.008203 0.014583
0 0.980469 0.007639 0.010156 0.012500
