2 0.674023 0.281944 0.048047 0.048611
2 0.833984 0.371181 0.068750 0.063194
2 0.378516 0.761458 0.068750 0.065972
1 0.792969 0.196528 0.028125 0.033333
1 0.756641 0.211458 0.028125 0.034028
1 0.894922 0.079167 0.023438 0.031944
1 0.859961 0.131597 0.019141 0.032639
1 0.773438 0.733681 0.053906 0.060417
1 0.131445 0.254514 0.023047 0.028472
0 0.125195 0.208333 0.018359 0.027778
0 0.112305 0.230208 0.016797 0.021528
0 0.041992 0.148958 0.018359 0.020139
0 0.210547 0.285069 0.014063 0.018750
0 0.244922 0.298611 0.021094 0.019444
0 0.210547 0.307292 0.019531 0.022917
0 0.200000 0.318403 0.017188 0.025694
0 0.236523 0.321528 0.024609 0.037500
0 0.231641 0.349306 0.021094 0.023611
0 0.253125 0.343750 0.019531 0.026389
0 0.275781 0.356944 0.023438 0.031944
0 0.269531 0.376389 0.026562 0.030556
0 0.322461 0.357639 0.022266 0.025000
0 0.363477 0.333333 0.030859 0.027778
0 0.350195 0.377778 0.026172 0.027778
0 0.333203 0.389236 0.028906 0.027083
0 0.325781 0.401389 0.025781 0.029167
0 0.308398 0.408681 0.026172 0.035417
0 0.285156 0.717361 0.035937 0.047222
0 0.321094 0.835069 0.045312 0.043750
0 0.404297 0.698264 0.032813 0.043750
0 0.427539 0.708333 0.032422 0.043056
0 0.353711 0.760417 0.037891 0.034722
0 0.214844 0.957292 0.050000 0.053472
0 0.573047 0.487500 0.020313 0.054167
0 0.591406 0.370139 0.019531 0.031944
0 0.620313 0.373611 0.019531 0.029167
0 0.636914 0.328819 0.016016 0.028472
0 0.652930 0.337500 0.019922 0.031944
0 0.674414 0.314236 0.023828 0.029861
0 0.652734 0.956597 0.032813 0.053472
0 0.714844 0.978819 0.024219 0.042361
0 0.748828 0.851389 0.035937 0.045833
0 0.684766 0.794792 0.041406 0.053472
0 0.636133 0.756944 0.042578 0.055556
0 0.680469 0.660069 0.032813 0.040972
0 0.753516 0.615278 0.029687 0.037500
0 0.765820 0.602431 0.028516 0.043750
0 0.774805 0.580208 0.033984 0.034028
0 0.810352 0.625000 0.034766 0.040278
0 0.827344 0.619792 0.030469 0.036806
0 0.789844 0.642361 0.027344 0.033333
0 0.832617 0.673264 0.035547 0.036806
0 0.856055 0.664236 0.037891 0.046528
0 0.916797 0.708681 0.050000 0.064583
0 0.964063 0.735069 0.035156 0.049306
0 0.894922 0.478819 0.017188 0.036806
0 0.925391 0.415278 0.023438 0.026389
0 0.890625 0.397222 0.022656 0.025000
0 0.870117 0.446875 0.016797 0.052083
0 0.856250 0.367361 0.025000 0.025000
0 0.794922 0.242361 0.016406 0.027778
0 0.714258 0.253125 0.017578 0.021528
0 0.706641 0.283333 0.021875 0.025000
0 0.722070 0.261111 0.014453 0.023611
0 0.735742 0.233681 0.017578 0.024306
0 0.738477 0.246875 0.015234 0.025694
0 0.753906 0.235417 0.014844 0.027778
0 0.765820 0.223264 0.012891 0.017361
0 0.775586 0.217708 0.011328 0.014583
0 0.778320 0.193056 0.010547 0.020833
0 0.801367 0.171181 0.011328 0.018750
0 0.813281 0.163194 0.009375 0.011111
0 0.824609 0.150000 0.011719 0.020833
0 0.836914 0.139236 0.010547 0.014583
0 0.807617 0.189931 0.014453 0.022917
0 0.822266 0.170833 0.014063 0.020833
0 0.836719 0.163194 0.014063 0.019444
0 0.841797 0.150694 0.014844 0.018056
1 0.863672 0.134722 0.017188 0.034722
0 0.883789 0.114236 0.010547 0.011806
0 0.896680 0.104167 0.011328 0.015278
0 0.909570 0.070139 0.008984 0.013889
0 0.917773 0.080556 0.010547 0.013889
0 0.927734 0.058333 0.006250 0.013889
0 0.938086 0.045139 0.008984 0.015278
0 0.953125 0.046181 0.008594 0.013194
0 0.959375 0.024306 0.007812 0.012500
0 0.976953 0.017361 0.009375 0.015278
0 0.963281 0.036458 0.010156 0.011806
