2 0.791602 0.612153 0.114453 0.107639
2 0.832422 0.374653 0.067969 0.053472
2 0.753320 0.209375 0.036328 0.056250
2 0.230664 0.878472 0.079297 0.104167
2 0.124609 0.965278 0.107031 0.069444
1 0.517578 0.388889 0.070312 0.051389
1 0.373047 0.626042 0.053125 0.089583
1 0.678125 0.281250 0.028906 0.041667
1 0.802148 0.577083 0.055859 0.061111
1 0.344922 0.800347 0.043750 0.074306
0 0.229687 0.323264 0.021094 0.039583
0 0.302148 0.404167 0.022266 0.034722
0 0.359570 0.387847 0.024609 0.031250
0 0.257031 0.725694 0.025000 0.034722
0 0.269336 0.754167 0.038672 0.043056
0 0.190820 0.980208 0.033984 0.039583
0 0.232617 0.932986 0.040234 0.029861
0 0.288477 0.835417 0.030078 0.043056
0 0.293945 0.866667 0.034766 0.038889
0 0.324609 0.788194 0.028906 0.041667
0 0.362891 0.750000 0.032813 0.040278
0 0.384375 0.768750 0.030469 0.044444
0 0.400977 0.707292 0.034766 0.045139
0 0.414648 0.728472 0.030078 0.043056
0 0.415234 0.557986 0.030469 0.049306
0 0.487109 0.504861 0.026562 0.041667
0 0.534375 0.459375 0.022656 0.038194
0 0.562891 0.429861 0.025781 0.038889
0 0.583594 0.376389 0.025781 0.030556
0 0.609570 0.412153 0.018359 0.029861
0 0.586523 0.479861 0.015234 0.037500
0 0.538281 0.986458 0.035937 0.027083
0 0.619922 0.912153 0.025000 0.060417
0 0.615820 0.985764 0.041016 0.028472
0 0.651953 0.957986 0.032813 0.056250
0 0.717383 0.977431 0.022266 0.045139
0 0.653516 0.850694 0.032813 0.065278
0 0.681641 0.804514 0.018750 0.053472
0 0.637305 0.757986 0.038672 0.047917
0 0.750586 0.853472 0.037109 0.045833
0 0.646484 0.645486 0.036719 0.042361
0 0.950781 0.751736 0.030469 0.038194
0 0.983008 0.703819 0.033984 0.045139
0 0.905273 0.719792 0.033984 0.038194
0 0.860156 0.686458 0.045312 0.054861
0 0.821289 0.621528 0.030859 0.043056
0 0.812305 0.661806 0.034766 0.037500
0 0.792773 0.672917 0.034766 0.041667
0 0.759766 0.627083 0.032813 0.038889
0 0.724609 0.644444 0.032813 0.040278
0 0.893555 0.478125 0.017578 0.029861
0 0.926562 0.417708 0.023438 0.029861
0 0.894141 0.399653 0.028906 0.032639
0 0.867578 0.447222 0.014063 0.047222
0 0.856836 0.363889 0.021484 0.027778
0 0.789062 0.342361 0.015625 0.029167
0 0.760156 0.336806 0.017969 0.027778
0 0.743750 0.318750 0.014844 0.022222
1 0.795898 0.240625 0.017578 0.040972
0 0.616406 0.377431 0.021875 0.028472
0 0.624414 0.343403 0.021484 0.031250
0 0.674414 0.310764 0.024609 0.035417
0 0.696484 0.317708 0.021094 0.025694
0 0.710742 0.259722 0.017578 0.026389
0 0.742578 0.246875 0.015625 0.027083
0 0.783398 0.196528 0.016016 0.029167
0 0.799219 0.201042 0.015625 0.027083
0 0.797266 0.182986 0.017188 0.022917
0 0.812305 0.163889 0.018359 0.026389
0 0.826758 0.151736 0.014453 0.020139
0 0.840820 0.138889 0.010547 0.023611
0 0.930859 0.053125 0.010937 0.013194
0 0.938477 0.089583 0.012109 0.019444
