2 0.369141 0.406250 0.058594 0.084722
2 0.709961 0.335764 0.037109 0.065972
2 0.623633 0.573958 0.059766 0.063194
2 0.887305 0.155556 0.025391 0.045833
2 0.927734 0.102083 0.035156 0.061111
2 0.965234 0.730208 0.069531 0.097917
2 0.826758 0.373958 0.071484 0.059028
2 0.150781 0.148958 0.028906 0.046528
0 0.009570 0.071875 0.011328 0.020139
0 0.022656 0.093403 0.012500 0.017361
0 0.042578 0.096181 0.013281 0.022917
0 0.052734 0.113889 0.013281 0.016667
0 0.090039 0.139236 0.017578 0.020139
0 0.089063 0.125347 0.015625 0.018750
0 0.147070 0.178125 0.014453 0.018750
0 0.176758 0.186111 0.018359 0.022222
0 0.252930 0.270139 0.023047 0.029167
0 0.222656 0.281944 0.019531 0.030556
0 0.259375 0.310069 0.023438 0.032639
0 0.325391 0.295139 0.021094 0.029167
0 0.241406 0.336458 0.022656 0.027083
0 0.286133 0.348958 0.025391 0.027083
0 0.288086 0.333681 0.024609 0.032639
0 0.257617 0.369444 0.023828 0.031944
0 0.291602 0.832639 0.037891 0.051389
0 0.379102 0.700694 0.030859 0.047222
0 0.414453 0.728819 0.028906 0.047917
0 0.494922 0.543403 0.033594 0.043750
1 0.325391 0.374653 0.040625 0.060417
0 0.320117 0.402431 0.025391 0.034028
0 0.410156 0.478125 0.026562 0.039583
0 0.410742 0.449653 0.031641 0.035417
0 0.374609 0.334722 0.025781 0.030556
0 0.434766 0.363889 0.028906 0.027778
0 0.413672 0.429514 0.028125 0.031250
0 0.444727 0.451042 0.027734 0.032639
0 0.437109 0.470139 0.026562 0.034722
0 0.530859 0.426042 0.028125 0.022917
0 0.542773 0.455556 0.028516 0.027778
0 0.601367 0.525000 0.037109 0.038889
0 0.540234 0.981944 0.050000 0.036111
0 0.614648 0.986458 0.044922 0.027083
0 0.716602 0.977778 0.026953 0.044444
0 0.650977 0.956250 0.037891 0.052778
0 0.619922 0.910069 0.036719 0.064583
0 0.635938 0.756944 0.042188 0.056944
0 0.731836 0.722917 0.038672 0.051389
0 0.786719 0.737153 0.039844 0.049306
0 0.750781 0.847222 0.039844 0.051389
0 0.828320 0.716319 0.037109 0.042361
0 0.791602 0.690972 0.033203 0.041667
0 0.747266 0.658333 0.040625 0.045833
0 0.671289 0.581597 0.032422 0.042361
0 0.699609 0.561111 0.033594 0.038889
0 0.680273 0.410764 0.014453 0.036806
0 0.894141 0.480556 0.020313 0.038889
0 0.926367 0.415972 0.024609 0.029167
0 0.895312 0.400694 0.026562 0.030556
0 0.868359 0.445139 0.019531 0.044444
0 0.858008 0.364583 0.027734 0.029167
0 0.745508 0.307292 0.018359 0.024306
0 0.819727 0.235417 0.021484 0.029167
0 0.608984 0.359375 0.017188 0.028472
0 0.621289 0.369444 0.017578 0.031944
0 0.639062 0.372222 0.023438 0.043056
1 0.661328 0.346528 0.025781 0.048611
1 0.647070 0.327778 0.037891 0.052778
1 0.651172 0.299653 0.042188 0.042361
0 0.626172 0.343750 0.022656 0.037500
0 0.677930 0.286458 0.019141 0.025694
0 0.697461 0.268056 0.017578 0.022222
0 0.704297 0.281597 0.020313 0.024306
0 0.758984 0.247222 0.019531 0.023611
0 0.739453 0.268750 0.017188 0.023611
0 0.724023 0.285069 0.017578 0.024306
0 0.707617 0.301736 0.021484 0.028472
1 0.733789 0.231597 0.028516 0.039583
0 0.758203 0.248264 0.017188 0.025694
0 0.771289 0.231597 0.015234 0.021528
0 0.816211 0.177778 0.016797 0.023611
0 0.930859 0.056597 0.015625 0.020139
0 0.957812 0.042361 0.013281 0.020833
0 0.959766 0.025000 0.009375 0.015278
0 0.971094 0.026042 0.009375 0.015972
