1 0.875195 0.660764 0.071484 0.079861
1 0.900195 0.709375 0.060547 0.064583
1 0.227930 0.893750 0.056641 0.076389
1 0.622266 0.338889 0.028906 0.051389
2 0.340820 0.621875 0.074609 0.110417
2 0.357617 0.782986 0.081641 0.125694
2 0.313477 0.792361 0.080859 0.120833
1 0.708789 0.619444 0.066016 0.072222
2 0.940820 0.484722 0.042578 0.061111
0 0.064062 0.181597 0.016406 0.022917
0 0.115039 0.230903 0.018359 0.027083
0 0.147266 0.261111 0.020313 0.026389
0 0.216016 0.331250 0.021875 0.030556
0 0.283594 0.365625 0.025000 0.042361
0 0.289844 0.422917 0.026562 0.030556
0 0.304492 0.410069 0.026172 0.036806
0 0.319531 0.398958 0.022656 0.035417
0 0.357031 0.389583 0.025000 0.036111
0 0.481055 0.447222 0.033984 0.036111
0 0.489453 0.479167 0.036719 0.037500
0 0.557422 0.457986 0.032813 0.029861
0 0.104297 0.888542 0.040625 0.053472
0 0.156250 0.977431 0.045312 0.045139
0 0.379297 0.693750 0.035937 0.040278
0 0.416211 0.692708 0.034766 0.040972
0 0.417578 0.728125 0.032031 0.039583
0 0.378711 0.725694 0.030078 0.025000
0 0.716992 0.978125 0.021484 0.043750
0 0.635547 0.975694 0.026562 0.048611
0 0.636523 0.756944 0.040234 0.047222
0 0.701367 0.842361 0.037891 0.058333
0 0.751172 0.851736 0.039844 0.049306
0 0.969531 0.736458 0.041406 0.049306
0 0.982812 0.703819 0.034375 0.045139
0 0.802734 0.653819 0.032813 0.034028
0 0.807813 0.630903 0.038281 0.036806
0 0.752539 0.619444 0.035547 0.036111
0 0.761719 0.600694 0.035937 0.037500
0 0.924609 0.414931 0.021094 0.021528
0 0.894141 0.480556 0.020313 0.034722
0 0.895312 0.398611 0.025000 0.029167
0 0.868945 0.443750 0.016797 0.040278
0 0.846680 0.372569 0.025391 0.028472
0 0.857812 0.363889 0.025000 0.025000
0 0.829883 0.350694 0.024609 0.027778
0 0.927344 0.059722 0.014063 0.018056
0 0.885742 0.111806 0.013672 0.018056
0 0.890625 0.136806 0.012500 0.020833
0 0.912109 0.131597 0.014063 0.017361
0 0.866211 0.166667 0.016016 0.018056
0 0.863281 0.185417 0.017188 0.019444
0 0.834375 0.195486 0.017188 0.024306
2 0.958984 0.076389 0.017969 0.030556
0 0.996094 0.021528 0.007812 0.013889
0 0.785547 0.252083 0.017188 0.023611
0 0.777930 0.286458 0.018359 0.024306
0 0.751953 0.296181 0.020313 0.029861
0 0.775586 0.200347 0.022266 0.025694
0 0.759375 0.227778 0.019531 0.025000
0 0.742578 0.243056 0.015625 0.025000
0 0.748828 0.259722 0.017969 0.026389
0 0.730469 0.255903 0.021094 0.027083
0 0.733789 0.273958 0.019141 0.024306
0 0.703516 0.264931 0.019531 0.025694
0 0.713477 0.273958 0.018359 0.024306
0 0.720703 0.291319 0.020313 0.024306
0 0.687109 0.281944 0.015625 0.025000
0 0.697852 0.286458 0.018359 0.027083
0 0.695898 0.312153 0.019922 0.035417
0 0.668164 0.294097 0.017578 0.025694
0 0.678711 0.309722 0.017578 0.025000
0 0.679492 0.333333 0.019922 0.027778
0 0.657813 0.309375 0.017969 0.025694
0 0.663867 0.328819 0.019141 0.024306
0 0.661328 0.351736 0.019531 0.029861
0 0.635742 0.352431 0.023828 0.036806
0 0.643945 0.373958 0.023047 0.029861
0 0.696094 0.363889 0.022656 0.029167
0 0.683594 0.424306 0.016406 0.036111
0 0.686523 0.482639 0.024609 0.034722
0 0.723828 0.532986 0.033594 0.035417
