2 0.794141 0.654167 0.088281 0.093056
2 0.838477 0.376389 0.050391 0.043056
2 0.291016 0.814583 0.088281 0.119444
2 0.214062 0.937847 0.088281 0.124306
2 0.395117 0.337500 0.075391 0.080556
2 0.015820 0.069792 0.021484 0.038194
0 0.120508 0.175000 0.013672 0.020833
0 0.252930 0.254167 0.019141 0.022222
0 0.269727 0.316667 0.021484 0.026389
0 0.292969 0.333681 0.021875 0.027083
0 0.327539 0.358681 0.023047 0.028472
0 0.362305 0.386111 0.027734 0.031944
0 0.400391 0.414931 0.028906 0.031250
0 0.434766 0.442708 0.026562 0.031250
0 0.259375 0.346181 0.024219 0.024306
0 0.266016 0.376389 0.025000 0.026389
0 0.316211 0.389583 0.023047 0.029167
0 0.330859 0.423264 0.027344 0.036806
0 0.362109 0.410069 0.024219 0.034028
0 0.403906 0.443056 0.024219 0.034722
0 0.437891 0.469097 0.030469 0.034028
0 0.424609 0.480556 0.028906 0.041667
0 0.392578 0.481250 0.027344 0.037500
0 0.368750 0.489583 0.027344 0.037500
0 0.386328 0.351042 0.030469 0.038194
0 0.412891 0.340972 0.025000 0.029167
0 0.457617 0.413194 0.024609 0.026389
0 0.379102 0.695833 0.034766 0.041667
0 0.417578 0.726389 0.032813 0.034722
0 0.415625 0.692708 0.032031 0.039583
0 0.361523 0.748264 0.033203 0.040972
0 0.502344 0.569097 0.034375 0.038194
0 0.564258 0.459375 0.026953 0.032639
0 0.563281 0.488542 0.026562 0.028472
0 0.600977 0.535764 0.032422 0.032639
0 0.617188 0.569792 0.033594 0.035417
0 0.661328 0.599306 0.035937 0.034722
0 0.638477 0.537847 0.033203 0.040972
0 0.668164 0.535069 0.028516 0.029861
0 0.600391 0.611806 0.042969 0.069444
0 0.595117 0.656944 0.031641 0.036111
0 0.635938 0.753472 0.039062 0.043056
0 0.717383 0.978125 0.021484 0.043750
0 0.650000 0.960417 0.037500 0.054167
0 0.751367 0.850694 0.037109 0.047222
0 0.726953 0.709375 0.032031 0.047917
0 0.798438 0.795139 0.037500 0.044444
0 0.853711 0.809375 0.036328 0.046528
1 0.990430 0.768403 0.019141 0.045139
0 0.838867 0.725347 0.039453 0.035417
0 0.847656 0.615625 0.032813 0.032639
0 0.776367 0.606597 0.030859 0.028472
0 0.925586 0.415625 0.022266 0.021528
0 0.895312 0.479514 0.018750 0.028472
0 0.895312 0.396875 0.025000 0.024306
0 0.869141 0.444097 0.018750 0.036806
0 0.857031 0.362847 0.022656 0.022917
0 0.642773 0.373958 0.021484 0.031250
0 0.660742 0.353472 0.018359 0.030556
0 0.635547 0.351389 0.026562 0.040278
0 0.663672 0.326389 0.019531 0.025000
0 0.672070 0.288889 0.024609 0.043056
0 0.693359 0.296528 0.019531 0.027778
0 0.715234 0.294444 0.017188 0.025000
0 0.729102 0.239583 0.016016 0.026389
0 0.765039 0.212153 0.014453 0.024306
0 0.766602 0.228472 0.018359 0.029167
0 0.775977 0.197222 0.016016 0.019444
0 0.812500 0.171528 0.014844 0.016667
0 0.825000 0.154861 0.013281 0.018056
0 0.900000 0.102431 0.012500 0.018750
0 0.967773 0.068056 0.011328 0.013889
0 0.975000 0.047569 0.009375 0.013194
0 0.970313 0.018056 0.008594 0.016667
