2 0.200781 0.198611 0.038281 0.051389
2 0.275781 0.330208 0.052344 0.072917
2 0.696680 0.284722 0.030859 0.051389
2 0.975000 0.059722 0.024219 0.041667
2 0.724023 0.642361 0.069141 0.076389
2 0.825781 0.372917 0.073438 0.062500
2 0.881250 0.626042 0.121094 0.122917
0 0.157227 0.262847 0.025391 0.031250
1 0.175781 0.295486 0.028906 0.039583
1 0.197266 0.311806 0.023438 0.029167
1 0.240820 0.307639 0.037891 0.058333
1 0.867773 0.103472 0.023047 0.040278
1 0.895703 0.127431 0.025000 0.031250
1 0.659961 0.348264 0.031641 0.053472
0 0.094922 0.893056 0.045312 0.068056
0 0.055859 0.154861 0.017188 0.022222
0 0.233984 0.241667 0.019531 0.022222
0 0.191016 0.292014 0.018750 0.024306
0 0.212305 0.308333 0.019141 0.031944
0 0.234766 0.324306 0.026562 0.040278
0 0.244922 0.355556 0.017969 0.026389
0 0.256445 0.385069 0.022266 0.036806
0 0.254883 0.346528 0.020703 0.030556
0 0.275391 0.359028 0.023438 0.030556
0 0.266797 0.376042 0.025000 0.035417
0 0.298828 0.381944 0.028125 0.031944
0 0.313086 0.368403 0.021484 0.029861
0 0.304102 0.338542 0.011328 0.020139
0 0.322266 0.356597 0.025781 0.034028
0 0.349414 0.377778 0.024609 0.036111
0 0.333398 0.389583 0.024609 0.033333
0 0.321875 0.399306 0.023438 0.034722
0 0.307227 0.409722 0.025391 0.041667
0 0.508398 0.390625 0.035547 0.029861
0 0.417773 0.363542 0.026953 0.024306
0 0.379688 0.698611 0.032031 0.043056
0 0.636523 0.757986 0.040234 0.050694
0 0.661914 0.842014 0.030078 0.070139
0 0.749219 0.846875 0.039844 0.052083
0 0.718555 0.972917 0.030078 0.054167
0 0.621289 0.914931 0.040234 0.061806
0 0.651953 0.958681 0.035156 0.052083
0 0.613672 0.984375 0.050000 0.031250
0 0.965625 0.760764 0.033594 0.039583
0 0.964063 0.730556 0.036719 0.034722
0 0.932813 0.738542 0.034375 0.040972
0 0.905078 0.700694 0.035937 0.044444
0 0.886523 0.709028 0.034766 0.044444
0 0.881836 0.752083 0.036328 0.041667
0 0.840625 0.724306 0.032813 0.037500
0 0.858203 0.641319 0.032031 0.035417
0 0.896875 0.669444 0.036719 0.034722
0 0.851953 0.663889 0.035156 0.038889
0 0.835352 0.674653 0.033203 0.039583
0 0.819922 0.618056 0.030469 0.037500
0 0.808008 0.629514 0.038672 0.043750
0 0.790234 0.642014 0.032813 0.035417
0 0.781055 0.659375 0.030078 0.029861
0 0.793164 0.692361 0.042578 0.045833
0 0.733008 0.618403 0.034766 0.038194
0 0.755664 0.617361 0.026172 0.040278
0 0.765430 0.599653 0.031641 0.035417
0 0.773633 0.587153 0.035547 0.043750
0 0.892773 0.481944 0.017578 0.037500
0 0.925195 0.417361 0.019922 0.022222
0 0.892969 0.397569 0.025000 0.031250
0 0.867578 0.445486 0.016406 0.049306
0 0.857227 0.363542 0.026172 0.029861
0 0.757812 0.295833 0.017969 0.027778
0 0.640234 0.372569 0.027344 0.040972
0 0.684375 0.330208 0.018750 0.028472
0 0.707031 0.302778 0.019531 0.033333
0 0.684375 0.276389 0.014844 0.027778
0 0.756836 0.247917 0.023047 0.025000
0 0.824219 0.171528 0.016406 0.027778
0 0.890430 0.091667 0.012891 0.015278
0 0.949023 0.076736 0.012891 0.020139
