2 0.794727 0.616319 0.123047 0.117361
2 0.830078 0.371875 0.064844 0.057639
2 0.657031 0.297222 0.050000 0.070833
2 0.231641 0.879861 0.082812 0.112500
2 0.124219 0.963194 0.111719 0.073611
1 0.274414 0.263194 0.045703 0.052778
1 0.344531 0.806597 0.052344 0.067361
1 0.505469 0.387500 0.050000 0.050000
1 0.757031 0.311111 0.028906 0.052778
1 0.899414 0.126042 0.017578 0.032639
0 0.012500 0.120486 0.014063 0.018750
0 0.031445 0.151042 0.018359 0.017361
0 0.058984 0.162847 0.019531 0.025694
0 0.110937 0.238194 0.021094 0.022222
0 0.148047 0.253819 0.019531 0.027083
0 0.187305 0.253472 0.020703 0.026389
0 0.303711 0.404861 0.023828 0.033333
0 0.314844 0.395139 0.025000 0.033333
0 0.359180 0.388194 0.026172 0.030556
0 0.331055 0.296875 0.023828 0.021528
0 0.400977 0.334375 0.026953 0.029861
0 0.061133 0.965972 0.036328 0.063889
0 0.147461 0.876042 0.037891 0.060417
0 0.233008 0.759028 0.036328 0.047222
0 0.326562 0.681597 0.042188 0.064583
0 0.289062 0.837500 0.033594 0.045833
0 0.190625 0.979861 0.034375 0.040278
0 0.234766 0.935069 0.042969 0.032639
0 0.295703 0.865625 0.036719 0.039583
0 0.325000 0.791667 0.032813 0.047222
0 0.363281 0.748958 0.032813 0.039583
0 0.384766 0.769097 0.032031 0.046528
0 0.401562 0.713542 0.033594 0.045139
0 0.414453 0.729861 0.030469 0.043056
0 0.715820 0.977431 0.024609 0.045139
0 0.749805 0.852431 0.043359 0.047917
0 0.680469 0.804514 0.019531 0.056250
0 0.634961 0.757292 0.044141 0.052083
0 0.695703 0.684375 0.039062 0.042361
0 0.607227 0.924653 0.037891 0.059028
0 0.650977 0.855208 0.034766 0.070139
0 0.586133 0.552083 0.024609 0.054167
0 0.566211 0.382292 0.030859 0.027083
0 0.615625 0.985417 0.048438 0.029167
0 0.651758 0.956597 0.034766 0.059028
0 0.920703 0.830903 0.038281 0.047917
0 0.949414 0.751042 0.032422 0.039583
0 0.988477 0.776736 0.023047 0.042361
0 0.988086 0.749306 0.023828 0.026389
0 0.903711 0.719444 0.034766 0.036111
0 0.907617 0.696181 0.034766 0.035417
0 0.858398 0.686111 0.046484 0.054167
0 0.821094 0.621875 0.032813 0.039583
0 0.812891 0.661458 0.037500 0.035417
0 0.760156 0.626389 0.033594 0.040278
0 0.729102 0.627431 0.034766 0.036806
0 0.716797 0.639236 0.036719 0.040972
0 0.893555 0.481597 0.015234 0.036806
0 0.925391 0.416667 0.024219 0.022222
0 0.893945 0.400000 0.025391 0.027778
0 0.867188 0.448264 0.017969 0.049306
0 0.857422 0.364583 0.023438 0.025000
0 0.781250 0.331944 0.027344 0.030556
0 0.678125 0.425000 0.017188 0.037500
0 0.683594 0.307986 0.020313 0.025694
0 0.728125 0.245833 0.020313 0.023611
0 0.775977 0.197569 0.018359 0.029861
0 0.804297 0.181597 0.014844 0.028472
0 0.819141 0.159375 0.014063 0.021528
0 0.840234 0.137847 0.012500 0.025694
0 0.926562 0.057639 0.014063 0.013889
0 0.932227 0.111458 0.008203 0.014583
0 0.835352 0.219097 0.015234 0.021528
