2 0.273438 0.331597 0.057031 0.079861
2 0.400391 0.332639 0.055469 0.061111
2 0.816016 0.170486 0.024219 0.040972
2 0.884961 0.154861 0.042578 0.062500
2 0.726758 0.638194 0.065234 0.068056
2 0.823047 0.366319 0.067969 0.063194
1 0.240039 0.303472 0.037891 0.056944
1 0.173633 0.292708 0.033203 0.035417
1 0.198242 0.313889 0.028516 0.029167
1 0.890820 0.068056 0.031641 0.038889
1 0.739062 0.311111 0.031250 0.045833
1 0.661914 0.345833 0.034766 0.050000
0 0.033984 0.159722 0.014844 0.022222
0 0.193164 0.289583 0.022266 0.029167
0 0.213086 0.304861 0.017578 0.029167
0 0.234766 0.322222 0.028125 0.041667
0 0.221680 0.336111 0.023828 0.027778
0 0.257812 0.346528 0.026562 0.031944
0 0.244141 0.360417 0.019531 0.027778
0 0.273633 0.361111 0.024609 0.031944
0 0.268555 0.374653 0.027734 0.034028
0 0.254883 0.384028 0.029297 0.038889
0 0.297070 0.381250 0.024609 0.033333
0 0.307812 0.408681 0.029687 0.040972
0 0.322656 0.398958 0.028906 0.042361
0 0.337305 0.389583 0.028516 0.031944
0 0.349609 0.380556 0.025000 0.034722
0 0.323828 0.358333 0.026562 0.031944
0 0.313867 0.374653 0.027734 0.038194
0 0.305664 0.340972 0.017578 0.029167
0 0.500977 0.382292 0.037891 0.042361
0 0.448242 0.552083 0.039453 0.056944
0 0.380859 0.695486 0.050000 0.050694
0 0.616602 0.986806 0.051172 0.026389
0 0.652539 0.955556 0.037109 0.058333
0 0.717187 0.976736 0.038281 0.046528
0 0.618945 0.907986 0.039453 0.054861
0 0.663477 0.840972 0.037891 0.068056
0 0.637891 0.757639 0.048438 0.058333
0 0.748047 0.846181 0.048438 0.056250
0 0.970508 0.762153 0.043359 0.049306
0 0.962891 0.731597 0.039062 0.038194
0 0.947266 0.702083 0.040625 0.041667
0 0.930859 0.737847 0.038281 0.036806
0 0.906250 0.701042 0.039844 0.040972
0 0.887695 0.711806 0.046484 0.047222
0 0.884961 0.660069 0.037109 0.042361
0 0.854883 0.663542 0.036328 0.045139
0 0.835352 0.668403 0.037891 0.039583
0 0.833203 0.691667 0.035937 0.040278
0 0.841797 0.726389 0.041406 0.044444
0 0.796484 0.691667 0.045312 0.047222
0 0.790039 0.646875 0.035547 0.042361
0 0.807422 0.628819 0.043750 0.046528
0 0.822852 0.619792 0.036328 0.042361
0 0.773242 0.585764 0.037109 0.036806
0 0.764453 0.602431 0.038281 0.039583
0 0.756445 0.617014 0.030859 0.043750
0 0.733398 0.619097 0.037891 0.036806
0 0.741602 0.542014 0.033984 0.047917
0 0.895703 0.480903 0.025781 0.038194
0 0.867969 0.446181 0.023438 0.042361
0 0.926172 0.415278 0.021094 0.034722
0 0.892969 0.398611 0.029687 0.031944
0 0.857031 0.363194 0.025781 0.029167
0 0.675000 0.291667 0.023438 0.029167
0 0.683008 0.330903 0.026172 0.027083
0 0.639844 0.373958 0.034375 0.039583
0 0.603711 0.367361 0.033984 0.045833
0 0.767383 0.209028 0.021484 0.034722
0 0.730859 0.272222 0.022656 0.038889
0 0.715430 0.261111 0.029297 0.034722
0 0.832031 0.205208 0.021875 0.027083
0 0.795312 0.197917 0.019531 0.023611
0 0.797070 0.175694 0.019922 0.031944
0 0.838672 0.158333 0.018750 0.031944
0 0.903516 0.095486 0.014844 0.020139
0 0.943164 0.084375 0.013672 0.027083
0 0.935156 0.061458 0.016406 0.022917
0 0.962500 0.071528 0.019531 0.030556
