2 0.279883 0.329167 0.062109 0.080556
2 0.509766 0.602778 0.053125 0.088889
2 0.725391 0.635069 0.064062 0.084028
2 0.833789 0.364583 0.072266 0.076389
1 0.238086 0.301042 0.040234 0.057639
1 0.174805 0.292708 0.036328 0.054861
1 0.196094 0.312500 0.028906 0.041667
1 0.252930 0.754167 0.062109 0.084722
1 0.258594 0.912847 0.062500 0.081250
1 0.735742 0.266319 0.037891 0.054861
1 0.891016 0.090972 0.032813 0.051389
1 0.965820 0.031597 0.018359 0.031250
1 0.945703 0.027431 0.019531 0.029861
0 0.214453 0.306944 0.021875 0.030556
0 0.234375 0.320486 0.028906 0.042361
0 0.220312 0.336111 0.026562 0.033333
0 0.246484 0.357292 0.022656 0.038194
0 0.254688 0.342014 0.023438 0.032639
0 0.276758 0.360417 0.026953 0.033333
0 0.269922 0.371875 0.027344 0.034028
0 0.254492 0.384375 0.026172 0.034028
0 0.302148 0.338194 0.019141 0.025000
0 0.324023 0.355556 0.024609 0.033333
0 0.135352 0.172569 0.016016 0.024306
0 0.313867 0.369444 0.026172 0.031944
0 0.297266 0.378472 0.028906 0.030556
0 0.351367 0.378819 0.030078 0.035417
0 0.336133 0.386458 0.026172 0.031250
0 0.324805 0.399653 0.031641 0.038194
0 0.312305 0.412847 0.026953 0.035417
0 0.505078 0.477431 0.040625 0.053472
0 0.375391 0.630556 0.038281 0.051389
0 0.461523 0.630903 0.037891 0.050694
0 0.157031 0.838889 0.044531 0.058333
0 0.335352 0.778819 0.042578 0.053472
0 0.374609 0.698611 0.028906 0.054167
0 0.396875 0.716319 0.044531 0.053472
0 0.399609 0.745139 0.039844 0.050000
0 0.326758 0.831597 0.050391 0.054861
0 0.045117 0.955556 0.042578 0.059722
0 0.047461 0.982639 0.054297 0.034722
2 0.166406 0.961111 0.115625 0.077778
0 0.666211 0.721528 0.039453 0.070833
0 0.634570 0.751042 0.046484 0.057639
0 0.686914 0.793056 0.023828 0.069444
0 0.713281 0.968750 0.027344 0.050000
0 0.777148 0.727431 0.040234 0.065972
0 0.750586 0.846875 0.042578 0.057639
0 0.756250 0.613194 0.035937 0.047222
0 0.767383 0.598958 0.034766 0.043750
0 0.775195 0.586806 0.041016 0.043056
0 0.791406 0.643750 0.034375 0.051389
0 0.810547 0.626389 0.038281 0.052778
0 0.822070 0.615278 0.035547 0.050000
0 0.836523 0.670486 0.037109 0.053472
0 0.855469 0.656250 0.035156 0.050000
0 0.887109 0.711111 0.042969 0.051389
0 0.909570 0.699306 0.039453 0.051389
0 0.964063 0.733333 0.039062 0.054167
0 0.896289 0.479861 0.020703 0.044444
0 0.886914 0.422569 0.024609 0.038194
0 0.924805 0.414583 0.023828 0.036111
0 0.891406 0.394792 0.029687 0.034028
0 0.868359 0.444097 0.017969 0.050694
0 0.856250 0.359028 0.027344 0.034722
0 0.588867 0.372917 0.024609 0.040278
0 0.644531 0.369444 0.027344 0.040278
0 0.668945 0.317708 0.021484 0.042361
0 0.712109 0.267708 0.021094 0.032639
0 0.735742 0.230556 0.018359 0.025000
0 0.764453 0.225000 0.015625 0.036111
0 0.795508 0.179861 0.019922 0.030556
0 0.803906 0.188542 0.015625 0.031250
0 0.815234 0.163194 0.014844 0.026389
0 0.836133 0.157986 0.017578 0.029861
0 0.838477 0.141319 0.012891 0.015972
0 0.856445 0.137153 0.015234 0.027083
0 0.865820 0.113194 0.013672 0.020833
0 0.884961 0.113542 0.011328 0.020139
0 0.900977 0.080556 0.012891 0.022222
0 0.910352 0.081597 0.018359 0.028472
0 0.913477 0.068056 0.014453 0.016667
0 0.923828 0.076389 0.013281 0.020833
0 0.936914 0.048958 0.011328 0.017361
0 0.942187 0.040625 0.008594 0.014583
0 0.948047 0.050347 0.008594 0.014583
0 0.986133 0.010069 0.007422 0.011806
0 0.569727 0.535417 0.028516 0.037500
0 0.426367 0.365278 0.036328 0.038889
