2 0.795312 0.653472 0.088281 0.098611
2 0.792773 0.615625 0.119141 0.115972
2 0.837500 0.375694 0.052344 0.043056
2 0.812891 0.232639 0.032813 0.054167
2 0.823047 0.201389 0.028906 0.044444
2 0.829688 0.150694 0.034375 0.052778
1 0.432031 0.700000 0.057813 0.086111
0 0.169141 0.294792 0.021094 0.025694
0 0.008984 0.071181 0.010156 0.015972
0 0.191992 0.309375 0.021484 0.034028
0 0.217383 0.309375 0.019922 0.031250
0 0.226758 0.341667 0.023828 0.033333
0 0.236914 0.326736 0.016797 0.028472
0 0.254688 0.303819 0.020313 0.027083
0 0.272070 0.315625 0.022266 0.031250
0 0.257617 0.338889 0.029297 0.045833
0 0.255078 0.365278 0.021875 0.027778
0 0.251758 0.384375 0.023047 0.029861
0 0.279883 0.385417 0.023828 0.031944
0 0.283789 0.367361 0.023047 0.033333
0 0.288281 0.347569 0.021094 0.028472
0 0.294336 0.334722 0.019922 0.031944
0 0.309961 0.365972 0.022266 0.030556
0 0.317383 0.351042 0.023047 0.029861
0 0.302734 0.404167 0.021875 0.027778
0 0.313867 0.392361 0.025391 0.033333
0 0.339453 0.392361 0.028906 0.031944
0 0.338477 0.367361 0.023828 0.023611
0 0.359180 0.386458 0.023828 0.029861
0 0.186719 0.984722 0.033594 0.030556
0 0.252539 0.867708 0.041797 0.052083
0 0.305273 0.852431 0.041797 0.056250
0 0.378125 0.694444 0.035937 0.041667
0 0.528711 0.465972 0.025391 0.034722
0 0.716992 0.977431 0.025391 0.045139
0 0.615430 0.986111 0.044141 0.027778
0 0.651563 0.959722 0.033594 0.056944
0 0.636914 0.755903 0.041016 0.049306
0 0.750586 0.850347 0.038672 0.045139
0 0.912695 0.881250 0.044922 0.056944
0 0.987500 0.772917 0.025000 0.040278
0 0.988477 0.750694 0.023047 0.029167
0 0.948633 0.750694 0.031641 0.036111
0 0.904883 0.718056 0.037109 0.034722
0 0.907422 0.697222 0.034375 0.036111
0 0.859570 0.685069 0.048828 0.057639
0 0.822852 0.714583 0.039453 0.036111
0 0.821484 0.621875 0.031250 0.040972
0 0.718555 0.637500 0.036328 0.037500
0 0.729492 0.627083 0.033984 0.040278
0 0.753320 0.620486 0.019922 0.028472
0 0.925000 0.415625 0.025000 0.025694
0 0.895703 0.481250 0.020313 0.031944
0 0.894336 0.398264 0.024609 0.034028
0 0.868164 0.444097 0.016797 0.036806
0 0.857422 0.362500 0.020313 0.020833
0 0.562109 0.548611 0.027344 0.045833
0 0.555469 0.510069 0.035937 0.054861
0 0.613867 0.446875 0.025391 0.032639
0 0.647852 0.445486 0.026953 0.029861
0 0.643945 0.373958 0.023047 0.029861
0 0.627539 0.339236 0.029297 0.035417
0 0.707812 0.366667 0.021094 0.030556
0 0.766406 0.297569 0.020313 0.022917
0 0.735938 0.305208 0.026562 0.042361
0 0.751563 0.251389 0.017969 0.027778
0 0.738867 0.242708 0.020703 0.025694
0 0.845313 0.135069 0.011719 0.020139
0 0.905078 0.139236 0.012500 0.017361
0 0.930664 0.093403 0.011328 0.018750
0 0.973047 0.045486 0.009375 0.017361
