2 0.790625 0.613542 0.116406 0.107639
2 0.756250 0.205208 0.038281 0.054861
2 0.232813 0.876389 0.078125 0.097222
2 0.123633 0.963542 0.101172 0.072917
1 0.422656 0.579861 0.052344 0.086111
1 0.541406 0.385417 0.064062 0.048611
1 0.688281 0.273611 0.025000 0.043056
1 0.785937 0.255556 0.019531 0.043056
1 0.853906 0.611806 0.058594 0.061111
0 0.208789 0.306944 0.022266 0.036111
0 0.301953 0.406250 0.024219 0.033333
0 0.358008 0.387153 0.026953 0.028472
0 0.191602 0.978819 0.031641 0.040972
0 0.231836 0.931597 0.037891 0.025694
0 0.288477 0.833681 0.030078 0.042361
0 0.293750 0.864583 0.039062 0.031944
0 0.325391 0.787847 0.029687 0.040972
1 0.344336 0.801736 0.048828 0.065972
0 0.365625 0.751389 0.032813 0.038889
0 0.384766 0.768750 0.032031 0.040278
0 0.400977 0.710069 0.030859 0.043750
0 0.415039 0.729167 0.030859 0.045833
0 0.316602 0.665972 0.023047 0.034722
0 0.324023 0.694444 0.034766 0.038889
0 0.454297 0.514236 0.031250 0.049306
0 0.517578 0.473264 0.025781 0.038194
0 0.538672 0.985764 0.041406 0.028472
0 0.617773 0.986458 0.041016 0.027083
0 0.652148 0.956944 0.035547 0.054167
0 0.715820 0.976389 0.023828 0.047222
0 0.654492 0.847222 0.031641 0.062500
0 0.619727 0.912500 0.030859 0.063889
0 0.636328 0.755903 0.039062 0.050694
0 0.681055 0.803472 0.019141 0.051389
0 0.750977 0.852083 0.037891 0.045833
0 0.990234 0.914931 0.019531 0.043750
0 0.603906 0.588542 0.028125 0.049306
0 0.594531 0.445139 0.017188 0.031944
0 0.559375 0.432639 0.022656 0.040278
0 0.590039 0.403472 0.022266 0.033333
0 0.601562 0.361458 0.019531 0.032639
0 0.634375 0.384375 0.020313 0.027083
0 0.639062 0.329514 0.023438 0.027083
0 0.954102 0.755556 0.034766 0.036111
0 0.904102 0.720139 0.037891 0.038889
0 0.858398 0.686806 0.044922 0.051389
0 0.829297 0.698611 0.035937 0.038889
0 0.811719 0.664236 0.033594 0.036806
0 0.758203 0.626042 0.034375 0.036806
0 0.737500 0.652778 0.038281 0.038889
0 0.895312 0.483333 0.018750 0.033333
0 0.926172 0.418750 0.022656 0.027778
0 0.893750 0.399653 0.025781 0.029861
0 0.867773 0.445833 0.018359 0.045833
0 0.856641 0.363889 0.021875 0.027778
2 0.830078 0.373264 0.062500 0.056250
0 0.820117 0.621528 0.030859 0.037500
0 0.790039 0.343056 0.013672 0.029167
0 0.762109 0.345833 0.017188 0.027778
0 0.718945 0.349306 0.015234 0.026389
0 0.640430 0.352431 0.023047 0.025694
0 0.696484 0.291319 0.021875 0.043750
0 0.723242 0.286111 0.017578 0.026389
0 0.720117 0.247222 0.015234 0.023611
0 0.768945 0.225694 0.014453 0.022222
0 0.784766 0.191667 0.013281 0.023611
0 0.796289 0.179514 0.013672 0.020139
0 0.814453 0.161806 0.015625 0.025000
0 0.821484 0.174306 0.014063 0.023611
0 0.829492 0.148958 0.014453 0.018750
0 0.845313 0.134375 0.013281 0.021528
0 0.940820 0.043056 0.011328 0.018056
0 0.922656 0.105208 0.010937 0.011806
