2 0.279883 0.328472 0.062109 0.079167
2 0.379102 0.765625 0.066797 0.074306
2 0.831836 0.378819 0.066797 0.071528
1 0.237109 0.296875 0.038281 0.059028
1 0.606836 0.380556 0.042578 0.061111
1 0.894336 0.081250 0.022266 0.037500
1 0.950586 0.026736 0.017578 0.028472
1 0.805859 0.187847 0.029687 0.039583
2 0.721875 0.639931 0.073438 0.084028
1 0.378516 0.593750 0.062500 0.077778
1 0.232813 0.939931 0.063281 0.056250
0 0.060352 0.977431 0.066016 0.045139
0 0.150586 0.987500 0.045703 0.025000
0 0.264258 0.740972 0.036328 0.058333
0 0.264258 0.854167 0.036328 0.045833
0 0.290039 0.878125 0.036328 0.045139
1 0.174414 0.293750 0.038672 0.044444
1 0.197070 0.314583 0.026172 0.038889
0 0.190430 0.289236 0.023828 0.029861
0 0.211523 0.307292 0.018359 0.034028
0 0.234180 0.323611 0.027734 0.044444
0 0.217578 0.335764 0.021875 0.032639
0 0.256250 0.342361 0.023438 0.031944
0 0.255469 0.299306 0.017188 0.020833
0 0.246289 0.357639 0.020703 0.031944
0 0.250000 0.387847 0.028125 0.036806
0 0.276172 0.355556 0.021875 0.027778
0 0.267578 0.369792 0.025000 0.040972
0 0.301367 0.339236 0.016797 0.020139
0 0.359766 0.329514 0.025000 0.025694
0 0.322266 0.360417 0.025000 0.033333
0 0.313086 0.367361 0.026172 0.033333
0 0.300781 0.380556 0.024219 0.027778
0 0.352148 0.380208 0.032422 0.042361
0 0.333984 0.391319 0.028906 0.035417
0 0.325195 0.402778 0.024609 0.037500
0 0.309766 0.414931 0.032813 0.040972
0 0.306250 0.811111 0.046875 0.056944
0 0.328516 0.827431 0.039844 0.050694
0 0.356641 0.750000 0.037500 0.051389
0 0.379492 0.699653 0.033984 0.040972
0 0.406055 0.700347 0.027734 0.047917
0 0.425977 0.709028 0.040234 0.050000
0 0.463086 0.540278 0.030078 0.044444
0 0.520312 0.448611 0.024219 0.047222
0 0.550781 0.446181 0.026562 0.035417
0 0.566797 0.399653 0.025000 0.042361
0 0.577539 0.468403 0.022266 0.052083
0 0.651758 0.364236 0.025391 0.034028
0 0.621875 0.393750 0.026562 0.036111
0 0.664062 0.303125 0.024219 0.031250
0 0.712305 0.270139 0.021484 0.031944
0 0.635938 0.756944 0.042188 0.058333
0 0.713672 0.973264 0.029687 0.053472
0 0.749023 0.847569 0.044141 0.064583
0 0.962891 0.732639 0.035937 0.051389
0 0.912305 0.702778 0.035547 0.047222
0 0.888086 0.711806 0.032422 0.047222
0 0.854688 0.666667 0.035156 0.048611
0 0.835938 0.675000 0.033594 0.047222
0 0.822852 0.616667 0.036328 0.044444
0 0.809766 0.627083 0.038281 0.048611
0 0.792773 0.647917 0.030859 0.052778
0 0.774414 0.589583 0.039453 0.044444
0 0.764648 0.603125 0.041797 0.047917
0 0.752148 0.618056 0.038672 0.048611
0 0.894922 0.482986 0.018750 0.043750
0 0.925781 0.414236 0.018750 0.029861
0 0.894922 0.399653 0.029687 0.031250
0 0.868164 0.446875 0.022266 0.052083
0 0.857422 0.360764 0.026562 0.027083
0 0.675000 0.444444 0.021875 0.033333
0 0.754687 0.240972 0.025000 0.036111
0 0.755469 0.216319 0.017969 0.027083
0 0.788477 0.183681 0.011328 0.021528
0 0.825000 0.166667 0.017969 0.023611
0 0.826367 0.149653 0.012109 0.017361
0 0.842578 0.153819 0.014844 0.022917
0 0.860156 0.121875 0.013281 0.022917
0 0.867773 0.110417 0.008984 0.022222
0 0.875000 0.102778 0.012500 0.015278
0 0.868359 0.125000 0.011719 0.018056
0 0.880664 0.115625 0.015234 0.018750
0 0.885547 0.098264 0.010937 0.015972
0 0.907813 0.089236 0.012500 0.017361
0 0.904102 0.078125 0.008984 0.014583
0 0.912305 0.086806 0.008203 0.012500
0 0.918945 0.077778 0.012891 0.016667
0 0.914844 0.067014 0.005469 0.013194
0 0.925781 0.074653 0.010156 0.013194
0 0.935547 0.049653 0.009375 0.013194
0 0.940820 0.043750 0.015234 0.013889
0 0.967187 0.031250 0.009375 0.015278
0 0.978906 0.017708 0.010156 0.013194
