2 0.704883 0.588889 0.080859 0.087500
2 0.361328 0.780903 0.082031 0.117361
2 0.302734 0.801042 0.089063 0.115972
2 0.700781 0.374653 0.037500 0.072917
1 0.621680 0.339236 0.027734 0.047917
2 0.905273 0.415972 0.046484 0.045833
1 0.228320 0.893056 0.051953 0.070833
0 0.054492 0.194792 0.016797 0.021528
0 0.125781 0.251736 0.019531 0.025694
0 0.224609 0.318056 0.021094 0.027778
0 0.322266 0.357292 0.021875 0.029861
0 0.347461 0.376736 0.026172 0.034028
0 0.385937 0.405903 0.028125 0.035417
0 0.391602 0.434028 0.026953 0.040278
0 0.427344 0.431597 0.029687 0.035417
0 0.481250 0.457292 0.035156 0.034028
0 0.525586 0.487500 0.037891 0.036111
0 0.561523 0.464583 0.033984 0.027778
0 0.441016 0.468056 0.030469 0.037500
0 0.465039 0.534722 0.033984 0.040278
0 0.514844 0.557986 0.036719 0.038194
0 0.579883 0.554861 0.041016 0.036111
0 0.378906 0.695139 0.035937 0.040278
0 0.416406 0.691319 0.035156 0.042361
0 0.418750 0.725694 0.033594 0.041667
0 0.627344 0.987847 0.022656 0.024306
0 0.649609 0.960417 0.040625 0.065278
0 0.717578 0.976736 0.025000 0.046528
0 0.751953 0.851042 0.038281 0.050694
0 0.636328 0.754861 0.040625 0.048611
0 0.831836 0.668403 0.041016 0.043750
0 0.883984 0.680556 0.040625 0.047222
0 0.761719 0.600694 0.041406 0.040278
0 0.690234 0.622222 0.035937 0.040278
0 0.892383 0.394097 0.022266 0.025694
0 0.895312 0.481597 0.018750 0.036806
0 0.868555 0.443056 0.018359 0.040278
0 0.857422 0.362847 0.022656 0.029861
0 0.848047 0.373264 0.028906 0.031250
0 0.830273 0.352778 0.023828 0.030556
0 0.934570 0.061111 0.012109 0.018056
0 0.879297 0.120139 0.015625 0.018056
0 0.867969 0.164931 0.015625 0.024306
0 0.842969 0.149653 0.014844 0.020139
0 0.846484 0.188889 0.015625 0.023611
0 0.817187 0.216667 0.020313 0.025000
0 0.732422 0.274306 0.017969 0.023611
0 0.731250 0.257639 0.019531 0.027778
0 0.702734 0.265625 0.017188 0.025694
0 0.713086 0.274306 0.015234 0.023611
0 0.720508 0.292708 0.018359 0.027083
0 0.686719 0.280556 0.016406 0.022222
0 0.697461 0.286458 0.017578 0.021528
0 0.696289 0.310069 0.021484 0.036806
0 0.667773 0.292014 0.015234 0.025694
0 0.679883 0.307986 0.017578 0.025694
0 0.680273 0.332639 0.020703 0.027778
0 0.658008 0.309028 0.018359 0.026389
0 0.663477 0.326389 0.017578 0.025000
0 0.660742 0.350694 0.020703 0.029167
0 0.633984 0.348611 0.022656 0.036111
0 0.643359 0.371528 0.020313 0.027778
