1 0.874805 0.661458 0.074609 0.081250
1 0.901367 0.714583 0.060547 0.070833
1 0.227930 0.892361 0.056641 0.069444
1 0.325000 0.686458 0.067187 0.074306
1 0.622266 0.340972 0.032813 0.051389
2 0.908203 0.453472 0.046875 0.061111
2 0.314844 0.790278 0.083594 0.120833
2 0.358984 0.780556 0.084375 0.123611
0 0.175586 0.274653 0.022266 0.039583
0 0.214062 0.310417 0.021094 0.033333
0 0.235547 0.329861 0.022656 0.027778
0 0.263867 0.349306 0.019922 0.029167
0 0.282813 0.365972 0.025000 0.038889
0 0.274023 0.379167 0.021484 0.034722
0 0.267969 0.398611 0.025781 0.033333
0 0.290625 0.421875 0.024219 0.032639
0 0.304297 0.410069 0.025000 0.038194
0 0.318750 0.401042 0.023438 0.029861
0 0.156055 0.978472 0.044141 0.043056
0 0.283984 0.880903 0.038281 0.038194
0 0.231445 0.945833 0.042578 0.026389
0 0.378711 0.727431 0.032422 0.027083
0 0.416406 0.692708 0.029687 0.040972
0 0.417773 0.726736 0.033984 0.042361
0 0.476562 0.571875 0.024219 0.043750
0 0.574805 0.502778 0.017578 0.043056
0 0.608594 0.407292 0.023438 0.032639
0 0.650195 0.956597 0.042578 0.059028
0 0.635742 0.754514 0.037891 0.052083
0 0.716211 0.976736 0.020703 0.046528
0 0.751758 0.849306 0.038672 0.054167
0 0.942969 0.721181 0.036719 0.053472
0 0.983594 0.923264 0.032813 0.042361
0 0.802734 0.651389 0.035156 0.036111
0 0.806836 0.628125 0.037109 0.038194
0 0.734570 0.631250 0.029297 0.038889
0 0.753516 0.619097 0.033594 0.035417
0 0.760742 0.599653 0.034766 0.035417
0 0.893945 0.481597 0.019922 0.032639
0 0.926172 0.415625 0.025000 0.024306
0 0.893945 0.397569 0.023828 0.031250
0 0.846875 0.373264 0.027344 0.027083
0 0.857617 0.365278 0.022266 0.031944
0 0.829883 0.351736 0.019922 0.029861
0 0.980859 0.010069 0.011719 0.018750
0 0.958008 0.025694 0.011328 0.016667
0 0.981836 0.050000 0.011328 0.016667
0 0.926953 0.068403 0.012500 0.020139
0 0.941211 0.082639 0.012891 0.018056
0 0.953125 0.077778 0.014063 0.016667
0 0.932617 0.091667 0.009766 0.015278
0 0.923828 0.104167 0.010937 0.018056
0 0.890234 0.102431 0.014063 0.022917
0 0.634961 0.350694 0.024609 0.037500
0 0.639062 0.372569 0.021875 0.028472
0 0.654883 0.314236 0.018359 0.024306
0 0.664844 0.326736 0.020313 0.029861
0 0.668555 0.294097 0.016797 0.024306
0 0.680078 0.309722 0.020313 0.029167
0 0.685742 0.323611 0.023047 0.034722
0 0.687500 0.282292 0.017188 0.025694
0 0.698242 0.289236 0.017578 0.029861
0 0.702734 0.264236 0.017969 0.024306
0 0.712500 0.276389 0.019531 0.025000
0 0.721289 0.292014 0.019141 0.024306
0 0.720703 0.246528 0.018750 0.025000
0 0.730273 0.257292 0.018359 0.024306
0 0.732812 0.274306 0.015625 0.023611
0 0.742773 0.229167 0.018359 0.025000
0 0.743750 0.244444 0.017188 0.020833
0 0.749805 0.260069 0.017578 0.024306
0 0.759961 0.227083 0.016797 0.025000
0 0.765039 0.242361 0.017578 0.023611
0 0.705859 0.364931 0.024219 0.038194
0 0.791016 0.247917 0.020313 0.027778
0 0.816602 0.238889 0.018359 0.022222
0 0.834180 0.201389 0.016016 0.020833
0 0.854883 0.125000 0.016797 0.022222
0 0.872266 0.125000 0.014063 0.018056
0 0.876563 0.109028 0.012500 0.019444
0 0.843164 0.149306 0.016016 0.018056
0 0.863477 0.166667 0.014453 0.020833
0 0.882617 0.165972 0.012891 0.015278
0 0.883008 0.145486 0.013672 0.018750
0 0.905273 0.139236 0.016016 0.018750
