2 0.459375 0.365625 0.077344 0.071528
2 0.794141 0.615972 0.121875 0.115278
2 0.975000 0.778125 0.050000 0.082639
2 0.831836 0.376389 0.061328 0.050000
2 0.231250 0.880556 0.078125 0.102778
2 0.121875 0.963542 0.107031 0.072917
1 0.084180 0.128472 0.030078 0.033333
1 0.235742 0.239236 0.033203 0.039583
1 0.344141 0.801389 0.049219 0.069444
1 0.895117 0.136458 0.020703 0.032639
1 0.950000 0.067361 0.014844 0.026389
0 0.005664 0.116319 0.010547 0.020139
0 0.006641 0.148611 0.012500 0.019444
0 0.034180 0.142708 0.014453 0.020139
0 0.061719 0.180556 0.015625 0.020833
0 0.120508 0.198958 0.016016 0.021528
0 0.113281 0.222222 0.022656 0.040278
0 0.178125 0.245833 0.021094 0.023611
0 0.188867 0.270833 0.018359 0.023611
0 0.269531 0.251042 0.017969 0.018750
0 0.274609 0.337847 0.025000 0.028472
0 0.273047 0.380903 0.021094 0.034028
0 0.252539 0.383681 0.023047 0.029861
0 0.284961 0.366319 0.020703 0.031250
0 0.302344 0.405208 0.021094 0.032639
0 0.313867 0.393750 0.024609 0.030556
0 0.339258 0.367708 0.023828 0.028472
0 0.360352 0.389236 0.023828 0.029861
0 0.192578 0.978125 0.036719 0.043750
0 0.234375 0.934722 0.043750 0.029167
0 0.292969 0.864931 0.039062 0.034028
0 0.288086 0.836111 0.033984 0.045833
0 0.325000 0.787153 0.032813 0.042361
0 0.368555 0.746181 0.033203 0.039583
0 0.391992 0.756250 0.033203 0.040278
0 0.366211 0.636458 0.029297 0.039583
0 0.408594 0.700694 0.030469 0.044444
0 0.423242 0.720833 0.031641 0.036111
0 0.715820 0.978125 0.024609 0.043750
0 0.647461 0.873611 0.033984 0.052778
0 0.636914 0.755903 0.042578 0.045139
0 0.579297 0.954167 0.042969 0.063889
0 0.616406 0.986111 0.041406 0.027778
0 0.651563 0.960764 0.031250 0.057639
0 0.750586 0.852431 0.036328 0.045139
0 0.988281 0.746528 0.023438 0.022222
0 0.947266 0.748264 0.022656 0.031250
0 0.904492 0.718403 0.034766 0.039583
0 0.909180 0.693750 0.037891 0.034722
0 0.859375 0.683681 0.044531 0.053472
0 0.811523 0.660764 0.036328 0.036806
0 0.820117 0.620833 0.030859 0.036111
0 0.760156 0.623264 0.032813 0.032639
0 0.718555 0.638194 0.033984 0.041667
0 0.730078 0.628125 0.032031 0.038194
0 0.894922 0.481250 0.017969 0.031944
0 0.924805 0.415278 0.019141 0.019444
0 0.894141 0.399653 0.025000 0.027083
0 0.867773 0.445139 0.017578 0.040278
0 0.855859 0.363194 0.023438 0.031944
0 0.565234 0.379167 0.028125 0.029167
0 0.650000 0.317014 0.025000 0.034028
0 0.696484 0.294097 0.017969 0.025694
0 0.715625 0.253125 0.020313 0.022917
0 0.758008 0.212500 0.012109 0.025000
0 0.829492 0.201042 0.015234 0.022917
0 0.834961 0.218403 0.014453 0.021528
0 0.831445 0.147222 0.014453 0.018056
0 0.861719 0.133333 0.014063 0.019444
0 0.927734 0.114236 0.011719 0.017361
0 0.919531 0.077431 0.007812 0.015972
0 0.915039 0.068750 0.010547 0.015278
