2 0.796094 0.654167 0.088281 0.105556
2 0.794336 0.610069 0.118359 0.107639
2 0.838477 0.377083 0.050391 0.044444
2 0.677539 0.278819 0.046484 0.065972
2 0.902539 0.135764 0.026172 0.040972
2 0.895508 0.123958 0.017578 0.031250
1 0.586914 0.511111 0.047266 0.068056
0 0.175000 0.297222 0.018750 0.025000
0 0.193945 0.308681 0.019922 0.032639
0 0.217383 0.310417 0.019922 0.033333
0 0.227734 0.342708 0.021094 0.028472
0 0.236523 0.328125 0.017578 0.032639
0 0.253711 0.303125 0.019922 0.028472
0 0.272656 0.317708 0.023438 0.032639
0 0.258008 0.338194 0.030859 0.047222
0 0.255469 0.365972 0.022656 0.025000
0 0.249609 0.384722 0.025000 0.027778
0 0.279102 0.383333 0.023047 0.030556
0 0.284180 0.367361 0.022266 0.031944
0 0.287891 0.348611 0.021094 0.030556
0 0.293750 0.332986 0.023438 0.028472
0 0.318555 0.351389 0.020703 0.023611
0 0.308203 0.364583 0.027344 0.034722
0 0.314453 0.393403 0.023438 0.029861
0 0.301758 0.403819 0.026172 0.034028
0 0.338867 0.389931 0.027734 0.032639
0 0.339453 0.369792 0.024219 0.031250
0 0.360547 0.387500 0.025781 0.031944
0 0.168555 0.855556 0.038672 0.047222
0 0.364648 0.786806 0.037109 0.037500
0 0.379102 0.693403 0.034766 0.039583
0 0.479492 0.645139 0.034766 0.047222
0 0.488086 0.601736 0.028516 0.035417
0 0.520898 0.381250 0.042578 0.034722
0 0.548633 0.443056 0.026172 0.034722
0 0.717578 0.978125 0.024219 0.043750
0 0.641211 0.966319 0.041016 0.050694
0 0.690820 0.876042 0.029297 0.057639
0 0.750781 0.848611 0.036719 0.045833
0 0.638086 0.756944 0.043359 0.045833
0 0.986914 0.775347 0.026172 0.043750
0 0.988086 0.750694 0.023828 0.026389
0 0.965234 0.690972 0.035937 0.038889
0 0.949023 0.750694 0.034766 0.033333
0 0.904492 0.719097 0.034766 0.036806
0 0.907813 0.698264 0.035156 0.034028
0 0.859180 0.684375 0.044141 0.054861
0 0.820117 0.621875 0.030078 0.040972
0 0.717773 0.638889 0.033984 0.038889
0 0.729492 0.628472 0.033203 0.034722
0 0.754687 0.619097 0.025000 0.025694
0 0.894531 0.480556 0.017969 0.034722
0 0.925586 0.417014 0.024609 0.022917
0 0.893945 0.398611 0.025391 0.030556
0 0.868555 0.445833 0.017578 0.045833
0 0.857617 0.362500 0.020703 0.020833
0 0.590820 0.473264 0.024609 0.029861
0 0.642578 0.372222 0.018750 0.027778
0 0.674805 0.336111 0.018359 0.029167
0 0.702344 0.342708 0.027344 0.042361
0 0.714844 0.360069 0.023438 0.032639
0 0.741211 0.236458 0.016797 0.027083
0 0.755469 0.285417 0.015625 0.027778
0 0.773242 0.289236 0.016797 0.025694
0 0.822656 0.225694 0.015625 0.027778
0 0.841797 0.185417 0.021094 0.036111
0 0.864453 0.183681 0.014844 0.022917
0 0.972461 0.062847 0.010547 0.017361
0 0.981641 0.041667 0.010156 0.019444
0 0.971680 0.021875 0.009766 0.018750
0 0.990234 0.006597 0.007031 0.010417
