2 0.932813 0.493403 0.039844 0.049306
1 0.876367 0.660764 0.073047 0.084028
1 0.914453 0.761806 0.073438 0.075000
1 0.900586 0.712153 0.057422 0.061806
1 0.227539 0.892361 0.052734 0.070833
1 0.621680 0.340278 0.027734 0.050000
2 0.915234 0.124306 0.019531 0.038889
2 0.434766 0.540972 0.079687 0.093056
2 0.312305 0.789583 0.080078 0.119444
2 0.358398 0.783681 0.085547 0.124306
0 0.017969 0.146181 0.015625 0.027083
0 0.017578 0.160417 0.016406 0.022222
0 0.056836 0.193056 0.017578 0.025000
0 0.138477 0.266319 0.021484 0.029861
0 0.211133 0.273611 0.021484 0.033333
0 0.248828 0.337153 0.025000 0.039583
0 0.342383 0.373264 0.024609 0.031250
0 0.393164 0.411458 0.025391 0.034028
0 0.290820 0.422222 0.024609 0.034722
0 0.306250 0.409722 0.026562 0.034722
0 0.318750 0.401389 0.024219 0.036111
0 0.340430 0.393056 0.028516 0.031944
0 0.323242 0.673611 0.037891 0.043056
0 0.377734 0.694792 0.033594 0.046528
0 0.418555 0.692014 0.037109 0.040972
0 0.417383 0.725000 0.034766 0.040278
0 0.284961 0.879861 0.037109 0.033333
0 0.155273 0.979167 0.048828 0.041667
0 0.965820 0.055208 0.012891 0.020139
0 0.917578 0.070139 0.013281 0.018056
0 0.853711 0.128472 0.017578 0.023611
0 0.833594 0.197569 0.016406 0.017361
0 0.833203 0.221875 0.017969 0.025694
0 0.796289 0.240625 0.021484 0.025694
0 0.784961 0.275000 0.017578 0.025000
0 0.747266 0.297222 0.018750 0.026389
0 0.698828 0.351042 0.020313 0.022917
0 0.701367 0.375000 0.023828 0.034722
0 0.656445 0.404514 0.025391 0.031250
0 0.604883 0.440625 0.036328 0.027083
0 0.706641 0.505208 0.032031 0.043750
0 0.716602 0.975000 0.024609 0.050000
0 0.652344 0.953125 0.039844 0.054861
0 0.628906 0.989236 0.022656 0.021528
0 0.637305 0.754861 0.039453 0.045833
0 0.750195 0.850000 0.034766 0.048611
0 0.926172 0.414931 0.025000 0.024306
0 0.894336 0.480208 0.018359 0.032639
0 0.867578 0.446181 0.014063 0.046528
0 0.895508 0.397569 0.028516 0.032639
0 0.847656 0.373264 0.028125 0.027083
0 0.856250 0.362847 0.022656 0.032639
0 0.831836 0.351736 0.024609 0.032639
0 0.828711 0.605903 0.037109 0.043750
0 0.806836 0.627083 0.037109 0.041667
0 0.803906 0.652778 0.032813 0.041667
0 0.758203 0.557639 0.033594 0.038889
0 0.762305 0.601042 0.036328 0.038194
0 0.753320 0.620486 0.037109 0.040972
0 0.770898 0.218403 0.022266 0.025694
0 0.743555 0.243750 0.017578 0.029167
0 0.749414 0.259722 0.018359 0.023611
0 0.728320 0.256944 0.019141 0.026389
0 0.734375 0.275347 0.015625 0.025694
0 0.702734 0.263542 0.017188 0.027083
0 0.713477 0.277083 0.016797 0.025000
0 0.721680 0.293750 0.018359 0.029167
0 0.687109 0.281250 0.015625 0.023611
0 0.698633 0.287153 0.017578 0.027083
0 0.696680 0.312847 0.021484 0.035417
0 0.668359 0.292361 0.016406 0.023611
0 0.679297 0.308681 0.018750 0.027083
0 0.679883 0.331944 0.019922 0.031944
0 0.658398 0.309722 0.021484 0.025000
0 0.662305 0.328472 0.021484 0.025000
0 0.661523 0.353125 0.021484 0.027083
0 0.635352 0.350347 0.028516 0.036806
0 0.643945 0.374306 0.023828 0.034722
