2 0.794531 0.619444 0.118750 0.115278
2 0.820898 0.222222 0.032422 0.048611
2 0.765820 0.197222 0.037109 0.047222
2 0.829688 0.371875 0.065625 0.052083
1 0.345313 0.803125 0.046094 0.070139
1 0.675195 0.401042 0.038672 0.060417
1 0.662695 0.345139 0.023047 0.045833
1 0.647852 0.330903 0.032422 0.054861
1 0.650391 0.303472 0.040625 0.052778
1 0.718164 0.244444 0.027734 0.040278
0 0.331250 0.363194 0.024219 0.027778
0 0.400977 0.423264 0.026953 0.034028
0 0.466211 0.455556 0.030859 0.036111
0 0.148828 0.853819 0.039062 0.052083
0 0.070312 0.958681 0.038281 0.052083
2 0.113672 0.980903 0.065625 0.038194
0 0.190430 0.979861 0.040234 0.040278
0 0.230859 0.935417 0.042969 0.036111
0 0.289258 0.834722 0.037109 0.040278
0 0.293359 0.864583 0.040625 0.038889
0 0.325781 0.786458 0.034375 0.038194
0 0.364648 0.748264 0.031641 0.035417
0 0.385742 0.767014 0.034766 0.036806
0 0.416406 0.729514 0.032813 0.038194
0 0.396094 0.713542 0.032813 0.047917
0 0.378711 0.696528 0.033984 0.040278
0 0.541992 0.981944 0.046484 0.036111
0 0.615234 0.985069 0.043750 0.025694
0 0.651172 0.954861 0.033594 0.066667
0 0.716016 0.976736 0.023438 0.046528
0 0.620703 0.907986 0.030469 0.063194
0 0.653125 0.847569 0.032031 0.070139
0 0.681641 0.793750 0.020313 0.056944
0 0.634961 0.756597 0.041797 0.056250
0 0.750195 0.849306 0.037891 0.050000
0 0.909570 0.655903 0.030078 0.039583
0 0.820898 0.620139 0.029297 0.043056
0 0.536133 0.460764 0.034766 0.028472
0 0.589844 0.460417 0.030469 0.033333
0 0.633008 0.430903 0.023828 0.034028
0 0.894141 0.480208 0.020313 0.034028
0 0.924805 0.416667 0.022266 0.025000
0 0.892773 0.396875 0.025391 0.032639
0 0.868750 0.446875 0.019531 0.042361
0 0.857227 0.365278 0.021484 0.026389
0 0.695508 0.353819 0.017578 0.025694
0 0.707812 0.370486 0.018750 0.027083
0 0.740820 0.333681 0.019141 0.024306
0 0.638867 0.373958 0.024609 0.040972
0 0.622070 0.369097 0.019922 0.029861
0 0.608203 0.359375 0.016406 0.027083
0 0.623437 0.341319 0.019531 0.029861
0 0.683594 0.331250 0.018750 0.029167
0 0.671484 0.314583 0.014844 0.025000
0 0.676367 0.284722 0.016797 0.025000
0 0.688867 0.303819 0.016797 0.029861
0 0.705078 0.302778 0.017969 0.036111
0 0.778711 0.260764 0.016797 0.021528
0 0.699219 0.269792 0.017969 0.018750
0 0.706836 0.279861 0.020703 0.025000
0 0.753125 0.253819 0.016406 0.022917
0 0.736328 0.229861 0.016406 0.025000
0 0.770703 0.230903 0.013281 0.027083
0 0.791016 0.185069 0.014844 0.020139
0 0.800391 0.194444 0.015625 0.025000
0 0.813672 0.184028 0.014063 0.026389
0 0.825195 0.171181 0.015234 0.021528
0 0.844531 0.146875 0.015625 0.028472
0 0.863086 0.119444 0.012109 0.018056
1 0.914648 0.069444 0.012891 0.022222
0 0.935742 0.108333 0.011328 0.020833
0 0.949219 0.076389 0.012500 0.019444
0 0.952148 0.042014 0.009766 0.014583
0 0.976367 0.062847 0.008984 0.013194
0 0.970117 0.016319 0.009766 0.015972
0 0.992969 0.026389 0.010937 0.013889
0 0.789062 0.340625 0.017969 0.031250
