2 0.792578 0.613542 0.121875 0.110417
2 0.831055 0.368056 0.070703 0.050000
2 0.771875 0.286806 0.047656 0.069444
2 0.770898 0.194444 0.036328 0.055556
1 0.344141 0.800347 0.054688 0.071528
1 0.635156 0.445833 0.047656 0.062500
1 0.661328 0.345139 0.030469 0.059722
1 0.649219 0.329861 0.038281 0.059722
1 0.649609 0.304167 0.042969 0.061111
1 0.716602 0.244097 0.027734 0.039583
0 0.295508 0.335417 0.025391 0.036111
0 0.346289 0.378819 0.028516 0.038194
0 0.398242 0.417014 0.027734 0.031250
0 0.456250 0.448611 0.035156 0.036111
0 0.238477 0.748264 0.038672 0.047917
0 0.226172 0.797569 0.035156 0.043750
0 0.288867 0.836111 0.035547 0.047222
0 0.224023 0.941319 0.059766 0.056250
0 0.294531 0.868056 0.042188 0.045833
0 0.324414 0.788542 0.033984 0.039583
0 0.363867 0.748611 0.033203 0.044444
0 0.340820 0.669097 0.036328 0.049306
0 0.378320 0.696875 0.033203 0.049306
0 0.396289 0.716667 0.035547 0.050000
0 0.416406 0.731250 0.031250 0.043056
0 0.381055 0.770486 0.031641 0.040972
0 0.538086 0.472569 0.033984 0.032639
0 0.588477 0.476042 0.031641 0.039583
0 0.690625 0.395139 0.020313 0.030556
0 0.681641 0.433681 0.016406 0.027083
0 0.544531 0.981944 0.042188 0.036111
0 0.615820 0.986458 0.044922 0.027083
0 0.715820 0.976736 0.027734 0.046528
0 0.750195 0.850000 0.037109 0.048611
0 0.683008 0.790625 0.017578 0.050694
0 0.635742 0.756597 0.040234 0.045139
0 0.654297 0.844792 0.032031 0.071528
0 0.617969 0.912153 0.032813 0.064583
0 0.818359 0.618056 0.035156 0.048611
0 0.894531 0.478819 0.019531 0.031250
0 0.924805 0.415972 0.023828 0.025000
0 0.892773 0.396181 0.025391 0.036806
0 0.867578 0.444792 0.017969 0.043750
0 0.859180 0.363542 0.024609 0.027083
0 0.714453 0.335417 0.022656 0.029167
0 0.638281 0.374653 0.024219 0.042361
0 0.621875 0.371181 0.020313 0.034028
0 0.609961 0.361806 0.017578 0.027778
0 0.622852 0.339931 0.020703 0.035417
0 0.683008 0.329514 0.019922 0.031250
0 0.672266 0.315625 0.016406 0.029861
0 0.677539 0.286111 0.018359 0.029167
0 0.687305 0.300694 0.019922 0.026389
0 0.706445 0.302778 0.020703 0.033333
0 0.723437 0.287500 0.019531 0.027778
0 0.706250 0.279167 0.017969 0.025000
0 0.697070 0.268750 0.018359 0.023611
0 0.738086 0.269097 0.016016 0.027083
0 0.751953 0.254514 0.017969 0.027083
0 0.737109 0.232292 0.018750 0.027083
0 0.769922 0.232986 0.017969 0.032639
0 0.783789 0.214931 0.015234 0.022917
0 0.800977 0.195486 0.018359 0.024306
0 0.795117 0.177431 0.015234 0.024306
0 0.813086 0.185764 0.014453 0.021528
0 0.825977 0.170833 0.013672 0.025000
0 0.876172 0.116667 0.019531 0.029167
0 0.892773 0.157292 0.012891 0.024306
0 0.903516 0.126389 0.014063 0.019444
0 0.896289 0.087153 0.012109 0.018750
0 0.941797 0.044097 0.016406 0.027083
0 0.956445 0.066319 0.011328 0.020139
0 0.935547 0.106944 0.012500 0.018056
0 0.790234 0.342708 0.016406 0.028472
