2 0.411133 0.562153 0.080078 0.092361
2 0.833789 0.371181 0.072266 0.064583
2 0.379297 0.762500 0.063281 0.076389
1 0.149805 0.233333 0.041797 0.048611
1 0.199023 0.314583 0.033203 0.048611
1 0.114258 0.242014 0.037109 0.038194
2 0.239258 0.300000 0.052734 0.084722
2 0.781641 0.681250 0.075000 0.083333
1 0.307422 0.807986 0.050781 0.052083
1 0.235156 0.940625 0.066406 0.074306
1 0.621484 0.343403 0.038281 0.053472
1 0.744531 0.233333 0.034375 0.048611
1 0.846680 0.143750 0.021484 0.036111
1 0.896484 0.081944 0.035156 0.041667
1 0.972461 0.011806 0.017578 0.022222
0 0.208398 0.210764 0.021484 0.027083
0 0.191406 0.290278 0.017969 0.025000
0 0.213086 0.304861 0.022266 0.027778
0 0.234375 0.321875 0.031250 0.045139
0 0.258984 0.304861 0.018750 0.027778
0 0.274609 0.317361 0.020313 0.033333
0 0.297461 0.338542 0.019922 0.029861
0 0.219336 0.336806 0.019141 0.033333
0 0.325195 0.356597 0.026172 0.028472
0 0.348047 0.379514 0.031250 0.038194
0 0.313086 0.368750 0.019141 0.027778
0 0.337305 0.386806 0.026172 0.037500
0 0.258008 0.345486 0.020703 0.029861
0 0.275391 0.359375 0.021875 0.032639
0 0.299805 0.382292 0.026172 0.032639
0 0.322070 0.401042 0.030078 0.036806
0 0.246484 0.356250 0.021875 0.033333
0 0.270313 0.374306 0.021875 0.027778
0 0.307031 0.412153 0.025781 0.036806
0 0.255078 0.384722 0.028125 0.037500
0 0.494922 0.477778 0.028125 0.043056
0 0.494141 0.511806 0.027344 0.045833
0 0.558594 0.440278 0.028125 0.041667
0 0.339258 0.670139 0.045703 0.058333
0 0.104102 0.928125 0.039453 0.060417
0 0.262695 0.856944 0.045703 0.051389
0 0.287305 0.877778 0.045703 0.055556
0 0.330078 0.828125 0.043750 0.053472
0 0.351562 0.756944 0.039844 0.050000
0 0.377344 0.697917 0.035156 0.044444
0 0.405859 0.698958 0.029687 0.054861
0 0.426172 0.710417 0.037500 0.045833
0 0.625781 0.909375 0.039844 0.070139
0 0.717383 0.977083 0.037109 0.045833
0 0.749805 0.806944 0.046484 0.052778
0 0.748242 0.852083 0.051172 0.051389
0 0.979883 0.945139 0.040234 0.066667
0 0.635938 0.752778 0.053125 0.051389
0 0.752344 0.616667 0.035156 0.043056
0 0.765820 0.602083 0.031641 0.045833
0 0.776172 0.585069 0.033594 0.039583
0 0.791992 0.642361 0.036328 0.038889
0 0.808594 0.626389 0.041406 0.054167
0 0.821094 0.615278 0.029687 0.041667
0 0.832812 0.675000 0.030469 0.052778
0 0.854492 0.666319 0.036328 0.046528
0 0.890430 0.712500 0.036328 0.048611
0 0.910352 0.700347 0.038672 0.052083
0 0.962695 0.735764 0.040234 0.050694
0 0.894531 0.483681 0.024219 0.045139
0 0.927930 0.421528 0.030078 0.031944
0 0.892969 0.396875 0.027344 0.035417
0 0.867383 0.445833 0.023828 0.054167
0 0.858008 0.362153 0.026172 0.031250
0 0.583008 0.378819 0.028516 0.029861
0 0.616797 0.374653 0.025000 0.032639
0 0.667578 0.322917 0.025000 0.029167
0 0.696680 0.293750 0.021484 0.031944
0 0.717969 0.244792 0.019531 0.032639
0 0.718750 0.265625 0.026562 0.029861
0 0.766797 0.210069 0.020313 0.025694
0 0.770703 0.235069 0.017969 0.031250
0 0.795703 0.204167 0.015625 0.023611
0 0.810742 0.190278 0.016797 0.027778
0 0.790430 0.184722 0.013672 0.020833
0 0.804297 0.168056 0.014063 0.026389
0 0.815625 0.156944 0.014063 0.020833
0 0.828711 0.167708 0.013672 0.025694
0 0.831641 0.144097 0.014063 0.022917
0 0.848242 0.127778 0.014453 0.020833
0 0.863867 0.132639 0.011328 0.016667
0 0.871875 0.112153 0.017188 0.021528
0 0.876953 0.123958 0.014063 0.021528
0 0.884766 0.097222 0.010937 0.013889
0 0.892773 0.104514 0.012109 0.013194
0 0.909180 0.090625 0.014453 0.018750
0 0.913867 0.072222 0.012891 0.018056
0 0.919531 0.078125 0.011719 0.018750
0 0.927734 0.072917 0.010937 0.019444
0 0.937305 0.049653 0.010547 0.015972
0 0.942383 0.042014 0.010547 0.014583
0 0.413281 0.602431 0.032813 0.046528
