2 0.760742 0.628472 0.086328 0.094444
2 0.783594 0.560764 0.072656 0.081250
2 0.846289 0.379861 0.047266 0.043056
2 0.358594 0.780903 0.082031 0.117361
2 0.298047 0.810069 0.083594 0.117361
1 0.227344 0.894792 0.050000 0.074306
1 0.622070 0.339236 0.026953 0.047917
1 0.055859 0.110764 0.019531 0.022917
0 0.016406 0.157292 0.012500 0.020139
0 0.044531 0.166319 0.015625 0.020139
0 0.318164 0.353125 0.023047 0.031250
0 0.339258 0.370833 0.026172 0.034722
0 0.361328 0.387153 0.021875 0.032639
0 0.388086 0.408333 0.027734 0.036111
0 0.414258 0.427431 0.026953 0.031250
0 0.439844 0.446875 0.025000 0.032639
0 0.381836 0.425347 0.023828 0.039583
0 0.404102 0.444097 0.024609 0.035417
0 0.439648 0.470139 0.031641 0.038889
0 0.155078 0.977431 0.045312 0.043750
0 0.379297 0.692708 0.034375 0.035417
0 0.377148 0.722569 0.026953 0.020139
0 0.416406 0.692014 0.031250 0.039583
0 0.418359 0.726389 0.032813 0.040278
0 0.956055 0.732986 0.037109 0.042361
0 0.626367 0.986806 0.023828 0.026389
0 0.650000 0.958681 0.039844 0.059028
0 0.715820 0.976389 0.023828 0.047222
0 0.751367 0.848264 0.041016 0.046528
0 0.636914 0.753125 0.040234 0.049306
0 0.647070 0.589583 0.035547 0.036111
0 0.719531 0.643056 0.036719 0.040278
0 0.610547 0.564236 0.039062 0.039583
0 0.599805 0.535764 0.032422 0.034028
0 0.979297 0.015278 0.009375 0.016667
0 0.987891 0.034028 0.008594 0.015278
0 0.920508 0.071528 0.013672 0.016667
0 0.946875 0.091667 0.012500 0.016667
0 0.793164 0.195833 0.017578 0.030556
0 0.892383 0.397569 0.024609 0.028472
0 0.925391 0.415625 0.022656 0.025694
0 0.895117 0.479861 0.020703 0.031944
0 0.870117 0.446528 0.015234 0.040278
0 0.857617 0.361458 0.021484 0.025694
0 0.731250 0.237153 0.019531 0.025694
0 0.734375 0.274306 0.017188 0.030556
0 0.742188 0.303472 0.021094 0.023611
0 0.751172 0.336458 0.016406 0.035417
0 0.712500 0.352778 0.016406 0.027778
0 0.712891 0.272569 0.015625 0.027083
0 0.719727 0.292014 0.014453 0.025694
0 0.685156 0.281597 0.014844 0.027083
0 0.697070 0.286111 0.016797 0.025000
0 0.696094 0.309375 0.020313 0.031250
0 0.668359 0.292361 0.016406 0.023611
0 0.679297 0.307639 0.020313 0.023611
0 0.680664 0.331250 0.018359 0.027778
0 0.658008 0.308681 0.016797 0.027083
0 0.663086 0.327778 0.016797 0.023611
0 0.661328 0.353125 0.019531 0.027083
0 0.633594 0.351389 0.025781 0.038889
0 0.642969 0.373958 0.021875 0.029861
