2 0.368359 0.405208 0.062500 0.089583
2 0.677734 0.443403 0.039062 0.089583
2 0.820898 0.226042 0.031641 0.057639
2 0.878516 0.146528 0.035156 0.054167
2 0.638086 0.581250 0.062109 0.077778
2 0.283203 0.240625 0.044531 0.054861
1 0.323047 0.372222 0.039062 0.069444
1 0.647266 0.333333 0.039844 0.061111
1 0.650000 0.304514 0.038281 0.059028
1 0.659961 0.347569 0.031641 0.046528
1 0.740430 0.754167 0.060547 0.072222
1 0.783203 0.187153 0.025000 0.036806
2 0.825977 0.375694 0.071484 0.069444
0 0.028320 0.094444 0.015234 0.018056
0 0.084375 0.121181 0.014844 0.020139
0 0.087109 0.137500 0.016406 0.016667
0 0.083398 0.148264 0.014453 0.017361
0 0.111328 0.153819 0.019531 0.020139
0 0.145313 0.179514 0.017188 0.015972
0 0.161328 0.203125 0.016406 0.022917
0 0.187695 0.209028 0.021484 0.023611
0 0.216797 0.216667 0.018750 0.018056
0 0.128516 0.257292 0.017969 0.025694
0 0.158008 0.266319 0.017578 0.029861
0 0.203125 0.304514 0.021875 0.025694
0 0.211328 0.272917 0.019531 0.029167
0 0.239063 0.311111 0.021875 0.030556
0 0.241406 0.295486 0.020313 0.028472
0 0.297266 0.286806 0.022656 0.027778
0 0.290820 0.305556 0.024609 0.027778
0 0.283789 0.329514 0.023047 0.031250
0 0.271289 0.360069 0.026953 0.034028
0 0.320703 0.404861 0.022656 0.036111
0 0.426172 0.395486 0.027344 0.036806
0 0.462109 0.393056 0.027344 0.034722
0 0.413477 0.427083 0.027734 0.033333
0 0.410742 0.450000 0.025391 0.034722
0 0.437109 0.468056 0.028906 0.034722
0 0.443555 0.453472 0.026172 0.037500
0 0.447656 0.501736 0.028125 0.040972
0 0.378516 0.697569 0.032813 0.039583
0 0.413281 0.731944 0.032813 0.040278
0 0.539453 0.982292 0.049219 0.035417
0 0.615039 0.985764 0.044141 0.028472
0 0.650391 0.956944 0.035937 0.058333
0 0.619336 0.909375 0.032422 0.063194
0 0.716992 0.978125 0.030078 0.042361
0 0.635547 0.755208 0.042188 0.053472
0 0.749219 0.851389 0.041406 0.045833
0 0.980469 0.866667 0.039062 0.056944
0 0.904102 0.698264 0.040234 0.046528
0 0.828320 0.714931 0.037109 0.045139
0 0.791992 0.690625 0.035547 0.042361
0 0.747656 0.660417 0.042188 0.051389
0 0.734180 0.697569 0.037109 0.047917
0 0.534961 0.562153 0.033984 0.047917
0 0.552148 0.455208 0.030859 0.038194
0 0.590039 0.500694 0.030859 0.030556
0 0.600586 0.525694 0.033984 0.044444
0 0.636719 0.504514 0.029687 0.038194
0 0.720898 0.521875 0.030859 0.040972
0 0.690430 0.593403 0.033984 0.036806
0 0.755664 0.599653 0.038672 0.040972
0 0.778125 0.588194 0.032813 0.040278
0 0.894727 0.480903 0.019922 0.035417
0 0.925195 0.415278 0.020703 0.030556
0 0.894727 0.398264 0.027734 0.031250
0 0.868750 0.445833 0.018750 0.041667
0 0.858203 0.363889 0.026562 0.027778
0 0.684570 0.396528 0.018359 0.030556
0 0.748242 0.324306 0.018359 0.029167
0 0.607031 0.359028 0.014844 0.029167
0 0.620898 0.371528 0.016016 0.034722
0 0.639844 0.375694 0.023438 0.043056
0 0.624219 0.338194 0.019531 0.030556
0 0.684180 0.331944 0.019922 0.029167
0 0.677148 0.287153 0.017578 0.027083
0 0.698828 0.271875 0.020313 0.032639
0 0.706836 0.303472 0.019922 0.037500
0 0.723633 0.286458 0.016797 0.029861
0 0.738477 0.272222 0.017578 0.030556
0 0.758008 0.252431 0.019141 0.034028
0 0.751172 0.227778 0.016406 0.031944
0 0.792383 0.202778 0.012109 0.027778
0 0.877344 0.119792 0.014844 0.018750
0 0.975586 0.012847 0.009766 0.015972
