1 0.900391 0.710417 0.058594 0.069444
1 0.875977 0.662500 0.075391 0.086111
1 0.432422 0.578819 0.067969 0.074306
1 0.228320 0.893056 0.055859 0.077778
1 0.623633 0.342361 0.031641 0.054167
2 0.358594 0.781597 0.082031 0.118750
2 0.966797 0.472222 0.064844 0.050000
2 0.027539 0.950347 0.050391 0.099306
2 0.312109 0.791319 0.082031 0.118750
0 0.112305 0.221875 0.023047 0.039583
0 0.177148 0.279167 0.019141 0.025000
0 0.235156 0.328125 0.023438 0.031250
0 0.262695 0.346875 0.022266 0.029861
0 0.275000 0.379861 0.022656 0.033333
0 0.303906 0.409375 0.025000 0.032639
0 0.289062 0.420833 0.022656 0.029167
0 0.285742 0.366319 0.025391 0.039583
0 0.319141 0.397569 0.025000 0.032639
0 0.155273 0.978125 0.043359 0.043750
0 0.400195 0.674653 0.038672 0.046528
0 0.415820 0.690625 0.033203 0.042361
0 0.416797 0.726736 0.032031 0.039583
0 0.377344 0.726736 0.028906 0.022917
0 0.226367 0.944097 0.043359 0.034028
0 0.283789 0.882639 0.037891 0.040278
0 0.716406 0.977083 0.024219 0.045833
0 0.646680 0.964236 0.040234 0.050694
0 0.636719 0.756597 0.039844 0.052083
0 0.750977 0.850000 0.040234 0.045833
0 0.766406 0.797569 0.040625 0.035417
0 0.942383 0.718403 0.037891 0.040972
0 0.801953 0.652778 0.031250 0.033333
0 0.807031 0.626736 0.038281 0.039583
0 0.734180 0.630208 0.030859 0.036806
0 0.753125 0.619444 0.035937 0.040278
0 0.762109 0.602778 0.037500 0.037500
0 0.925781 0.415278 0.018750 0.022222
0 0.894336 0.480556 0.019141 0.034722
0 0.868164 0.445486 0.020703 0.045139
0 0.894141 0.398611 0.028125 0.033333
0 0.846094 0.373264 0.027344 0.034028
0 0.856641 0.363889 0.022656 0.030556
0 0.830273 0.349653 0.025391 0.029861
0 0.684961 0.480208 0.030859 0.049306
0 0.698438 0.380556 0.021094 0.031944
0 0.993945 0.031597 0.009766 0.018750
0 0.982227 0.049306 0.008984 0.019444
0 0.946875 0.074306 0.010937 0.015278
0 0.941016 0.086806 0.011719 0.018056
0 0.929492 0.095833 0.009766 0.015278
0 0.934375 0.105208 0.010937 0.017361
0 0.920117 0.106597 0.010547 0.014583
0 0.904687 0.125000 0.012500 0.018056
0 0.835547 0.213194 0.016406 0.019444
0 0.796484 0.239583 0.017188 0.019444
0 0.808984 0.250000 0.017188 0.020833
0 0.767969 0.271875 0.018750 0.020139
0 0.738086 0.315278 0.019141 0.026389
0 0.722070 0.354167 0.021484 0.029167
0 0.954883 0.039236 0.012109 0.020139
0 0.975000 0.020486 0.011719 0.015972
0 0.937109 0.060764 0.014063 0.014583
0 0.924219 0.061458 0.013281 0.018750
0 0.916016 0.081250 0.010156 0.019444
0 0.902344 0.078819 0.014063 0.018750
0 0.768164 0.204861 0.018359 0.023611
0 0.774609 0.230556 0.017969 0.025000
0 0.759766 0.228472 0.020313 0.023611
0 0.742188 0.244792 0.016406 0.028472
0 0.747656 0.257986 0.016406 0.027083
0 0.721289 0.245833 0.022266 0.027778
0 0.729492 0.258333 0.019922 0.027778
0 0.734375 0.273611 0.020313 0.027778
0 0.702734 0.265278 0.017969 0.027778
0 0.713867 0.276042 0.018359 0.028472
0 0.720703 0.293403 0.018750 0.027083
0 0.687695 0.282639 0.016797 0.025000
0 0.697070 0.288194 0.018359 0.026389
0 0.697070 0.310764 0.022266 0.036806
0 0.667773 0.292708 0.018359 0.027083
0 0.680078 0.310417 0.021094 0.027778
0 0.679297 0.334028 0.022656 0.029167
0 0.658398 0.309028 0.019141 0.025000
0 0.663672 0.328125 0.019531 0.027083
0 0.658984 0.354167 0.017969 0.030556
0 0.634766 0.350000 0.024219 0.037500
0 0.631055 0.388194 0.021484 0.030556
