2 0.276758 0.330556 0.057422 0.077778
2 0.325195 0.806944 0.115234 0.123611
2 0.834375 0.376389 0.064062 0.052778
2 0.724414 0.635069 0.069922 0.077083
2 0.747656 0.320139 0.034375 0.050000
1 0.242773 0.303472 0.041797 0.052778
1 0.176172 0.292014 0.033594 0.042361
1 0.198633 0.313542 0.026172 0.029861
1 0.661328 0.344097 0.028906 0.050694
1 0.851953 0.120833 0.025000 0.037500
1 0.942187 0.034028 0.017969 0.029167
1 0.958398 0.032292 0.016797 0.022917
0 0.170898 0.207639 0.020703 0.025000
0 0.324023 0.290625 0.020703 0.025694
0 0.194141 0.290625 0.017188 0.021528
0 0.212305 0.307986 0.016797 0.022917
0 0.233594 0.322917 0.029687 0.037500
0 0.274023 0.357986 0.026172 0.031250
0 0.255469 0.345486 0.019531 0.027083
0 0.298047 0.378472 0.024219 0.029167
0 0.321289 0.400347 0.026172 0.029861
0 0.303320 0.339583 0.010547 0.019444
0 0.324414 0.356944 0.023828 0.029167
0 0.348242 0.380208 0.026953 0.027083
0 0.312891 0.367708 0.019531 0.028472
0 0.334766 0.388889 0.022656 0.030556
0 0.306641 0.409375 0.026562 0.036806
0 0.256641 0.384722 0.020313 0.026389
0 0.499805 0.482639 0.030859 0.044444
0 0.257227 0.738194 0.037109 0.045833
0 0.377539 0.698611 0.034766 0.045833
0 0.538086 0.516667 0.020703 0.036111
0 0.564648 0.512500 0.033203 0.054167
0 0.574414 0.650347 0.043359 0.040972
0 0.485742 0.637153 0.036328 0.045139
0 0.695703 0.718056 0.044531 0.065278
0 0.636719 0.756944 0.042969 0.045833
0 0.665234 0.829167 0.030469 0.068056
0 0.619336 0.909028 0.033984 0.054167
0 0.717773 0.975000 0.037109 0.050000
0 0.752930 0.850000 0.041797 0.055556
0 0.868555 0.882292 0.037891 0.045139
0 0.962305 0.732986 0.038672 0.049306
0 0.887695 0.709375 0.034766 0.042361
0 0.908008 0.694444 0.039453 0.044444
0 0.854883 0.662500 0.030859 0.041667
0 0.837109 0.674306 0.039844 0.044444
0 0.822461 0.618056 0.030078 0.038889
0 0.809180 0.628125 0.038672 0.047917
0 0.791406 0.642361 0.037500 0.041667
0 0.774805 0.585069 0.037891 0.035417
0 0.765820 0.598958 0.035547 0.035417
0 0.755078 0.618750 0.033594 0.040278
0 0.895117 0.479514 0.021484 0.038194
0 0.572656 0.421875 0.025781 0.038194
0 0.581641 0.373611 0.022656 0.029167
0 0.923633 0.414931 0.023047 0.028472
0 0.893945 0.398611 0.030859 0.034722
0 0.857812 0.362847 0.027344 0.031250
0 0.788086 0.370486 0.027734 0.032639
0 0.638281 0.372222 0.028906 0.043056
0 0.692969 0.291319 0.021094 0.032639
0 0.696875 0.314583 0.020313 0.030556
0 0.727930 0.317014 0.016797 0.025694
0 0.793164 0.267014 0.017578 0.025694
0 0.771484 0.267014 0.017188 0.025694
0 0.729297 0.257986 0.021094 0.029861
0 0.734180 0.236111 0.022266 0.027778
0 0.760938 0.223611 0.021094 0.037500
0 0.798047 0.176042 0.014063 0.022917
0 0.804102 0.188542 0.016016 0.022917
0 0.848047 0.142708 0.016406 0.024306
0 0.867969 0.109722 0.016406 0.020833
0 0.873828 0.126042 0.014844 0.020139
0 0.882422 0.105556 0.013281 0.025000
0 0.895117 0.087847 0.018359 0.022917
0 0.919141 0.066319 0.017188 0.025694
0 0.948242 0.049306 0.011328 0.015278
0 0.934180 0.051736 0.012109 0.014583
0 0.968164 0.030903 0.010547 0.014583
0 0.952930 0.086111 0.013672 0.015278
