2 0.793359 0.615278 0.116406 0.113889
2 0.832422 0.368056 0.064062 0.050000
2 0.703516 0.255556 0.044531 0.076389
2 0.125586 0.963542 0.101172 0.072917
2 0.231445 0.880903 0.080859 0.109028
1 0.344531 0.802778 0.052344 0.069444
1 0.356250 0.325000 0.045312 0.062500
1 0.584961 0.370486 0.036328 0.050694
1 0.860742 0.688889 0.046484 0.059722
1 0.869141 0.159722 0.020313 0.036111
0 0.036719 0.174653 0.016406 0.022917
0 0.066992 0.187153 0.016016 0.031250
0 0.097656 0.185417 0.017969 0.025000
0 0.301953 0.404514 0.024219 0.036806
0 0.308789 0.387847 0.025391 0.029861
0 0.359180 0.387153 0.026953 0.038194
0 0.199023 0.792708 0.040234 0.056250
0 0.035352 0.954167 0.045703 0.063889
0 0.282227 0.727083 0.037109 0.059722
0 0.344727 0.665625 0.031641 0.046528
0 0.413867 0.576389 0.032422 0.040278
0 0.490039 0.501389 0.032422 0.061111
0 0.490039 0.378819 0.032422 0.038194
0 0.416211 0.350694 0.027734 0.025000
0 0.193359 0.978125 0.032813 0.042361
0 0.233203 0.930903 0.042969 0.032639
0 0.289258 0.836111 0.033984 0.047222
0 0.294531 0.864583 0.039844 0.037500
0 0.324219 0.787847 0.032031 0.040972
0 0.364648 0.749306 0.033984 0.038889
0 0.384961 0.763542 0.032422 0.043750
0 0.400781 0.709722 0.032813 0.045833
0 0.413867 0.727083 0.031641 0.040278
0 0.554883 0.439583 0.027734 0.033333
0 0.572852 0.534028 0.017578 0.045833
0 0.607031 0.409375 0.024219 0.045139
0 0.624219 0.343750 0.022656 0.026389
1 0.691797 0.392361 0.028906 0.051389
0 0.709180 0.512153 0.034766 0.038194
0 0.535742 0.985069 0.041016 0.029861
0 0.614844 0.985764 0.042969 0.028472
0 0.716992 0.976736 0.023047 0.046528
0 0.650000 0.958333 0.038281 0.058333
0 0.620898 0.912847 0.032422 0.065972
0 0.654297 0.847222 0.032031 0.069444
0 0.636328 0.757639 0.040625 0.051389
0 0.680859 0.803125 0.023438 0.054861
0 0.685156 0.669792 0.038281 0.043750
0 0.790430 0.778125 0.037109 0.050694
0 0.749414 0.850694 0.037109 0.047222
0 0.988672 0.774306 0.022656 0.047222
0 0.951758 0.750347 0.030859 0.039583
0 0.905859 0.718403 0.035937 0.040972
0 0.910352 0.696528 0.035547 0.037500
0 0.813672 0.662153 0.037500 0.042361
0 0.760156 0.627778 0.035937 0.040278
0 0.717969 0.638194 0.034375 0.041667
0 0.729492 0.627083 0.033984 0.041667
0 0.819336 0.618750 0.032422 0.040278
0 0.893945 0.478819 0.017578 0.034028
0 0.926758 0.417708 0.021484 0.028472
0 0.894727 0.398958 0.027734 0.031250
0 0.868945 0.446875 0.017578 0.047917
0 0.858789 0.364583 0.026172 0.029167
0 0.791406 0.342014 0.018750 0.031250
0 0.797656 0.263542 0.016406 0.024306
0 0.739648 0.248611 0.019922 0.027778
0 0.765625 0.211806 0.019531 0.029167
0 0.798047 0.177778 0.019531 0.027778
0 0.817578 0.160069 0.015625 0.022917
0 0.828516 0.149306 0.016406 0.022222
0 0.863086 0.116319 0.013672 0.021528
0 0.882031 0.168056 0.012500 0.023611
0 0.954883 0.034028 0.016016 0.020833
