2 0.792773 0.650694 0.085547 0.095833
2 0.359375 0.783333 0.083594 0.112500
2 0.299414 0.806250 0.086328 0.122222
2 0.839063 0.376389 0.049219 0.045833
2 0.131641 0.152083 0.042188 0.050000
0 0.064258 0.132639 0.012109 0.013889
0 0.135742 0.184028 0.016016 0.019444
0 0.197070 0.198264 0.016797 0.020139
0 0.199023 0.215972 0.017578 0.025000
0 0.280469 0.259375 0.017969 0.021528
0 0.348242 0.339931 0.023828 0.028472
0 0.370703 0.327083 0.022656 0.025000
0 0.314844 0.353472 0.021094 0.030556
0 0.339844 0.370833 0.025000 0.034722
0 0.362305 0.386458 0.024609 0.034028
0 0.387305 0.407986 0.023828 0.031250
0 0.412305 0.425347 0.026953 0.034028
0 0.438672 0.445833 0.025781 0.034722
0 0.381836 0.425694 0.022266 0.034722
0 0.405664 0.444444 0.026953 0.040278
0 0.438477 0.471181 0.030859 0.040972
0 0.226758 0.895486 0.053516 0.074306
0 0.378711 0.695139 0.035547 0.038889
0 0.377344 0.727083 0.028125 0.019444
0 0.417187 0.692708 0.032031 0.038194
0 0.416992 0.727778 0.035547 0.037500
0 0.528711 0.449653 0.036328 0.042361
0 0.600391 0.535764 0.032813 0.032639
0 0.612891 0.569792 0.035937 0.039583
0 0.659766 0.600347 0.035937 0.035417
0 0.721094 0.644792 0.036719 0.038194
0 0.913867 0.654861 0.035547 0.037500
0 0.656250 0.706597 0.036719 0.043750
0 0.754492 0.712847 0.037109 0.047917
0 0.755664 0.743056 0.038672 0.043056
0 0.871289 0.843750 0.044141 0.055556
0 0.984766 0.961458 0.030469 0.043750
0 0.750195 0.851736 0.037109 0.043750
0 0.637305 0.755903 0.043359 0.046528
0 0.650195 0.960417 0.037109 0.055556
0 0.717578 0.977778 0.021875 0.044444
0 0.627539 0.987153 0.025391 0.025694
0 0.925195 0.415625 0.021484 0.028472
0 0.922266 0.482292 0.022656 0.031250
0 0.895312 0.480208 0.018750 0.031250
0 0.893945 0.397917 0.022266 0.030556
0 0.867188 0.444792 0.015625 0.039583
0 0.857422 0.362153 0.022656 0.028472
0 0.690039 0.394792 0.016797 0.025694
0 0.739648 0.315625 0.021484 0.024306
0 0.973242 0.023958 0.010547 0.013194
0 0.946289 0.039583 0.012109 0.016667
0 0.862500 0.132639 0.014063 0.018056
0 0.767188 0.236458 0.015625 0.024306
0 0.717187 0.270139 0.019531 0.026389
0 0.691797 0.278819 0.017188 0.025694
0 0.698047 0.286111 0.018750 0.023611
0 0.696680 0.311806 0.021484 0.036111
0 0.669727 0.293403 0.018359 0.029861
0 0.679102 0.310069 0.018359 0.024306
0 0.679297 0.331944 0.017969 0.030556
0 0.658594 0.309375 0.018750 0.027083
0 0.661328 0.328125 0.015625 0.022917
0 0.660742 0.352431 0.018359 0.028472
0 0.622852 0.339236 0.030078 0.047917
0 0.633984 0.351736 0.021875 0.040972
0 0.643164 0.373264 0.019141 0.025694
