2 0.277734 0.328125 0.053906 0.072917
2 0.566992 0.368750 0.061328 0.068056
2 0.881641 0.111806 0.023438 0.036111
2 0.793359 0.263194 0.047656 0.068056
2 0.724414 0.645833 0.069922 0.088889
2 0.828125 0.370486 0.074219 0.067361
1 0.239453 0.305903 0.035156 0.054861
1 0.176172 0.294444 0.035156 0.037500
1 0.200000 0.313194 0.023438 0.026389
1 0.891016 0.070486 0.023438 0.032639
1 0.709961 0.495486 0.055859 0.082639
1 0.660742 0.347222 0.031641 0.044444
0 0.115625 0.143403 0.016406 0.024306
0 0.193359 0.288194 0.020313 0.025000
0 0.215234 0.308333 0.018750 0.022222
0 0.231836 0.320139 0.029297 0.033333
0 0.252734 0.339583 0.025000 0.026389
0 0.244531 0.355208 0.020313 0.022917
0 0.254297 0.385417 0.028125 0.031944
0 0.269727 0.372917 0.023828 0.037500
0 0.276758 0.359028 0.023047 0.033333
0 0.296680 0.379167 0.023828 0.027778
0 0.307227 0.406944 0.022266 0.038889
0 0.321484 0.402778 0.024219 0.037500
0 0.311719 0.368403 0.021094 0.025694
0 0.305664 0.340625 0.008984 0.014583
0 0.323047 0.355903 0.027344 0.027083
0 0.347461 0.377778 0.030859 0.030556
0 0.336523 0.389931 0.028516 0.028472
0 0.325586 0.400000 0.027734 0.037500
0 0.304883 0.405208 0.026953 0.039583
0 0.465625 0.534028 0.039062 0.050000
0 0.306641 0.678819 0.037500 0.047917
0 0.170117 0.830556 0.045703 0.062500
0 0.380469 0.637847 0.038281 0.053472
0 0.380469 0.701042 0.039844 0.049306
0 0.636719 0.754514 0.042969 0.054861
0 0.659570 0.844444 0.036328 0.072222
0 0.616406 0.915278 0.039844 0.072222
0 0.651172 0.953819 0.039062 0.056250
0 0.716211 0.977083 0.027734 0.045833
0 0.748633 0.846528 0.042578 0.056944
0 0.965234 0.732986 0.039062 0.052083
0 0.924219 0.779861 0.039844 0.047222
0 0.932227 0.735764 0.036328 0.043750
0 0.906250 0.696528 0.033594 0.040278
0 0.890234 0.712500 0.039062 0.043056
0 0.883203 0.658333 0.038281 0.047222
0 0.854883 0.663542 0.036328 0.040972
0 0.837109 0.670833 0.035156 0.045833
0 0.800000 0.694097 0.046875 0.054861
0 0.823047 0.616667 0.036719 0.038889
0 0.810156 0.628819 0.042969 0.049306
0 0.793555 0.642361 0.032422 0.041667
0 0.763281 0.642014 0.040625 0.046528
0 0.754883 0.614236 0.028516 0.031250
0 0.764453 0.601389 0.038281 0.037500
0 0.773438 0.585417 0.038281 0.040278
0 0.897070 0.481250 0.031641 0.045833
0 0.925195 0.415278 0.024609 0.027778
0 0.890430 0.393750 0.030859 0.041667
0 0.869141 0.443403 0.027344 0.052083
0 0.857227 0.363194 0.026953 0.027778
0 0.725781 0.345833 0.019531 0.027778
0 0.644531 0.324306 0.021094 0.038889
0 0.683594 0.329167 0.019531 0.031944
0 0.639258 0.372222 0.026953 0.038889
0 0.743359 0.231597 0.023438 0.036806
0 0.782813 0.190278 0.014844 0.026389
0 0.800000 0.175694 0.017969 0.031944
0 0.820703 0.175000 0.025000 0.038889
0 0.845313 0.131944 0.018750 0.030556
0 0.865039 0.130208 0.016016 0.024306
0 0.868359 0.153472 0.017969 0.033333
0 0.893359 0.150000 0.019531 0.037500
0 0.916016 0.111458 0.014063 0.018750
0 0.901367 0.097222 0.015234 0.027778
0 0.953906 0.044792 0.016406 0.024306
0 0.975000 0.050000 0.016406 0.020833
