2 0.792773 0.615278 0.124609 0.123611
2 0.832031 0.372917 0.068750 0.062500
2 0.761133 0.197569 0.046484 0.056250
2 0.117578 0.961111 0.121094 0.077778
2 0.229297 0.871528 0.079687 0.106944
1 0.345508 0.803125 0.046484 0.072917
1 0.649219 0.335069 0.039844 0.065972
1 0.631836 0.621181 0.046484 0.072917
1 0.650586 0.302778 0.041016 0.058333
1 0.716992 0.244097 0.030859 0.039583
1 0.964063 0.072222 0.018750 0.033333
0 0.165625 0.287847 0.019531 0.028472
1 0.359961 0.389583 0.028516 0.045833
1 0.436719 0.394444 0.024219 0.033333
1 0.588281 0.553125 0.024219 0.056250
1 0.189258 0.977431 0.033203 0.045139
1 0.231055 0.933681 0.041016 0.046528
1 0.294727 0.869792 0.041797 0.054861
1 0.288281 0.836111 0.032813 0.052778
1 0.324023 0.786458 0.031641 0.046528
1 0.362305 0.747569 0.033203 0.040972
1 0.383203 0.765625 0.030469 0.045139
1 0.393359 0.709722 0.034375 0.051389
1 0.415820 0.728472 0.032422 0.050000
1 0.700781 0.700347 0.040625 0.065972
1 0.697461 0.499653 0.030859 0.040972
1 0.541406 0.980208 0.046094 0.039583
1 0.615820 0.984722 0.044922 0.030556
1 0.620117 0.912153 0.033984 0.074306
1 0.652734 0.957986 0.032813 0.060417
1 0.653320 0.845486 0.035547 0.070139
1 0.681055 0.794444 0.021484 0.058333
1 0.634180 0.752431 0.043359 0.054861
1 0.718555 0.976389 0.026172 0.047222
1 0.751953 0.849653 0.040625 0.049306
1 0.820312 0.620486 0.030469 0.040972
1 0.917188 0.479514 0.022656 0.036806
1 0.925781 0.416319 0.023438 0.021528
1 0.885156 0.422222 0.035156 0.048611
0 0.868164 0.443750 0.019141 0.047222
0 0.893359 0.478125 0.016406 0.032639
0 0.894531 0.397917 0.026562 0.033333
0 0.857031 0.363542 0.022656 0.027083
0 0.790234 0.342014 0.016406 0.035417
0 0.618164 0.392014 0.023828 0.039583
0 0.656250 0.361806 0.023438 0.030556
0 0.706641 0.302431 0.017188 0.029861
0 0.752734 0.256250 0.016406 0.027778
0 0.766211 0.237153 0.015234 0.025694
0 0.801172 0.193750 0.015625 0.023611
0 0.812891 0.184722 0.012500 0.020833
0 0.826367 0.172222 0.012109 0.019444
0 0.833594 0.156250 0.014063 0.025000
0 0.846484 0.149306 0.011719 0.018056
0 0.856445 0.142014 0.012109 0.018750
0 0.850195 0.133681 0.012109 0.015972
0 0.837109 0.138194 0.015625 0.018056
0 0.823242 0.152083 0.010547 0.016667
0 0.786523 0.190972 0.014453 0.022222
0 0.736914 0.232986 0.018359 0.021528
0 0.727734 0.258333 0.016406 0.023611
0 0.695898 0.274306 0.016797 0.026389
0 0.703711 0.282292 0.015234 0.025694
0 0.687891 0.301736 0.018750 0.028472
0 0.677734 0.288889 0.015625 0.027778
0 0.671289 0.318056 0.018359 0.023611
0 0.621875 0.369097 0.020313 0.024306
0 0.609570 0.359028 0.016016 0.022222
0 0.623242 0.340972 0.017578 0.033333
0 0.827734 0.207639 0.019531 0.025000
0 0.856641 0.177083 0.015625 0.023611
0 0.897266 0.147917 0.012500 0.023611
0 0.910156 0.115972 0.013281 0.018056
0 0.930859 0.099653 0.013281 0.018750
0 0.990039 0.045486 0.010547 0.014583
0 0.991016 0.027083 0.008594 0.018056
