2 0.793359 0.616667 0.121875 0.113889
2 0.830078 0.370486 0.063281 0.050694
2 0.759766 0.203472 0.038281 0.054167
2 0.115820 0.963542 0.115234 0.072917
2 0.233398 0.878125 0.080859 0.100694
1 0.458984 0.532639 0.050000 0.080556
1 0.564453 0.376389 0.058594 0.052778
1 0.696680 0.264583 0.026953 0.044444
1 0.912891 0.650000 0.059375 0.063889
1 0.775195 0.272222 0.022266 0.043056
1 0.345508 0.805556 0.048047 0.070833
0 0.187500 0.287153 0.024219 0.032639
0 0.304102 0.405556 0.025391 0.034722
0 0.359180 0.389583 0.026953 0.040278
0 0.189648 0.980556 0.032422 0.038889
0 0.231250 0.931944 0.041406 0.030556
0 0.288867 0.835417 0.034766 0.041667
0 0.293945 0.865278 0.041016 0.033333
0 0.326172 0.789236 0.032031 0.043750
0 0.364844 0.749306 0.035156 0.038889
0 0.385352 0.765972 0.033203 0.041667
0 0.400586 0.709375 0.031641 0.042361
0 0.414844 0.730208 0.033594 0.043750
0 0.372656 0.642361 0.033594 0.044444
0 0.365625 0.612847 0.025781 0.031250
0 0.486914 0.476389 0.027734 0.043056
0 0.543164 0.448611 0.025391 0.036111
0 0.581836 0.535764 0.024609 0.045139
0 0.541797 0.984028 0.036719 0.031944
0 0.616016 0.985764 0.045312 0.028472
0 0.651172 0.958681 0.034375 0.057639
0 0.619336 0.911458 0.029297 0.061806
0 0.654883 0.847917 0.033203 0.068056
0 0.680273 0.801736 0.018359 0.050694
0 0.636133 0.756597 0.041016 0.049306
0 0.717969 0.977431 0.023438 0.045139
0 0.955859 0.756250 0.032813 0.040278
0 0.913867 0.851736 0.042578 0.052083
0 0.904687 0.719444 0.036719 0.033333
0 0.871875 0.726389 0.036719 0.040278
0 0.811523 0.661458 0.035547 0.038194
0 0.821875 0.621528 0.033594 0.048611
0 0.759570 0.625694 0.034766 0.034722
0 0.757227 0.667361 0.036328 0.041667
0 0.894336 0.478819 0.016797 0.034028
0 0.925000 0.416319 0.020313 0.025694
0 0.894922 0.398264 0.023438 0.027083
0 0.867578 0.444097 0.016406 0.042361
0 0.858008 0.363542 0.023828 0.031250
0 0.790625 0.340972 0.016406 0.029167
0 0.767188 0.353819 0.023438 0.029861
0 0.701172 0.380556 0.020313 0.023611
0 0.582812 0.409375 0.021094 0.035417
0 0.606445 0.417014 0.020703 0.034028
0 0.615234 0.379514 0.024219 0.029861
0 0.615820 0.349306 0.020703 0.027778
0 0.661914 0.355556 0.020703 0.026389
0 0.661914 0.330208 0.022266 0.029861
0 0.654297 0.317014 0.021875 0.025694
0 0.748047 0.260069 0.019531 0.020139
0 0.716211 0.268750 0.021484 0.037500
0 0.728320 0.240625 0.019141 0.021528
0 0.790039 0.205208 0.017578 0.020139
0 0.785742 0.192014 0.015234 0.020139
0 0.795898 0.181250 0.014453 0.020833
0 0.815820 0.162847 0.017578 0.027083
0 0.842383 0.155208 0.015234 0.020139
0 0.833203 0.144444 0.015625 0.016667
0 0.848242 0.130903 0.014453 0.018750
0 0.908203 0.124653 0.011719 0.015972
0 0.951172 0.034722 0.009375 0.019444
