2 0.316797 0.275347 0.048438 0.056250
2 0.796484 0.652431 0.087500 0.096528
2 0.776563 0.599653 0.108594 0.099306
2 0.837500 0.375347 0.050000 0.047917
1 0.861328 0.183681 0.028906 0.038194
0 0.176758 0.180903 0.020703 0.031250
0 0.174805 0.298264 0.019141 0.024306
0 0.192383 0.307986 0.023047 0.031250
0 0.227930 0.341667 0.021484 0.030556
0 0.217969 0.309722 0.020313 0.031944
0 0.236719 0.325694 0.018750 0.029167
0 0.252930 0.385069 0.019141 0.025694
0 0.255273 0.367361 0.023047 0.029167
0 0.280469 0.385764 0.024219 0.029861
0 0.308008 0.408681 0.022266 0.031250
0 0.258398 0.338542 0.031641 0.046528
0 0.283008 0.365972 0.019922 0.030556
0 0.323242 0.402083 0.023047 0.034722
0 0.255469 0.305208 0.021875 0.025694
0 0.272852 0.317014 0.021484 0.027083
0 0.293945 0.332986 0.019141 0.027083
0 0.318164 0.352083 0.023828 0.029167
0 0.338867 0.367361 0.022266 0.026389
0 0.361328 0.387153 0.023438 0.028472
0 0.288477 0.349306 0.022266 0.027778
0 0.309961 0.365278 0.022266 0.031944
0 0.340234 0.393056 0.026562 0.036111
0 0.099609 0.888889 0.039062 0.051389
0 0.379102 0.694097 0.034766 0.046528
0 0.417578 0.690278 0.033594 0.038889
0 0.854688 0.871181 0.042969 0.047917
0 0.786523 0.771875 0.042578 0.042361
0 0.751758 0.852083 0.041016 0.045833
0 0.708984 0.836111 0.030469 0.052778
0 0.635547 0.755208 0.039844 0.046528
0 0.715820 0.976736 0.023828 0.046528
0 0.648047 0.955903 0.041406 0.047917
0 0.620703 0.989236 0.031250 0.021528
0 0.985938 0.774306 0.028125 0.040278
0 0.987109 0.753125 0.025781 0.032639
0 0.947266 0.750347 0.033594 0.034028
0 0.904492 0.719097 0.035547 0.036806
0 0.908203 0.696875 0.036719 0.034028
0 0.859375 0.682986 0.047656 0.054861
0 0.808203 0.612847 0.031250 0.039583
0 0.762891 0.672569 0.039844 0.035417
0 0.744336 0.615278 0.033203 0.036111
0 0.729102 0.628125 0.033203 0.039583
0 0.714844 0.636111 0.036719 0.040278
0 0.894531 0.480208 0.019531 0.035417
0 0.925000 0.417014 0.026562 0.025694
0 0.893555 0.397222 0.025391 0.030556
0 0.868359 0.444097 0.017188 0.042361
0 0.855664 0.361806 0.021484 0.025000
0 0.643164 0.373958 0.020703 0.029861
0 0.663281 0.347569 0.020313 0.029861
0 0.730664 0.331944 0.021484 0.026389
0 0.758203 0.226389 0.022656 0.031944
0 0.808203 0.247222 0.020313 0.030556
0 0.838281 0.193056 0.020313 0.019444
0 0.819141 0.170139 0.015625 0.019444
0 0.901367 0.143403 0.015234 0.022917
0 0.884180 0.113194 0.012109 0.016667
0 0.883008 0.096875 0.016797 0.028472
0 0.900391 0.082292 0.011719 0.017361
0 0.918945 0.078472 0.015234 0.018056
0 0.916211 0.110417 0.012891 0.019444
0 0.934961 0.085764 0.015234 0.028472
0 0.945312 0.094097 0.010156 0.017361
0 0.963281 0.074653 0.012500 0.017361
0 0.961133 0.060417 0.008984 0.015278
0 0.950977 0.047222 0.010547 0.018056
0 0.941016 0.044792 0.010937 0.015972
0 0.958984 0.026042 0.009375 0.014583
0 0.987695 0.031597 0.008984 0.017361
0 0.985156 0.011806 0.011719 0.015278
