2 0.791406 0.612847 0.116406 0.109028
2 0.829102 0.368056 0.066797 0.050000
2 0.715234 0.241667 0.042188 0.068056
2 0.124219 0.962500 0.103906 0.075000
2 0.232422 0.875694 0.078906 0.095833
1 0.383203 0.344097 0.053125 0.067361
1 0.604102 0.354167 0.031641 0.044444
1 0.344922 0.802083 0.049219 0.077778
1 0.063672 0.950694 0.074219 0.094444
1 0.858008 0.171875 0.016797 0.038194
0 0.043164 0.165625 0.016797 0.028472
0 0.071484 0.169792 0.019531 0.022917
0 0.303125 0.382292 0.025000 0.031250
0 0.303125 0.406250 0.023438 0.033333
0 0.359961 0.389583 0.028516 0.036111
0 0.441211 0.369097 0.026172 0.031250
0 0.116602 0.867708 0.046484 0.056250
0 0.260547 0.730208 0.034375 0.053472
0 0.193750 0.978472 0.039844 0.043056
0 0.232227 0.934028 0.041016 0.027778
0 0.289648 0.835764 0.033984 0.042361
0 0.293359 0.864236 0.039844 0.038194
0 0.325977 0.789583 0.034766 0.041667
0 0.363867 0.749653 0.032422 0.038194
0 0.384961 0.766667 0.036328 0.040278
0 0.344727 0.664931 0.033984 0.049306
0 0.400391 0.711111 0.033594 0.048611
0 0.415820 0.730208 0.031641 0.047917
0 0.396094 0.611458 0.032031 0.047917
0 0.453711 0.531944 0.025391 0.037500
0 0.526953 0.459722 0.032031 0.055556
0 0.521289 0.383681 0.030859 0.027083
0 0.571289 0.490278 0.014453 0.041667
0 0.592773 0.400000 0.021484 0.034722
0 0.640430 0.332639 0.020703 0.030556
0 0.637500 0.378472 0.026562 0.038889
0 0.680273 0.422917 0.020703 0.062500
0 0.536719 0.985764 0.039062 0.028472
0 0.616016 0.985069 0.042188 0.029861
0 0.716406 0.977778 0.022656 0.044444
0 0.651758 0.957986 0.034766 0.053472
0 0.619922 0.911458 0.032813 0.061806
0 0.654102 0.850000 0.033984 0.070833
0 0.751563 0.853125 0.041406 0.049306
0 0.682031 0.803472 0.021094 0.055556
0 0.636133 0.755208 0.043359 0.049306
0 0.722656 0.721181 0.036719 0.047917
0 0.630078 0.616667 0.030469 0.040278
0 0.987891 0.775347 0.024219 0.045139
0 0.951953 0.752778 0.030469 0.034722
0 0.905078 0.719097 0.035937 0.036806
0 0.915430 0.702083 0.037891 0.041667
0 0.859570 0.685764 0.047266 0.053472
0 0.813281 0.660069 0.039062 0.035417
0 0.819922 0.620833 0.033594 0.033333
0 0.758398 0.624653 0.033984 0.032639
0 0.728320 0.626389 0.033984 0.040278
0 0.717187 0.639583 0.039844 0.038889
0 0.737500 0.540278 0.034375 0.047222
0 0.892969 0.481944 0.015625 0.040278
0 0.925195 0.415278 0.024609 0.034722
0 0.894336 0.399306 0.026953 0.029167
0 0.867578 0.445486 0.016406 0.047917
0 0.857422 0.364583 0.022656 0.029167
0 0.790430 0.340278 0.016016 0.030556
0 0.785156 0.278125 0.016406 0.024306
0 0.864453 0.186111 0.014063 0.022222
0 0.751758 0.234722 0.017578 0.029167
0 0.775000 0.200347 0.016406 0.025694
0 0.803320 0.171181 0.019141 0.032639
0 0.820898 0.157986 0.013672 0.021528
0 0.831250 0.147569 0.015625 0.018750
0 0.874805 0.107986 0.012891 0.022917
0 0.962305 0.026389 0.012109 0.018056
