2 0.794141 0.618403 0.121875 0.117361
2 0.776172 0.189931 0.035156 0.057639
2 0.733789 0.326389 0.047266 0.069444
1 0.651367 0.306597 0.041016 0.063194
1 0.648242 0.332292 0.034766 0.064583
1 0.660352 0.346181 0.030859 0.049306
1 0.608594 0.462153 0.053906 0.056250
1 0.346484 0.806597 0.048438 0.074306
0 0.275000 0.321875 0.025781 0.031250
0 0.188086 0.979514 0.041016 0.040972
0 0.232422 0.934028 0.041406 0.043056
0 0.320508 0.359375 0.024609 0.032639
0 0.360742 0.390278 0.023047 0.036111
0 0.412109 0.430556 0.031250 0.036111
0 0.306836 0.705556 0.030078 0.048611
0 0.342969 0.644097 0.038281 0.043750
0 0.288867 0.836111 0.035547 0.044444
0 0.292383 0.866667 0.041797 0.041667
0 0.324023 0.788542 0.034766 0.043750
0 0.365039 0.749306 0.034766 0.048611
0 0.382031 0.769792 0.029687 0.045139
0 0.376563 0.696181 0.035937 0.038194
0 0.396680 0.714931 0.033203 0.042361
0 0.415430 0.731250 0.033203 0.041667
0 0.419727 0.593056 0.037891 0.033333
0 0.492188 0.471528 0.032813 0.034722
0 0.551367 0.489931 0.033984 0.031250
0 0.574609 0.457986 0.028906 0.028472
0 0.541797 0.982986 0.049219 0.034028
0 0.612500 0.985069 0.049219 0.029861
0 0.652930 0.959375 0.030859 0.060417
0 0.716406 0.975694 0.022656 0.048611
0 0.619336 0.912153 0.029297 0.067361
0 0.658398 0.837500 0.035547 0.068056
0 0.750586 0.850694 0.037109 0.047222
0 0.675195 0.753125 0.030859 0.056250
0 0.634180 0.755903 0.041016 0.047917
0 0.822461 0.620486 0.034766 0.040972
0 0.895898 0.481944 0.019922 0.040278
0 0.924805 0.415625 0.021484 0.025694
0 0.894727 0.397917 0.023828 0.029167
0 0.868164 0.445139 0.017578 0.047222
0 0.857227 0.363889 0.023047 0.023611
2 0.831641 0.373264 0.061719 0.049306
0 0.685547 0.472569 0.020313 0.036806
0 0.673828 0.434375 0.014844 0.029861
1 0.717578 0.242708 0.026562 0.036806
0 0.672852 0.382292 0.021484 0.027083
0 0.638672 0.373264 0.025781 0.038194
0 0.622461 0.370486 0.019141 0.032639
0 0.609375 0.360764 0.019531 0.025694
0 0.623437 0.339931 0.021094 0.034028
0 0.683203 0.329514 0.019531 0.027083
0 0.670703 0.316319 0.015625 0.022917
0 0.706250 0.302431 0.018750 0.032639
0 0.687891 0.303125 0.018750 0.031250
0 0.677930 0.285764 0.017578 0.025694
0 0.697070 0.269792 0.016797 0.028472
0 0.706055 0.278472 0.018359 0.023611
0 0.707031 0.302431 0.019531 0.029861
0 0.722852 0.287153 0.018359 0.024306
0 0.737500 0.270486 0.017969 0.024306
0 0.752148 0.252431 0.015234 0.024306
0 0.770898 0.231250 0.018359 0.025000
0 0.785156 0.212847 0.016406 0.025694
0 0.801172 0.192708 0.015625 0.021528
0 0.801758 0.173611 0.016016 0.023611
0 0.813281 0.183681 0.016406 0.021528
0 0.827344 0.169097 0.016406 0.018750
0 0.868359 0.164583 0.016406 0.023611
0 0.856445 0.194792 0.018359 0.029861
0 0.790430 0.340972 0.016016 0.029167
0 0.904102 0.144444 0.012891 0.023611
0 0.901758 0.094444 0.011328 0.026389
0 0.925977 0.098958 0.014453 0.017361
0 0.919336 0.066667 0.008984 0.018056
0 0.958398 0.027778 0.011328 0.020833
