0 0.945508 0.049306 0.012109 0.018056
0 0.969336 0.026389 0.010547 0.013889
0 0.983594 0.006597 0.006250 0.011806
2 0.578711 0.565625 0.061328 0.135417
2 0.674219 0.287153 0.049219 0.054861
2 0.831641 0.374653 0.065625 0.054861
1 0.804688 0.182292 0.020313 0.038194
1 0.896680 0.076389 0.024609 0.044444
1 0.757422 0.209028 0.028125 0.037500
0 0.037305 0.143403 0.017578 0.022917
0 0.024805 0.162500 0.015234 0.022222
0 0.081055 0.193403 0.021484 0.035417
0 0.171680 0.276389 0.023828 0.027778
0 0.144922 0.269792 0.024219 0.028472
0 0.233594 0.288542 0.023438 0.034028
0 0.221680 0.315625 0.019141 0.028472
0 0.273633 0.359028 0.026953 0.038889
0 0.350391 0.377778 0.024219 0.033333
0 0.333008 0.387153 0.025391 0.031250
0 0.322852 0.396528 0.020703 0.037500
0 0.306641 0.409028 0.020313 0.036111
0 0.272266 0.815278 0.042969 0.052778
0 0.394336 0.746528 0.035547 0.047222
1 0.579297 0.463542 0.025000 0.045139
0 0.654102 0.955556 0.038672 0.065278
0 0.635547 0.754514 0.041406 0.059028
0 0.682227 0.793056 0.041797 0.059722
0 0.716602 0.971875 0.028516 0.056250
0 0.750391 0.849306 0.036719 0.048611
0 0.774805 0.810417 0.047266 0.051389
0 0.789258 0.754514 0.033984 0.050694
0 0.962891 0.732292 0.036719 0.046528
0 0.913477 0.702778 0.043359 0.056944
0 0.860352 0.664931 0.037891 0.045139
0 0.836719 0.673264 0.037500 0.054861
0 0.830469 0.599653 0.039844 0.053472
0 0.824805 0.620139 0.033984 0.041667
0 0.809766 0.624653 0.039844 0.049306
0 0.791016 0.643403 0.034375 0.046528
0 0.774219 0.585764 0.038281 0.046528
0 0.763672 0.596181 0.033594 0.043750
0 0.754297 0.616667 0.035937 0.048611
0 0.893555 0.481250 0.023828 0.041667
0 0.869922 0.445139 0.021094 0.050000
0 0.924805 0.415625 0.021484 0.031250
0 0.893555 0.395139 0.027734 0.036111
0 0.858008 0.360764 0.022266 0.029861
0 0.615430 0.351042 0.019922 0.031250
0 0.637305 0.324653 0.024609 0.031250
0 0.632422 0.360764 0.023438 0.028472
1 0.619727 0.391667 0.033203 0.036111
0 0.674219 0.340278 0.024219 0.029167
0 0.708008 0.280903 0.017578 0.029861
0 0.887891 0.096875 0.010156 0.017361
0 0.877930 0.106250 0.014453 0.019444
0 0.870508 0.115625 0.016797 0.017361
0 0.861133 0.117014 0.014453 0.018750
0 0.849805 0.123264 0.010547 0.018750
0 0.853125 0.137153 0.018750 0.021528
0 0.836719 0.138542 0.017188 0.021528
0 0.843555 0.153125 0.013672 0.018750
0 0.834375 0.162153 0.015625 0.021528
0 0.823633 0.174653 0.016016 0.022917
0 0.825391 0.146875 0.014063 0.018750
0 0.818555 0.159028 0.017578 0.015278
0 0.796680 0.177431 0.016797 0.018750
0 0.784766 0.187153 0.015625 0.020139
0 0.793555 0.209028 0.012109 0.025000
0 0.768750 0.223264 0.015625 0.018750
0 0.758594 0.231250 0.018750 0.025000
0 0.742188 0.246528 0.017969 0.022222
0 0.734766 0.230903 0.017969 0.024306
0 0.715430 0.250000 0.019141 0.025000
0 0.724805 0.262153 0.018359 0.027083
0 0.708008 0.279514 0.021484 0.024306
1 0.917773 0.080556 0.016016 0.025000
