2 0.796484 0.617014 0.126562 0.117361
2 0.765820 0.197917 0.041016 0.059722
1 0.865430 0.176042 0.023828 0.039583
2 0.969531 0.062153 0.018750 0.029861
1 0.634766 0.377778 0.031250 0.052778
1 0.649609 0.330556 0.033594 0.061111
1 0.650977 0.301389 0.040234 0.061111
2 0.829688 0.372917 0.067969 0.052778
2 0.220898 0.885417 0.081641 0.102778
2 0.107813 0.974306 0.092188 0.051389
1 0.348242 0.806250 0.050391 0.072222
1 0.720313 0.243056 0.025781 0.041667
1 0.839063 0.135069 0.019531 0.029861
0 0.358789 0.388194 0.027734 0.030556
0 0.288281 0.833333 0.035156 0.041667
0 0.292773 0.865625 0.041797 0.042361
0 0.234961 0.936111 0.035547 0.031944
0 0.188281 0.982292 0.032813 0.031250
0 0.325000 0.789931 0.032813 0.045139
0 0.364453 0.750000 0.035156 0.044444
0 0.383008 0.768056 0.032422 0.036111
0 0.396484 0.713889 0.032031 0.044444
0 0.416602 0.729514 0.034766 0.040972
0 0.443750 0.622917 0.032813 0.037500
0 0.544141 0.980903 0.047656 0.038194
0 0.717187 0.976736 0.028125 0.046528
0 0.617188 0.986806 0.043750 0.026389
0 0.651758 0.957292 0.034766 0.054861
0 0.621094 0.911111 0.032031 0.061111
0 0.652930 0.846181 0.033984 0.067361
0 0.682031 0.797222 0.022656 0.054167
0 0.636133 0.755903 0.041016 0.049306
0 0.751563 0.851042 0.040625 0.046528
0 0.820898 0.618403 0.031641 0.042361
0 0.894727 0.480556 0.018359 0.036111
0 0.926172 0.416667 0.022656 0.027778
0 0.894336 0.398958 0.024609 0.034028
0 0.867383 0.446181 0.016797 0.049306
0 0.857617 0.363194 0.023828 0.025000
0 0.589648 0.426389 0.026172 0.047222
0 0.608008 0.360764 0.014453 0.029861
0 0.620508 0.372569 0.016797 0.032639
0 0.622852 0.339236 0.020703 0.039583
0 0.664844 0.396181 0.021094 0.038194
0 0.705078 0.351389 0.023438 0.034722
0 0.751758 0.317708 0.016797 0.031250
0 0.680859 0.332292 0.020313 0.027083
0 0.671289 0.318056 0.019141 0.031944
0 0.677734 0.285764 0.019531 0.031250
0 0.687695 0.302778 0.019141 0.036111
0 0.706836 0.303125 0.020703 0.038194
0 0.707812 0.281944 0.018750 0.025000
0 0.697070 0.269444 0.016797 0.025000
0 0.721875 0.287153 0.017969 0.025694
0 0.727539 0.256250 0.018359 0.027778
0 0.737695 0.271875 0.013672 0.028472
0 0.753711 0.254167 0.018359 0.029167
0 0.736523 0.231597 0.016797 0.029861
0 0.779297 0.263542 0.018750 0.022917
0 0.769336 0.232292 0.016016 0.024306
0 0.815820 0.220486 0.019141 0.017361
0 0.800195 0.195833 0.016016 0.022222
0 0.789258 0.186806 0.015234 0.022222
0 0.814063 0.183333 0.013281 0.019444
0 0.828125 0.173264 0.015625 0.017361
0 0.823633 0.152778 0.012891 0.023611
0 0.834180 0.157986 0.013672 0.028472
0 0.848242 0.151736 0.014453 0.021528
0 0.873242 0.119444 0.016797 0.016667
0 0.894922 0.131944 0.014844 0.018056
0 0.908203 0.136806 0.014844 0.018056
0 0.912891 0.121528 0.015625 0.018056
0 0.908398 0.088542 0.014453 0.018750
0 0.929492 0.098264 0.015234 0.014583
0 0.790234 0.340278 0.015625 0.031944
