2 0.276758 0.330903 0.051953 0.074306
2 0.539062 0.374653 0.072656 0.065972
2 0.871094 0.120139 0.024219 0.043056
2 0.827734 0.371181 0.073438 0.065972
2 0.725000 0.640625 0.067187 0.065972
2 0.812305 0.241319 0.050391 0.064583
1 0.239453 0.305903 0.035156 0.054861
1 0.175195 0.293403 0.031641 0.039583
1 0.198047 0.310417 0.025000 0.026389
1 0.692383 0.463194 0.044922 0.077778
1 0.659570 0.345139 0.026953 0.052778
1 0.892383 0.069444 0.030078 0.041667
0 0.211719 0.303819 0.022656 0.031250
0 0.191797 0.287500 0.017188 0.023611
0 0.233398 0.321875 0.029297 0.038194
0 0.246094 0.355903 0.023438 0.025694
0 0.256641 0.385069 0.023438 0.028472
0 0.268945 0.374306 0.025391 0.034722
0 0.274219 0.358333 0.022656 0.031944
0 0.257422 0.345486 0.021875 0.031250
0 0.296875 0.378819 0.026562 0.027083
0 0.311914 0.365972 0.023828 0.030556
0 0.305273 0.340972 0.010547 0.022222
0 0.323242 0.358333 0.023828 0.027778
0 0.348828 0.377778 0.025781 0.029167
0 0.335352 0.388542 0.024609 0.032639
0 0.323437 0.401389 0.025781 0.031944
0 0.307812 0.410417 0.027344 0.033333
0 0.246094 0.740278 0.035937 0.045833
0 0.309766 0.708681 0.032031 0.043750
0 0.378320 0.701042 0.041016 0.046528
0 0.406055 0.590278 0.039453 0.059722
0 0.073438 0.924653 0.052344 0.071528
0 0.634375 0.756250 0.045312 0.062500
0 0.617383 0.911111 0.035547 0.062500
0 0.661523 0.842361 0.033984 0.070833
0 0.652148 0.955556 0.037891 0.052778
0 0.716602 0.976389 0.030859 0.047222
0 0.750781 0.852431 0.042188 0.050694
0 0.965234 0.735069 0.039062 0.042361
0 0.930273 0.736806 0.041016 0.045833
0 0.889062 0.756944 0.041406 0.048611
0 0.888086 0.711111 0.034766 0.041667
0 0.905078 0.698264 0.040625 0.045139
0 0.883008 0.657639 0.035547 0.040278
0 0.854688 0.663889 0.032031 0.038889
0 0.837500 0.673611 0.035937 0.043056
0 0.797461 0.690278 0.044141 0.047222
0 0.792773 0.644444 0.037109 0.040278
0 0.808008 0.627431 0.041016 0.042361
0 0.821289 0.619097 0.032422 0.043750
0 0.774023 0.587847 0.038672 0.043750
0 0.764844 0.602431 0.035156 0.036806
0 0.753906 0.612847 0.035937 0.031250
0 0.749414 0.630556 0.039453 0.041667
0 0.894727 0.479861 0.025391 0.033333
0 0.925977 0.415278 0.024609 0.030556
0 0.893164 0.396181 0.030859 0.036806
0 0.869336 0.446181 0.027734 0.046528
0 0.746875 0.323264 0.017188 0.020139
0 0.684180 0.329861 0.019141 0.029167
0 0.640430 0.375694 0.029297 0.051389
0 0.641406 0.348264 0.017969 0.018750
0 0.627734 0.339236 0.021875 0.032639
0 0.724023 0.249306 0.023828 0.029167
0 0.768359 0.209375 0.021875 0.025694
0 0.790430 0.186806 0.016016 0.020833
0 0.806641 0.188542 0.019531 0.034028
0 0.832227 0.144792 0.013672 0.024306
0 0.854492 0.142708 0.017578 0.022917
0 0.905664 0.138194 0.016016 0.031944
0 0.884570 0.142014 0.015234 0.025694
0 0.891016 0.107986 0.012500 0.020139
0 0.926172 0.098958 0.012500 0.022917
0 0.984961 0.037847 0.012109 0.018750
0 0.945898 0.050347 0.014453 0.018750
