2 0.760938 0.628472 0.088281 0.101389
2 0.830664 0.594444 0.075391 0.079167
2 0.358984 0.781597 0.084375 0.115972
2 0.297070 0.808681 0.080078 0.124306
2 0.840820 0.378125 0.052734 0.046528
1 0.622070 0.339931 0.026953 0.046528
1 0.228320 0.895486 0.051953 0.079861
1 0.076758 0.127431 0.020703 0.028472
0 0.043945 0.096875 0.014453 0.021528
0 0.003906 0.144444 0.007031 0.013889
0 0.318750 0.355208 0.024219 0.032639
0 0.340820 0.372222 0.026953 0.037500
0 0.362695 0.387500 0.022266 0.031944
0 0.388281 0.408333 0.028906 0.033333
0 0.413281 0.427431 0.028125 0.032639
0 0.439063 0.447569 0.026562 0.032639
0 0.382031 0.427083 0.022656 0.037500
0 0.403906 0.441667 0.028906 0.037500
0 0.437305 0.469097 0.028516 0.038194
0 0.156641 0.976736 0.042969 0.039583
0 0.380078 0.695139 0.035156 0.043056
0 0.418164 0.690278 0.033203 0.037500
0 0.419531 0.726389 0.033594 0.034722
0 0.635938 0.753819 0.041406 0.052083
0 0.750977 0.848611 0.040234 0.048611
0 0.716797 0.977083 0.022656 0.045833
0 0.649219 0.962153 0.043750 0.049306
0 0.626367 0.989236 0.023047 0.021528
0 0.722070 0.645139 0.035547 0.036111
0 0.648242 0.589931 0.036328 0.035417
0 0.609375 0.564583 0.035937 0.033333
0 0.600977 0.537500 0.033203 0.034722
0 0.857617 0.361458 0.025391 0.025694
0 0.894531 0.399653 0.030469 0.028472
0 0.926758 0.417014 0.023828 0.022917
0 0.895117 0.478125 0.017578 0.029861
0 0.866797 0.444097 0.019531 0.047917
0 0.975195 0.047222 0.010547 0.016667
0 0.991797 0.007292 0.008594 0.013194
0 0.932031 0.065278 0.011719 0.018056
0 0.933008 0.109375 0.011328 0.021528
0 0.806250 0.185764 0.016406 0.027083
0 0.747852 0.223611 0.019141 0.026389
0 0.753320 0.345833 0.021484 0.027778
0 0.722070 0.322917 0.017578 0.026389
0 0.700781 0.371181 0.021094 0.029861
0 0.733398 0.271528 0.016797 0.022222
0 0.712109 0.274653 0.017969 0.024306
0 0.721680 0.292708 0.020703 0.027083
0 0.686523 0.280208 0.013672 0.020139
0 0.698242 0.286806 0.018359 0.023611
0 0.696875 0.311458 0.023438 0.034028
0 0.668750 0.290625 0.015625 0.022917
0 0.678906 0.306597 0.019531 0.025694
0 0.679492 0.332639 0.022266 0.026389
0 0.658008 0.309028 0.018359 0.025000
0 0.662109 0.327431 0.015625 0.022917
0 0.660352 0.350347 0.018359 0.027083
0 0.634180 0.348264 0.023047 0.036806
0 0.642969 0.372917 0.021875 0.027778
