2 0.793750 0.653472 0.087500 0.094444
2 0.793945 0.614583 0.119141 0.112500
2 0.831836 0.373611 0.065234 0.051389
2 0.370117 0.725347 0.071484 0.092361
2 0.272070 0.831250 0.091016 0.122222
2 0.133984 0.148264 0.038281 0.046528
1 0.571094 0.657292 0.053125 0.046528
0 0.085352 0.219444 0.016016 0.018056
0 0.089453 0.188194 0.014844 0.023611
0 0.100781 0.213889 0.016406 0.025000
0 0.205078 0.207292 0.017969 0.021528
0 0.162500 0.281944 0.021094 0.030556
0 0.211133 0.328125 0.021484 0.027083
0 0.223633 0.281250 0.018359 0.029167
0 0.251953 0.302778 0.022656 0.027778
0 0.235742 0.327083 0.020703 0.033333
0 0.258398 0.337847 0.029297 0.050694
0 0.254492 0.367014 0.022266 0.031250
0 0.249805 0.382639 0.022266 0.030556
0 0.292969 0.332292 0.021094 0.028472
0 0.325391 0.282639 0.025000 0.036111
0 0.432617 0.370139 0.029297 0.029167
0 0.490234 0.381597 0.022656 0.031250
0 0.284570 0.366667 0.020703 0.030556
0 0.280078 0.387153 0.020313 0.034028
0 0.302734 0.405903 0.024219 0.035417
0 0.313867 0.392708 0.023047 0.036806
0 0.309375 0.365972 0.020313 0.029167
0 0.317969 0.353125 0.022656 0.028472
0 0.339258 0.366319 0.023828 0.029861
0 0.339648 0.392708 0.025391 0.032639
0 0.361133 0.387847 0.023828 0.031250
0 0.170313 0.963542 0.039844 0.045139
0 0.201563 0.968750 0.042188 0.062500
0 0.352734 0.803472 0.035937 0.043056
0 0.381641 0.596528 0.030469 0.041667
0 0.377148 0.631944 0.030859 0.037500
0 0.450391 0.694792 0.035937 0.046528
0 0.528906 0.550000 0.024219 0.037500
0 0.593555 0.469097 0.022266 0.035417
0 0.591992 0.370139 0.025391 0.029167
0 0.665430 0.306597 0.019922 0.028472
0 0.707227 0.304167 0.018359 0.030556
0 0.731445 0.313889 0.014453 0.026389
0 0.736523 0.338542 0.016016 0.029861
0 0.614844 0.985764 0.042188 0.028472
0 0.651367 0.957639 0.034766 0.059722
0 0.716211 0.977431 0.024609 0.045139
0 0.635547 0.756597 0.039062 0.049306
0 0.750781 0.851736 0.038281 0.047917
0 0.807227 0.768403 0.037891 0.049306
0 0.988672 0.775000 0.022656 0.040278
0 0.988281 0.750347 0.023438 0.031250
0 0.948633 0.750694 0.034766 0.037500
0 0.904492 0.720139 0.035547 0.040278
0 0.908398 0.696875 0.036328 0.039583
0 0.859766 0.684375 0.045312 0.057639
0 0.820898 0.620486 0.030078 0.039583
0 0.753125 0.620833 0.018750 0.022222
0 0.728516 0.626389 0.032813 0.037500
0 0.718359 0.637153 0.032031 0.040972
0 0.893945 0.479514 0.017578 0.032639
0 0.925977 0.416319 0.021484 0.024306
0 0.893359 0.399306 0.028906 0.027778
0 0.867188 0.444444 0.014844 0.043056
0 0.857422 0.364583 0.022656 0.027778
0 0.843359 0.189931 0.014063 0.018750
0 0.893945 0.083333 0.013672 0.026389
0 0.960938 0.036111 0.010937 0.016667
0 0.981641 0.053472 0.010937 0.015278
0 0.997656 0.021875 0.004687 0.014583
