2 0.794336 0.615972 0.116016 0.112500
2 0.830859 0.371181 0.063281 0.046528
2 0.587305 0.362500 0.059766 0.077778
2 0.230273 0.880556 0.080078 0.105556
2 0.121875 0.961806 0.108594 0.076389
1 0.172461 0.192708 0.037109 0.049306
1 0.364648 0.329167 0.036328 0.041667
1 0.345898 0.803819 0.047266 0.081250
1 0.836719 0.212847 0.024219 0.039583
0 0.030859 0.170486 0.014063 0.018750
0 0.031445 0.150000 0.016016 0.025000
0 0.042578 0.146528 0.013281 0.022222
0 0.083398 0.177431 0.015234 0.020139
0 0.106055 0.204514 0.016797 0.024306
0 0.158398 0.246875 0.018359 0.025694
0 0.218359 0.216667 0.018750 0.022222
0 0.274023 0.241319 0.021484 0.021528
0 0.207617 0.324306 0.022266 0.029167
0 0.246875 0.336458 0.021875 0.034028
0 0.304492 0.341667 0.023828 0.025000
0 0.359180 0.386111 0.024609 0.026389
0 0.302930 0.405903 0.022266 0.035417
0 0.313281 0.392708 0.023438 0.031250
0 0.025195 0.982292 0.044922 0.035417
0 0.124609 0.876736 0.037500 0.052083
0 0.191797 0.978125 0.028906 0.043750
0 0.234180 0.933333 0.039453 0.027778
0 0.288477 0.835764 0.029297 0.049306
0 0.293359 0.865278 0.039062 0.038889
0 0.325586 0.789931 0.031641 0.045139
0 0.428125 0.356944 0.027344 0.029167
0 0.364258 0.748958 0.033984 0.036806
0 0.383594 0.764931 0.032813 0.042361
0 0.399609 0.709722 0.034375 0.047222
0 0.415234 0.728472 0.029687 0.040278
0 0.561523 0.431597 0.023828 0.036806
0 0.717383 0.976736 0.022266 0.046528
0 0.616406 0.986111 0.042188 0.027778
0 0.621484 0.904514 0.036719 0.064583
0 0.651953 0.957639 0.032031 0.058333
0 0.671875 0.827431 0.024219 0.054861
0 0.636133 0.754861 0.038672 0.041667
0 0.750586 0.850347 0.037109 0.045139
0 0.842969 0.822917 0.040625 0.058333
0 0.988867 0.774306 0.022266 0.041667
0 0.988477 0.748958 0.023047 0.029861
0 0.948828 0.750694 0.030469 0.036111
0 0.905078 0.718403 0.035937 0.034028
0 0.908008 0.697569 0.030859 0.036806
0 0.859180 0.685069 0.047266 0.052083
0 0.810742 0.659722 0.036328 0.034722
0 0.820898 0.619444 0.030078 0.040278
0 0.760547 0.625000 0.035937 0.031944
0 0.717187 0.638542 0.035937 0.039583
0 0.729102 0.628125 0.032422 0.038194
0 0.894922 0.479167 0.017188 0.030556
0 0.925781 0.415972 0.021094 0.025000
0 0.893359 0.396875 0.023438 0.027083
0 0.867578 0.444444 0.017188 0.037500
0 0.858398 0.363889 0.023828 0.030556
0 0.655664 0.314931 0.019922 0.022917
0 0.745508 0.306944 0.017578 0.029167
0 0.781836 0.282292 0.015234 0.024306
0 0.722070 0.245486 0.023828 0.029861
0 0.755078 0.234375 0.017969 0.024306
0 0.781055 0.195139 0.014453 0.019444
0 0.810547 0.165972 0.011719 0.025000
0 0.886719 0.160764 0.012500 0.018750
0 0.883203 0.101042 0.011719 0.015972
1 0.937305 0.090972 0.014453 0.023611
0 0.931055 0.058333 0.012109 0.019444
0 0.984180 0.051042 0.008984 0.015972
0 0.968555 0.027431 0.008203 0.013194
0 0.968164 0.016667 0.008203 0.013889
