2 0.575195 0.367014 0.066797 0.074306
2 0.796094 0.650694 0.084375 0.102778
2 0.795312 0.607639 0.116406 0.105556
2 0.840430 0.374653 0.046484 0.046528
2 0.953711 0.076389 0.016797 0.034722
2 0.939844 0.074653 0.014844 0.028472
1 0.695312 0.380556 0.035156 0.054167
0 0.175586 0.298264 0.019922 0.028472
0 0.192383 0.307292 0.019922 0.034028
0 0.217969 0.309375 0.017969 0.028472
0 0.228711 0.342708 0.024609 0.032639
0 0.238281 0.326736 0.016406 0.029861
0 0.253711 0.303819 0.016797 0.024306
0 0.271484 0.315278 0.023438 0.027778
0 0.257812 0.338889 0.030469 0.050000
0 0.254102 0.364583 0.024609 0.031944
0 0.251758 0.384722 0.020703 0.031944
0 0.278906 0.384375 0.022656 0.029861
0 0.284375 0.366319 0.021875 0.029861
0 0.287500 0.347917 0.021875 0.031944
0 0.293945 0.331597 0.020703 0.028472
0 0.317383 0.352778 0.023828 0.033333
0 0.311328 0.366667 0.021875 0.029167
0 0.314844 0.392708 0.021094 0.032639
0 0.304492 0.404861 0.022266 0.031944
0 0.340820 0.393750 0.026172 0.033333
0 0.338672 0.367708 0.022656 0.027083
0 0.359961 0.386806 0.023047 0.031944
0 0.401367 0.336806 0.032422 0.040278
0 0.310742 0.702431 0.029297 0.042361
0 0.377734 0.695139 0.030469 0.045833
0 0.401367 0.706597 0.032422 0.034028
0 0.479102 0.665278 0.037891 0.037500
0 0.605469 0.493056 0.025781 0.040278
0 0.634766 0.976389 0.036719 0.044444
0 0.716992 0.977083 0.023047 0.045833
0 0.750977 0.847917 0.034766 0.047222
0 0.719922 0.819444 0.035937 0.047222
0 0.679688 0.902083 0.030469 0.065278
0 0.636133 0.753125 0.038672 0.049306
0 0.761328 0.669444 0.033594 0.037500
0 0.987500 0.773264 0.025000 0.043750
0 0.988086 0.748264 0.023828 0.029861
0 0.949023 0.748958 0.032422 0.039583
0 0.904687 0.718403 0.035156 0.035417
0 0.906836 0.695139 0.033984 0.036111
0 0.859570 0.683681 0.044922 0.054861
0 0.822070 0.618056 0.030859 0.031944
0 0.763086 0.671181 0.037109 0.039583
0 0.717773 0.638542 0.037109 0.039583
0 0.729492 0.626736 0.033984 0.034028
0 0.773828 0.563542 0.032031 0.032639
0 0.754687 0.618056 0.020313 0.030556
0 0.894531 0.478819 0.017969 0.027083
0 0.925977 0.414583 0.020703 0.023611
0 0.894727 0.395833 0.023828 0.023611
0 0.868750 0.444444 0.015625 0.037500
0 0.857227 0.363194 0.023047 0.025000
0 0.668750 0.383681 0.021094 0.024306
0 0.642578 0.371528 0.021094 0.025000
0 0.629102 0.360069 0.022266 0.031250
0 0.666016 0.347222 0.017969 0.025000
0 0.742969 0.301389 0.017969 0.019444
0 0.796875 0.230208 0.022656 0.034028
0 0.815234 0.238542 0.017969 0.028472
0 0.836133 0.190625 0.015234 0.024306
0 0.850195 0.197569 0.012891 0.024306
0 0.886914 0.150694 0.013672 0.019444
0 0.927734 0.115972 0.013281 0.020833
0 0.924805 0.070139 0.016016 0.023611
0 0.950586 0.047917 0.012891 0.016667
0 0.915234 0.123264 0.016406 0.031250
0 0.978711 0.009722 0.007422 0.018056
0 0.989648 0.010417 0.006641 0.011111
