2 0.791992 0.614931 0.119141 0.117361
2 0.832812 0.372222 0.063281 0.058333
2 0.763086 0.201389 0.037109 0.069444
2 0.123828 0.962500 0.107031 0.075000
2 0.233398 0.882292 0.080859 0.099306
1 0.650977 0.305208 0.041797 0.056250
1 0.638086 0.344097 0.036328 0.064583
1 0.718555 0.242361 0.026172 0.040278
1 0.809180 0.375347 0.041797 0.038194
1 0.348633 0.806250 0.051172 0.069444
0 0.358594 0.387847 0.029687 0.032639
0 0.303125 0.402778 0.025000 0.036111
0 0.042773 0.106597 0.013672 0.022917
0 0.195312 0.980903 0.037500 0.038194
0 0.233984 0.932639 0.036719 0.037500
0 0.290820 0.835069 0.033203 0.047917
0 0.292578 0.863889 0.036719 0.041667
0 0.325391 0.792014 0.032813 0.043750
0 0.364258 0.749653 0.033203 0.039583
0 0.384961 0.767014 0.033984 0.039583
0 0.401953 0.709028 0.035937 0.044444
0 0.416211 0.729167 0.034766 0.038889
0 0.569531 0.538889 0.016406 0.043056
0 0.601367 0.603472 0.021484 0.047222
0 0.635547 0.755208 0.039062 0.056250
0 0.681641 0.801042 0.023438 0.057639
0 0.654687 0.848611 0.030469 0.069444
0 0.618164 0.911458 0.028516 0.061806
0 0.544336 0.981597 0.044141 0.036806
0 0.617969 0.985069 0.039844 0.029861
0 0.651367 0.954514 0.033203 0.057639
0 0.715430 0.975694 0.026172 0.048611
0 0.751953 0.850347 0.043750 0.052083
0 0.942969 0.745833 0.038281 0.040278
0 0.897266 0.650347 0.041406 0.043750
0 0.894922 0.479167 0.020313 0.033333
0 0.926562 0.417361 0.025000 0.026389
0 0.895508 0.398611 0.026953 0.029167
0 0.868750 0.445139 0.018750 0.045833
0 0.869531 0.411806 0.021875 0.026389
0 0.857422 0.362500 0.023438 0.023611
0 0.789453 0.340278 0.014844 0.027778
0 0.719922 0.340278 0.021875 0.025000
0 0.608203 0.409722 0.018750 0.030556
0 0.607031 0.387153 0.017969 0.031250
0 0.603125 0.365625 0.016406 0.025694
0 0.621680 0.338194 0.014453 0.031944
0 0.668750 0.322222 0.019531 0.034722
0 0.687500 0.302083 0.019531 0.034722
0 0.675977 0.287153 0.013672 0.022917
0 0.694531 0.272222 0.018750 0.025000
0 0.703906 0.285069 0.021094 0.027083
0 0.728320 0.255556 0.014453 0.020833
0 0.736914 0.231597 0.016797 0.024306
0 0.779297 0.222222 0.014063 0.018056
0 0.785742 0.192708 0.016797 0.024306
0 0.797070 0.178819 0.015234 0.025694
0 0.815430 0.183681 0.014453 0.021528
0 0.823438 0.164583 0.016406 0.031944
0 0.836133 0.139236 0.015234 0.024306
0 0.847461 0.150347 0.013672 0.018750
0 0.849609 0.132292 0.013281 0.017361
0 0.857617 0.144792 0.012891 0.018750
0 0.871484 0.110069 0.014844 0.015972
0 0.892383 0.147569 0.012109 0.018750
0 0.976562 0.046875 0.009375 0.014583
0 0.975195 0.018403 0.012109 0.017361
