2 0.278711 0.329861 0.055859 0.079167
2 0.379883 0.760764 0.055859 0.074306
2 0.833008 0.378125 0.070703 0.056250
2 0.726758 0.640972 0.070703 0.079167
1 0.240820 0.302431 0.040234 0.047917
1 0.177734 0.296181 0.034375 0.045139
1 0.200781 0.318403 0.028906 0.046528
1 0.217188 0.758333 0.072656 0.072222
1 0.230078 0.938542 0.063281 0.056250
1 0.529297 0.457292 0.034375 0.059028
1 0.784570 0.207639 0.026172 0.045833
1 0.893750 0.078819 0.021094 0.032639
1 0.948828 0.029167 0.019531 0.023611
0 0.191992 0.289236 0.019922 0.031250
0 0.281836 0.277431 0.021484 0.028472
0 0.211719 0.304514 0.020313 0.029861
0 0.220117 0.336806 0.019922 0.034722
0 0.233594 0.322917 0.028906 0.044444
0 0.244922 0.356944 0.022656 0.033333
0 0.256445 0.346528 0.025391 0.036111
0 0.276172 0.359722 0.024219 0.034722
0 0.301563 0.337847 0.020313 0.024306
0 0.268945 0.374653 0.026172 0.038194
0 0.253906 0.385417 0.027344 0.040278
0 0.311523 0.369792 0.023828 0.029861
0 0.324609 0.358333 0.023438 0.030556
0 0.349805 0.377778 0.026172 0.034722
0 0.338281 0.392708 0.034375 0.040972
0 0.323828 0.398611 0.019531 0.027778
0 0.308984 0.410417 0.028125 0.036111
0 0.299023 0.381944 0.023828 0.030556
0 0.469141 0.500000 0.029687 0.047222
0 0.408984 0.570833 0.035937 0.047222
0 0.438086 0.575347 0.034766 0.043750
0 0.312891 0.701389 0.035156 0.047222
0 0.219531 0.804514 0.042969 0.046528
0 0.045117 0.979514 0.056641 0.040972
0 0.261328 0.859375 0.046094 0.047917
0 0.308398 0.807639 0.054297 0.052778
0 0.327734 0.827778 0.043750 0.051389
0 0.285938 0.878472 0.043750 0.040278
0 0.359570 0.747569 0.044922 0.043750
0 0.376953 0.700694 0.034375 0.038889
0 0.403711 0.697917 0.034766 0.059722
0 0.433984 0.703819 0.037500 0.042361
0 0.717578 0.976736 0.027344 0.043750
0 0.749609 0.847569 0.042188 0.052083
0 0.638281 0.756597 0.039844 0.049306
0 0.584766 0.575347 0.032031 0.057639
0 0.577734 0.494444 0.023438 0.043056
0 0.585156 0.451042 0.021875 0.040972
0 0.752344 0.615625 0.037500 0.049306
0 0.766406 0.600694 0.030469 0.045833
0 0.774609 0.584722 0.038281 0.050000
0 0.791016 0.644444 0.035156 0.047222
0 0.808398 0.628819 0.036328 0.046528
0 0.818555 0.615278 0.033984 0.050000
0 0.835938 0.673264 0.036719 0.049306
0 0.855469 0.662500 0.034375 0.044444
0 0.887109 0.707986 0.036719 0.056250
0 0.912109 0.699306 0.039062 0.052778
0 0.964648 0.732986 0.040234 0.045139
0 0.894336 0.480208 0.018359 0.035417
0 0.924219 0.414931 0.025000 0.027083
0 0.891211 0.394444 0.026172 0.027778
0 0.867969 0.444097 0.021875 0.046528
0 0.716016 0.361458 0.017969 0.029861
0 0.601367 0.363542 0.025391 0.034028
0 0.637500 0.351389 0.021094 0.034722
0 0.700586 0.278472 0.021484 0.033333
0 0.718359 0.287153 0.021875 0.035417
0 0.743359 0.228819 0.017969 0.024306
0 0.805859 0.185069 0.013281 0.022917
0 0.809375 0.163889 0.014063 0.026389
0 0.827734 0.164583 0.019531 0.023611
0 0.847266 0.148264 0.010937 0.017361
0 0.850000 0.130556 0.017188 0.020833
0 0.860938 0.117014 0.014844 0.021528
0 0.873047 0.105556 0.015625 0.016667
0 0.870898 0.125000 0.012891 0.019444
0 0.901367 0.092708 0.011328 0.020139
0 0.902539 0.075694 0.008203 0.013889
0 0.910742 0.085069 0.011328 0.015972
0 0.918164 0.078125 0.012109 0.018750
0 0.914258 0.067014 0.008984 0.011806
0 0.924414 0.071528 0.012109 0.018056
0 0.937109 0.048611 0.012500 0.016667
0 0.942187 0.041667 0.009375 0.012500
0 0.952734 0.045486 0.008594 0.015972
0 0.961133 0.034375 0.009766 0.014583
0 0.973828 0.013889 0.007031 0.012500
1 0.985547 0.012153 0.007812 0.018750
