2 0.794336 0.654861 0.080859 0.094444
2 0.838477 0.373958 0.048047 0.047917
2 0.320898 0.825347 0.084766 0.117361
2 0.299414 0.804514 0.080859 0.115972
2 0.277539 0.252431 0.065234 0.065972
0 0.018750 0.096528 0.012500 0.019444
0 0.119531 0.162500 0.014063 0.019444
0 0.228711 0.234722 0.023047 0.033333
0 0.269531 0.283333 0.019531 0.020833
0 0.290430 0.332986 0.022266 0.028472
0 0.315625 0.352083 0.025000 0.031944
0 0.350586 0.376736 0.026172 0.034028
0 0.380273 0.401736 0.026172 0.029861
0 0.410547 0.424653 0.028906 0.032639
0 0.439258 0.446528 0.028516 0.034722
0 0.359180 0.349653 0.023828 0.022917
0 0.401367 0.346528 0.026172 0.026389
0 0.442969 0.396181 0.027344 0.034028
0 0.495898 0.411111 0.026953 0.030556
0 0.383203 0.425000 0.026562 0.037500
0 0.405273 0.444097 0.026953 0.036806
0 0.438672 0.469097 0.034375 0.036806
0 0.377344 0.444097 0.024219 0.032639
0 0.437109 0.484028 0.028906 0.036111
0 0.358984 0.455208 0.028906 0.035417
0 0.469336 0.534722 0.031641 0.044444
0 0.189648 0.985417 0.033984 0.029167
0 0.217578 0.906944 0.053906 0.077778
0 0.379102 0.696181 0.037891 0.045139
0 0.417773 0.726736 0.035547 0.042361
0 0.416992 0.693750 0.035547 0.045833
0 0.374219 0.736806 0.033594 0.041667
0 0.649219 0.958681 0.038281 0.059028
0 0.629102 0.989583 0.025391 0.020833
0 0.716406 0.977083 0.023438 0.045833
0 0.609766 0.493750 0.030469 0.031944
0 0.627930 0.530903 0.030859 0.032639
0 0.661328 0.598264 0.035937 0.043750
0 0.656445 0.660764 0.034766 0.049306
0 0.931250 0.898611 0.043750 0.051389
0 0.921680 0.836111 0.051172 0.080556
0 0.773633 0.756944 0.041016 0.045833
0 0.751953 0.848958 0.039062 0.047917
0 0.637109 0.755208 0.046094 0.052083
0 0.556250 0.647917 0.033594 0.043056
0 0.572656 0.623958 0.038281 0.049306
0 0.616602 0.570139 0.035547 0.038889
0 0.694727 0.491667 0.024609 0.036111
0 0.802148 0.584722 0.033984 0.038889
0 0.291211 0.255556 0.020703 0.027778
0 0.926953 0.415972 0.024219 0.023611
0 0.893750 0.481597 0.019531 0.036806
0 0.894336 0.397917 0.025391 0.027778
0 0.869531 0.446528 0.017969 0.041667
0 0.858594 0.361458 0.024219 0.025694
0 0.643359 0.373611 0.021875 0.033333
0 0.636133 0.352778 0.027734 0.041667
0 0.635156 0.322917 0.025000 0.041667
0 0.660937 0.352431 0.021094 0.027083
0 0.662695 0.326042 0.017578 0.027083
0 0.680859 0.332986 0.021875 0.031250
0 0.680664 0.311111 0.019922 0.027778
0 0.680664 0.286806 0.019141 0.023611
0 0.707617 0.297569 0.022266 0.036806
0 0.714844 0.271181 0.017969 0.027083
0 0.720313 0.246875 0.019531 0.024306
0 0.761523 0.223611 0.016797 0.026389
0 0.770898 0.204167 0.015234 0.022222
0 0.844727 0.154167 0.016016 0.020833
0 0.995703 0.035417 0.008594 0.016667
0 0.932617 0.052431 0.012109 0.018750
0 0.741406 0.657639 0.040625 0.041667
0 0.836719 0.660417 0.033594 0.058333
