2 0.611914 0.341667 0.052734 0.062500
2 0.276367 0.331597 0.051172 0.075694
2 0.759766 0.304514 0.049219 0.067361
2 0.829102 0.371528 0.070703 0.059722
2 0.900391 0.092014 0.019531 0.029861
2 0.724414 0.637500 0.066016 0.072222
1 0.240039 0.304167 0.036328 0.051389
1 0.174414 0.292014 0.030078 0.032639
1 0.200977 0.311806 0.023047 0.023611
1 0.890039 0.066319 0.016016 0.028472
1 0.660352 0.346528 0.030859 0.045833
1 0.766406 0.548264 0.054688 0.063194
0 0.193555 0.291319 0.021484 0.025694
0 0.162695 0.178125 0.021484 0.025694
0 0.212109 0.305556 0.015625 0.020833
0 0.233008 0.324306 0.031641 0.040278
0 0.221484 0.337500 0.021875 0.026389
0 0.256055 0.345486 0.022266 0.027083
0 0.245703 0.359375 0.021094 0.022917
0 0.275586 0.359375 0.024609 0.025694
0 0.269336 0.375694 0.026953 0.029167
0 0.257031 0.385069 0.024219 0.028472
0 0.312500 0.369792 0.024219 0.031250
0 0.324414 0.360417 0.025391 0.030556
0 0.304297 0.340278 0.012500 0.020833
0 0.349609 0.377778 0.026562 0.029167
0 0.335156 0.386806 0.025000 0.026389
0 0.320508 0.396875 0.027734 0.034028
0 0.309180 0.411458 0.024609 0.035417
0 0.298242 0.379514 0.022266 0.028472
0 0.406641 0.569792 0.033594 0.043750
0 0.494922 0.510764 0.032031 0.047917
0 0.191211 0.830208 0.047266 0.056250
0 0.103906 0.890972 0.041406 0.058333
0 0.339258 0.659722 0.039453 0.059722
0 0.379297 0.698958 0.039062 0.050694
0 0.557227 0.434722 0.041016 0.045833
0 0.027148 0.988542 0.041797 0.022917
0 0.688086 0.397917 0.025391 0.040278
0 0.681055 0.288889 0.025391 0.030556
0 0.684180 0.331250 0.026172 0.030556
0 0.716406 0.270833 0.025000 0.030556
0 0.776367 0.202083 0.017578 0.031944
0 0.807422 0.171528 0.017188 0.023611
0 0.827539 0.151736 0.016016 0.024306
0 0.848633 0.147569 0.021484 0.025694
0 0.838672 0.189236 0.016406 0.025694
0 0.862109 0.176736 0.019531 0.029861
0 0.890625 0.138194 0.015625 0.022222
0 0.871289 0.106250 0.015234 0.020833
0 0.884570 0.113889 0.012891 0.023611
0 0.917969 0.080903 0.010156 0.015972
0 0.949219 0.075000 0.013281 0.020833
0 0.966797 0.028472 0.014844 0.015278
0 0.636914 0.755903 0.046484 0.057639
0 0.662500 0.841667 0.038281 0.066667
0 0.618750 0.913889 0.039062 0.061111
0 0.652734 0.958333 0.039062 0.058333
0 0.716211 0.976389 0.037891 0.047222
0 0.749805 0.850000 0.042578 0.050000
0 0.962500 0.730556 0.038281 0.047222
0 0.941211 0.743056 0.036328 0.043056
0 0.887500 0.709028 0.035937 0.038889
0 0.906641 0.701042 0.039062 0.043750
0 0.883594 0.659722 0.035937 0.041667
0 0.855273 0.666319 0.034766 0.039583
0 0.838281 0.671875 0.034375 0.036806
0 0.812891 0.670833 0.039062 0.037500
0 0.813672 0.704167 0.042188 0.041667
0 0.791211 0.641667 0.031641 0.043056
0 0.809375 0.630556 0.039844 0.045833
0 0.820898 0.619792 0.036328 0.045139
0 0.773438 0.586806 0.038281 0.037500
0 0.764648 0.599653 0.037109 0.034028
0 0.754492 0.619444 0.041016 0.041667
0 0.894336 0.481250 0.026953 0.040278
0 0.926562 0.415972 0.025781 0.029167
0 0.894141 0.395833 0.026562 0.033333
0 0.869141 0.444444 0.028125 0.050000
0 0.858398 0.364236 0.029297 0.027083
