2 0.762695 0.631944 0.086328 0.094444
2 0.840625 0.373958 0.049219 0.040972
2 0.358984 0.781250 0.082812 0.112500
2 0.300000 0.806250 0.083594 0.122222
2 0.025000 0.078819 0.025000 0.036806
1 0.279492 0.270486 0.031641 0.046528
1 0.226953 0.897917 0.057031 0.080556
1 0.623633 0.339236 0.027734 0.047917
0 0.032227 0.100000 0.014453 0.022222
0 0.051562 0.106944 0.014844 0.018056
0 0.120898 0.146875 0.012891 0.015972
0 0.146484 0.191667 0.016406 0.018056
0 0.190430 0.195833 0.018359 0.022222
0 0.317188 0.354514 0.023438 0.032639
0 0.339258 0.370833 0.025391 0.034722
0 0.362695 0.387153 0.021484 0.028472
0 0.387891 0.407639 0.025000 0.031944
0 0.413477 0.426736 0.026172 0.036806
0 0.438086 0.446875 0.027734 0.036806
0 0.382227 0.425694 0.023047 0.040278
0 0.403906 0.443056 0.025781 0.038889
0 0.438281 0.469097 0.032031 0.040972
0 0.155469 0.978472 0.045312 0.043056
0 0.378711 0.695139 0.031641 0.045833
0 0.416797 0.691319 0.033594 0.040972
0 0.416992 0.727431 0.033984 0.036806
0 0.626367 0.988194 0.021484 0.023611
0 0.751563 0.848264 0.039062 0.047917
0 0.649414 0.961458 0.041016 0.053472
0 0.716602 0.976042 0.022266 0.047917
0 0.636719 0.756597 0.040625 0.047917
0 0.660937 0.599653 0.037500 0.034028
0 0.722461 0.647569 0.036328 0.038194
0 0.743164 0.546181 0.030859 0.031250
0 0.612305 0.567708 0.035547 0.034028
0 0.600977 0.536806 0.033203 0.031944
0 0.680469 0.474653 0.025000 0.036806
0 0.895312 0.479167 0.016406 0.030556
0 0.925586 0.415625 0.020703 0.024306
0 0.894922 0.398958 0.023438 0.029861
0 0.867383 0.444792 0.020703 0.046528
0 0.857227 0.363542 0.024609 0.025694
0 0.643164 0.373611 0.021484 0.034722
0 0.636523 0.351389 0.026172 0.040278
0 0.660937 0.352778 0.019531 0.033333
0 0.910352 0.085764 0.012891 0.018750
0 0.871094 0.112500 0.012500 0.016667
0 0.866406 0.164236 0.013281 0.017361
0 0.811719 0.245486 0.016406 0.020139
0 0.773633 0.226042 0.017578 0.022917
0 0.723047 0.290625 0.019531 0.022917
0 0.712109 0.275000 0.017969 0.022222
0 0.688086 0.281944 0.018359 0.023611
0 0.698828 0.287153 0.019531 0.028472
0 0.696680 0.309722 0.020703 0.030556
0 0.668359 0.292708 0.017188 0.022917
0 0.679297 0.308333 0.019531 0.026389
0 0.680078 0.331944 0.021094 0.029167
0 0.658398 0.310417 0.019922 0.026389
0 0.662305 0.328472 0.016797 0.025000
0 0.662305 0.352778 0.016797 0.026389
