1 0.875586 0.659028 0.076172 0.086111
1 0.899805 0.711111 0.055859 0.068056
1 0.227734 0.894097 0.053125 0.072917
1 0.296680 0.719444 0.066016 0.087500
2 0.359375 0.778819 0.082031 0.117361
2 0.314258 0.788889 0.084766 0.127778
1 0.622070 0.338889 0.026953 0.044444
2 0.896094 0.435069 0.044531 0.067361
0 0.182617 0.280556 0.023047 0.037500
0 0.214844 0.310764 0.020313 0.027083
0 0.236914 0.330903 0.022266 0.029861
0 0.262305 0.348264 0.022266 0.029861
0 0.265039 0.396181 0.027734 0.028472
0 0.275195 0.381597 0.022266 0.034028
0 0.284961 0.366319 0.027734 0.040972
0 0.290039 0.421528 0.024609 0.027778
0 0.304688 0.409722 0.024219 0.036111
0 0.319531 0.398611 0.025000 0.036111
0 0.156836 0.978472 0.042578 0.043056
0 0.416992 0.692708 0.035547 0.042361
0 0.417383 0.728819 0.034766 0.039583
0 0.375391 0.726736 0.031250 0.017361
0 0.483594 0.543750 0.021094 0.036111
0 0.595508 0.425347 0.019922 0.035417
0 0.578711 0.539236 0.019141 0.042361
0 0.716406 0.977431 0.024219 0.045139
0 0.651367 0.956944 0.038672 0.054167
0 0.635547 0.756944 0.043750 0.055556
0 0.750195 0.850694 0.040234 0.047222
0 0.941602 0.718403 0.038672 0.045139
0 0.801172 0.650347 0.029687 0.031250
0 0.807031 0.629167 0.038281 0.040278
0 0.734375 0.628819 0.028906 0.034028
0 0.753320 0.618403 0.033203 0.036806
0 0.760547 0.601042 0.033594 0.036806
0 0.893750 0.481944 0.017969 0.033333
0 0.925977 0.415972 0.022266 0.025000
0 0.892578 0.398611 0.026562 0.026389
0 0.846875 0.373611 0.030469 0.030556
0 0.857227 0.365278 0.026172 0.027778
0 0.830859 0.352431 0.024219 0.027083
0 0.988477 0.040278 0.009766 0.013889
1 0.970313 0.020833 0.012500 0.025000
0 0.948242 0.038194 0.011328 0.018056
0 0.958398 0.070486 0.013672 0.017361
0 0.916211 0.081944 0.013672 0.018056
0 0.943359 0.081944 0.014063 0.018056
0 0.934375 0.090625 0.012500 0.014583
0 0.925586 0.102083 0.012109 0.018056
0 0.915039 0.128472 0.013672 0.019444
0 0.896680 0.136806 0.013672 0.016667
0 0.892969 0.151389 0.013281 0.016667
0 0.875391 0.150694 0.015625 0.019444
0 0.850781 0.181597 0.017188 0.018750
0 0.834375 0.215278 0.017188 0.020833
0 0.810352 0.222569 0.016797 0.020139
0 0.722852 0.342708 0.025391 0.036806
0 0.876758 0.116319 0.016016 0.024306
0 0.864648 0.115972 0.013672 0.019444
0 0.858203 0.136806 0.012500 0.018056
0 0.844336 0.132986 0.013672 0.020139
0 0.828711 0.162500 0.016016 0.022222
0 0.763086 0.240278 0.016016 0.022222
0 0.748828 0.259375 0.016406 0.025694
0 0.733008 0.273611 0.016016 0.026389
0 0.721094 0.294792 0.017188 0.024306
0 0.674805 0.333681 0.023828 0.035417
0 0.758984 0.227431 0.017188 0.024306
0 0.742969 0.243750 0.018750 0.022222
0 0.730469 0.258333 0.021094 0.023611
0 0.712109 0.276389 0.018750 0.025000
0 0.697852 0.288542 0.018359 0.031250
0 0.678906 0.310069 0.023438 0.029861
0 0.665625 0.327431 0.022656 0.027083
0 0.635156 0.351042 0.026562 0.034028
0 0.626367 0.387153 0.025391 0.027083
0 0.655078 0.313194 0.018750 0.026389
0 0.666992 0.292361 0.019922 0.025000
0 0.686914 0.281944 0.017578 0.023611
0 0.702539 0.263889 0.018359 0.025000
0 0.718750 0.246181 0.017969 0.027083
0 0.740234 0.226736 0.020313 0.027083
