2 0.298438 0.263889 0.053125 0.062500
2 0.276758 0.333333 0.051953 0.076389
2 0.758594 0.225694 0.029687 0.052778
2 0.933789 0.104167 0.028516 0.041667
2 0.824414 0.372917 0.074609 0.059722
1 0.240820 0.306944 0.032422 0.052778
1 0.174414 0.293750 0.031641 0.033333
1 0.196289 0.311806 0.021484 0.033333
1 0.883984 0.078819 0.024219 0.036806
1 0.824023 0.202083 0.023047 0.044444
1 0.659961 0.345833 0.031641 0.051389
2 0.722070 0.639931 0.076172 0.074306
0 0.099219 0.215972 0.021875 0.027778
0 0.365430 0.320833 0.031641 0.029167
0 0.212305 0.306250 0.021484 0.033333
0 0.189844 0.289931 0.019531 0.022917
0 0.234961 0.325347 0.027734 0.038194
0 0.223242 0.333681 0.018359 0.018750
0 0.258008 0.347222 0.020703 0.027778
0 0.244727 0.358333 0.024609 0.030556
0 0.255469 0.385764 0.024219 0.035417
0 0.267188 0.376736 0.025000 0.031250
0 0.277148 0.359375 0.021484 0.032639
0 0.298633 0.381597 0.026172 0.032639
0 0.306445 0.409375 0.026953 0.038194
0 0.322266 0.400694 0.029687 0.041667
0 0.311523 0.367014 0.024609 0.032639
0 0.333984 0.390278 0.026562 0.036111
0 0.348242 0.379514 0.027734 0.032639
0 0.323828 0.359028 0.025000 0.033333
0 0.306250 0.340625 0.012500 0.025694
0 0.419922 0.560417 0.040625 0.044444
0 0.157227 0.850694 0.039453 0.054167
0 0.379297 0.696875 0.039062 0.042361
0 0.618945 0.915625 0.038672 0.064583
0 0.663086 0.845486 0.034766 0.072917
0 0.636133 0.756250 0.043359 0.051389
0 0.616211 0.984722 0.051953 0.030556
0 0.651563 0.959375 0.041406 0.056250
0 0.718945 0.975694 0.037891 0.048611
0 0.749414 0.848611 0.045703 0.058333
0 0.841406 0.725000 0.037500 0.036111
0 0.909180 0.769444 0.042578 0.041667
0 0.966992 0.759375 0.040234 0.043750
0 0.963281 0.731597 0.039062 0.042361
0 0.931250 0.736458 0.036719 0.045139
0 0.918750 0.681944 0.039062 0.045833
0 0.905078 0.699306 0.040625 0.043056
0 0.888086 0.710417 0.038672 0.044444
0 0.871680 0.651389 0.034766 0.040278
0 0.854297 0.664583 0.032813 0.040278
0 0.835742 0.673611 0.037109 0.047222
0 0.797266 0.693056 0.043750 0.045833
0 0.779687 0.660069 0.034375 0.038194
0 0.791602 0.643403 0.034766 0.038194
0 0.808398 0.631250 0.040234 0.051389
0 0.821875 0.619097 0.033594 0.050694
0 0.773633 0.588542 0.036328 0.042361
0 0.764844 0.601389 0.037500 0.037500
0 0.756641 0.617014 0.028906 0.043750
0 0.731836 0.619444 0.037109 0.045833
0 0.895312 0.482986 0.020313 0.038194
0 0.924219 0.413889 0.025000 0.036111
0 0.894922 0.398611 0.028125 0.031944
0 0.869727 0.446181 0.022266 0.049306
0 0.857812 0.363889 0.024219 0.030556
0 0.676367 0.410069 0.026953 0.043750
0 0.639453 0.374306 0.028906 0.040278
0 0.574023 0.380556 0.035547 0.038889
0 0.684375 0.330903 0.025781 0.031250
0 0.706641 0.300694 0.027344 0.040278
0 0.722656 0.270833 0.024219 0.027778
0 0.706836 0.265625 0.017578 0.025694
0 0.740625 0.228819 0.017969 0.031250
0 0.795312 0.202778 0.015625 0.023611
0 0.861719 0.132986 0.016406 0.025694
0 0.895703 0.133681 0.015625 0.024306
0 0.910742 0.067708 0.014453 0.020139
0 0.974414 0.047569 0.014453 0.020139
