2 0.792969 0.653125 0.083594 0.097917
2 0.794922 0.614583 0.117188 0.122222
2 0.832227 0.374653 0.066016 0.053472
2 0.113477 0.134028 0.030859 0.037500
2 0.298047 0.802778 0.091406 0.112500
2 0.398047 0.696875 0.062500 0.092361
1 0.605859 0.670833 0.050000 0.052778
0 0.098633 0.232292 0.015234 0.018750
0 0.110352 0.205903 0.016797 0.021528
0 0.116211 0.225694 0.015234 0.026389
0 0.178320 0.187847 0.016797 0.017361
0 0.172266 0.291667 0.025000 0.031944
0 0.217773 0.336458 0.024609 0.035417
0 0.235156 0.288889 0.019531 0.025000
0 0.297656 0.262153 0.028125 0.036806
0 0.261133 0.307986 0.024609 0.029861
0 0.238672 0.329514 0.017188 0.032639
0 0.257617 0.337847 0.030078 0.049306
0 0.255078 0.367361 0.025000 0.027778
0 0.251367 0.383681 0.022266 0.032639
0 0.278516 0.385069 0.023438 0.029861
0 0.283594 0.365972 0.023438 0.030556
0 0.292578 0.332986 0.021875 0.032639
0 0.316992 0.352778 0.023047 0.036111
0 0.308789 0.366319 0.023047 0.029861
0 0.313672 0.393750 0.024219 0.031944
0 0.302344 0.404167 0.021875 0.036111
0 0.339062 0.366667 0.024219 0.027778
0 0.340039 0.391667 0.026172 0.030556
0 0.359766 0.385764 0.024219 0.029861
0 0.397656 0.351736 0.028125 0.025694
0 0.454102 0.370486 0.023828 0.029861
0 0.124414 0.980556 0.062109 0.038889
0 0.169922 0.990972 0.034375 0.018056
0 0.196875 0.934028 0.036719 0.045833
0 0.226953 0.934722 0.037500 0.050000
0 0.313672 0.662153 0.033594 0.042361
0 0.329492 0.683681 0.033984 0.049306
0 0.309375 0.850694 0.037500 0.038889
0 0.381836 0.768750 0.033984 0.043056
0 0.481250 0.672917 0.036719 0.036111
0 0.559766 0.511458 0.021875 0.035417
0 0.562109 0.381944 0.027344 0.029167
0 0.627148 0.431597 0.022266 0.031250
0 0.614453 0.983681 0.042969 0.032639
0 0.636328 0.754167 0.038281 0.045833
0 0.651563 0.959028 0.036719 0.062500
0 0.716602 0.976389 0.025391 0.047222
0 0.751172 0.851389 0.036719 0.045833
0 0.879102 0.812847 0.037891 0.052083
0 0.948438 0.750694 0.029687 0.037500
0 0.987305 0.775000 0.025391 0.044444
0 0.987891 0.751389 0.024219 0.033333
0 0.905469 0.718403 0.039062 0.035417
0 0.908594 0.696181 0.034375 0.036806
0 0.859961 0.685069 0.047266 0.050694
0 0.821289 0.620486 0.031641 0.039583
0 0.718164 0.638889 0.033984 0.038889
0 0.728516 0.626042 0.032813 0.035417
0 0.753906 0.619444 0.022656 0.026389
0 0.894922 0.480556 0.018750 0.031944
0 0.925391 0.415278 0.020313 0.026389
0 0.892773 0.399653 0.026953 0.029861
0 0.868555 0.446875 0.017578 0.046528
0 0.857422 0.362847 0.022656 0.027083
0 0.635352 0.336111 0.019922 0.026389
0 0.687891 0.325000 0.021094 0.029167
0 0.764453 0.304514 0.017969 0.027083
0 0.764648 0.277778 0.021484 0.023611
0 0.886133 0.091319 0.015234 0.024306
0 0.869141 0.159375 0.012500 0.021528
0 0.990820 0.041319 0.010547 0.015972
0 0.949219 0.049653 0.010156 0.015972
