1 0.948242 0.484722 0.042578 0.061111
1 0.717578 0.246528 0.028125 0.048611
1 0.649609 0.302778 0.044531 0.058333
1 0.647852 0.330208 0.037109 0.056250
1 0.904883 0.137500 0.021484 0.034722
1 0.591211 0.429167 0.031641 0.062500
1 0.345508 0.797917 0.048047 0.069444
2 0.225000 0.884722 0.082812 0.111111
2 0.113867 0.966667 0.115234 0.066667
2 0.792969 0.615278 0.122656 0.123611
2 0.830078 0.368750 0.063281 0.051389
2 0.764062 0.203472 0.040625 0.061111
2 0.992773 0.035764 0.014453 0.029861
0 0.359180 0.388542 0.025391 0.039583
0 0.190430 0.980556 0.037109 0.038889
0 0.230273 0.931944 0.041016 0.041667
0 0.287500 0.833681 0.032031 0.053472
0 0.293945 0.867361 0.038672 0.043056
0 0.324805 0.789931 0.032422 0.045139
0 0.364453 0.748611 0.032031 0.043056
0 0.382422 0.771181 0.031250 0.042361
0 0.393750 0.712153 0.032813 0.047917
0 0.416797 0.728472 0.038281 0.044444
0 0.482422 0.550000 0.023438 0.045833
0 0.561914 0.493750 0.017578 0.056944
0 0.682617 0.796528 0.022266 0.063889
0 0.635352 0.754514 0.041016 0.054861
0 0.543359 0.984722 0.043750 0.030556
0 0.614258 0.985764 0.048828 0.028472
0 0.618750 0.909375 0.028906 0.065972
0 0.653711 0.850000 0.033203 0.075000
0 0.651367 0.957292 0.033984 0.061806
0 0.715234 0.973958 0.026562 0.052083
0 0.750195 0.850000 0.041016 0.055556
0 0.821875 0.619097 0.035937 0.050694
0 0.894531 0.480556 0.019531 0.038889
0 0.967187 0.537500 0.028906 0.037500
0 0.925195 0.415972 0.024609 0.026389
0 0.894727 0.398264 0.025391 0.031250
0 0.870703 0.446181 0.021094 0.049306
0 0.860547 0.360764 0.026562 0.025694
0 0.789062 0.339931 0.015625 0.031250
0 0.641211 0.378819 0.020703 0.038194
0 0.621094 0.371181 0.019531 0.034028
0 0.608203 0.360417 0.015625 0.027778
0 0.624414 0.340972 0.021484 0.037500
0 0.670703 0.317361 0.017969 0.033333
0 0.676758 0.287153 0.013672 0.024306
0 0.686133 0.301042 0.019141 0.029861
0 0.701562 0.307292 0.017969 0.038194
0 0.696680 0.268750 0.017578 0.023611
0 0.703711 0.282639 0.019141 0.029167
0 0.721094 0.290278 0.019531 0.029167
0 0.736523 0.271528 0.013672 0.029167
0 0.729102 0.257639 0.017578 0.027778
0 0.736523 0.230556 0.019141 0.027778
0 0.752539 0.254514 0.016797 0.027083
0 0.768164 0.232986 0.017578 0.029861
0 0.788086 0.189583 0.015234 0.025000
0 0.799023 0.196181 0.015234 0.025694
0 0.813281 0.186458 0.016406 0.027083
0 0.826953 0.171875 0.015625 0.020139
0 0.822656 0.152431 0.013281 0.020139
0 0.835547 0.155556 0.018750 0.023611
0 0.836914 0.135417 0.018359 0.019444
0 0.854688 0.128819 0.017969 0.021528
0 0.848437 0.150347 0.017188 0.020139
0 0.879297 0.118403 0.015625 0.018750
0 0.721094 0.331944 0.021875 0.029167
0 0.759570 0.289583 0.022266 0.029167
0 0.807227 0.248611 0.017578 0.027778
0 0.830664 0.202431 0.016797 0.025694
0 0.863086 0.165278 0.015234 0.022222
0 0.932813 0.091319 0.013281 0.020139
0 0.938867 0.102431 0.011328 0.022917
0 0.946094 0.079167 0.013281 0.023611
0 0.965820 0.059722 0.015234 0.022222
