2 0.315820 0.661806 0.094922 0.112500
2 0.746289 0.654861 0.070703 0.087500
2 0.260352 0.309375 0.056641 0.090972
2 0.835156 0.374653 0.062500 0.053472
1 0.723633 0.250694 0.026953 0.052778
1 0.591602 0.378125 0.047266 0.065972
1 0.892383 0.078819 0.023828 0.036806
1 0.841211 0.147917 0.022266 0.026389
1 0.306445 0.811111 0.044922 0.062500
1 0.175195 0.248958 0.037109 0.049306
1 0.139063 0.259722 0.028125 0.037500
1 0.197266 0.314583 0.028906 0.034722
0 0.202734 0.811806 0.049219 0.070833
0 0.263281 0.854861 0.039844 0.051389
0 0.287891 0.879861 0.042969 0.051389
1 0.235742 0.940278 0.055859 0.076389
0 0.153906 0.170486 0.016406 0.017361
0 0.192969 0.289931 0.021094 0.022917
0 0.212891 0.307986 0.021875 0.029861
0 0.236328 0.322917 0.025000 0.040278
0 0.221484 0.335764 0.022656 0.031250
0 0.245508 0.358681 0.020703 0.031250
0 0.256836 0.343750 0.023047 0.027778
0 0.275977 0.359375 0.020703 0.028472
0 0.298828 0.339236 0.023438 0.027083
0 0.269922 0.376042 0.025000 0.034028
0 0.257617 0.386458 0.024609 0.031250
0 0.323633 0.359028 0.026172 0.030556
0 0.312695 0.368056 0.022266 0.027778
0 0.300000 0.380556 0.024219 0.030556
0 0.348828 0.379167 0.026562 0.029167
0 0.335156 0.390972 0.027344 0.031944
0 0.323437 0.399653 0.025781 0.034028
0 0.306836 0.407986 0.027734 0.039583
0 0.426367 0.559028 0.028516 0.040278
0 0.493359 0.513889 0.030469 0.043056
0 0.404687 0.607292 0.035937 0.049306
0 0.303516 0.724306 0.036719 0.044444
0 0.351367 0.755556 0.031641 0.045833
0 0.378516 0.695486 0.027344 0.040972
0 0.405078 0.696528 0.032031 0.041667
0 0.426367 0.710069 0.024609 0.049306
2 0.377734 0.764583 0.061719 0.072222
0 0.330859 0.827083 0.042188 0.058333
0 0.545312 0.392014 0.028906 0.029861
0 0.637109 0.757292 0.039844 0.052083
0 0.617188 0.924306 0.040625 0.062500
0 0.718750 0.977778 0.032813 0.044444
0 0.750000 0.848611 0.041406 0.054167
0 0.806445 0.819444 0.041016 0.048611
0 0.963477 0.734028 0.037891 0.048611
0 0.905469 0.651389 0.036719 0.030556
0 0.912109 0.701042 0.042969 0.045139
0 0.888672 0.712153 0.035156 0.049306
0 0.854297 0.662153 0.040625 0.050694
0 0.839063 0.673958 0.039062 0.047917
0 0.819531 0.620139 0.036719 0.045833
0 0.808203 0.629514 0.036719 0.050694
0 0.792383 0.647917 0.040234 0.050000
0 0.774219 0.587153 0.035156 0.042361
0 0.767188 0.598611 0.032813 0.038889
0 0.753320 0.617361 0.034766 0.041667
0 0.892969 0.479514 0.019531 0.039583
0 0.924609 0.416319 0.021875 0.024306
0 0.894531 0.397569 0.028125 0.031250
0 0.869336 0.444792 0.019922 0.050694
0 0.856836 0.364583 0.023828 0.030556
0 0.568555 0.427778 0.024609 0.038889
0 0.628125 0.366319 0.025000 0.031250
0 0.660742 0.330903 0.016797 0.036806
0 0.686914 0.281597 0.022266 0.029861
0 0.696289 0.293403 0.017578 0.024306
0 0.737500 0.231597 0.016406 0.027083
0 0.774805 0.222569 0.018359 0.032639
0 0.778125 0.196181 0.014844 0.024306
0 0.788867 0.210417 0.015234 0.022222
0 0.797852 0.180903 0.017578 0.024306
0 0.811133 0.160069 0.016797 0.025694
0 0.816992 0.173264 0.014453 0.031250
0 0.827539 0.148611 0.015234 0.019444
0 0.834375 0.143403 0.016406 0.017361
0 0.847461 0.129514 0.014453 0.020139
0 0.854492 0.136458 0.012891 0.020139
0 0.860547 0.118056 0.014844 0.016667
0 0.865820 0.128819 0.012891 0.017361
0 0.876367 0.123958 0.012109 0.011806
0 0.871094 0.111458 0.014844 0.017361
0 0.876172 0.102778 0.010156 0.016667
0 0.884375 0.097222 0.010156 0.019444
0 0.890234 0.105556 0.009375 0.016667
0 0.907813 0.089583 0.011719 0.019444
0 0.905273 0.076389 0.006641 0.012500
0 0.912500 0.067361 0.010937 0.019444
0 0.919141 0.077083 0.007031 0.016667
0 0.925195 0.073264 0.011328 0.015972
0 0.935547 0.049306 0.008594 0.015278
0 0.943164 0.043750 0.009766 0.012500
1 0.962109 0.019097 0.018750 0.031250
