2 0.275195 0.335069 0.066016 0.089583
2 0.065625 0.918403 0.103906 0.135417
2 0.379883 0.761458 0.065234 0.072917
2 0.727344 0.639236 0.078906 0.082639
2 0.837891 0.378125 0.082812 0.075694
1 0.219531 0.285417 0.038281 0.050000
1 0.167383 0.287153 0.026953 0.039583
1 0.200000 0.317708 0.030469 0.040972
1 0.308789 0.807986 0.051172 0.049306
1 0.227930 0.944444 0.062109 0.070833
1 0.489648 0.477431 0.059766 0.072917
1 0.666797 0.314931 0.032813 0.046528
1 0.896484 0.079514 0.025000 0.031250
1 0.820703 0.172917 0.018750 0.040278
1 0.951367 0.029861 0.021484 0.034722
0 0.192188 0.289931 0.016406 0.027083
0 0.212891 0.304861 0.021094 0.029167
0 0.255469 0.300347 0.016406 0.022917
0 0.233203 0.321528 0.032031 0.038889
0 0.218750 0.335417 0.028125 0.037500
0 0.246680 0.355556 0.024609 0.031944
0 0.256836 0.345486 0.022266 0.031250
0 0.276172 0.359375 0.022656 0.029861
0 0.268750 0.374306 0.029687 0.037500
0 0.255859 0.389583 0.025781 0.036111
0 0.301367 0.339236 0.016797 0.025694
0 0.323437 0.358681 0.028125 0.034028
0 0.312695 0.368750 0.019922 0.026389
0 0.350781 0.381250 0.029687 0.038889
0 0.334180 0.390625 0.026953 0.034028
0 0.323633 0.400347 0.027734 0.036806
0 0.308984 0.411806 0.027344 0.034722
0 0.441602 0.377083 0.028516 0.031944
0 0.429688 0.573958 0.036719 0.054861
0 0.518555 0.482986 0.030859 0.045139
0 0.563672 0.428472 0.031250 0.038889
0 0.060352 0.106250 0.016797 0.020833
0 0.144336 0.889236 0.046484 0.054861
0 0.213477 0.794444 0.041797 0.052778
0 0.280859 0.736458 0.037500 0.054861
0 0.263477 0.858333 0.044922 0.051389
0 0.287891 0.879861 0.049219 0.050000
0 0.326367 0.825000 0.044141 0.058333
0 0.355859 0.757986 0.041406 0.043750
0 0.377539 0.696181 0.034766 0.047917
0 0.405469 0.702431 0.032031 0.050694
0 0.424805 0.711111 0.033984 0.044444
0 0.639453 0.759722 0.054688 0.062500
0 0.749805 0.846181 0.048047 0.052083
0 0.718945 0.976042 0.026953 0.047917
0 0.976367 0.926389 0.044141 0.054167
0 0.962695 0.730903 0.038672 0.045139
0 0.913477 0.702431 0.043359 0.047917
0 0.889844 0.710764 0.039062 0.049306
0 0.855859 0.664583 0.035156 0.047222
0 0.836914 0.675000 0.038672 0.047222
0 0.792188 0.644097 0.033594 0.045139
0 0.811914 0.627778 0.038672 0.043056
0 0.823828 0.620833 0.032031 0.041667
0 0.772852 0.582292 0.036328 0.040972
0 0.766016 0.600694 0.035937 0.041667
0 0.726367 0.532986 0.032422 0.045139
0 0.895117 0.478819 0.021484 0.032639
0 0.926953 0.414931 0.018750 0.027083
0 0.893359 0.397917 0.029687 0.031944
0 0.868359 0.445139 0.018750 0.056944
0 0.856250 0.359722 0.022656 0.027778
0 0.603516 0.364931 0.021094 0.040972
0 0.625391 0.363542 0.014063 0.034028
0 0.632617 0.382986 0.021484 0.046528
0 0.650195 0.317361 0.019141 0.031944
0 0.693359 0.319097 0.020313 0.031250
0 0.712891 0.298264 0.022656 0.031250
0 0.726172 0.244792 0.020313 0.034028
0 0.764453 0.213889 0.014844 0.027778
0 0.782617 0.207986 0.016016 0.034028
0 0.790039 0.184375 0.015234 0.022917
0 0.811914 0.163194 0.013672 0.023611
0 0.836914 0.137153 0.013672 0.022917
0 0.840625 0.150694 0.013281 0.020833
0 0.855664 0.139236 0.012109 0.017361
0 0.860547 0.122222 0.014063 0.018056
0 0.868359 0.110417 0.013281 0.015278
0 0.877539 0.123264 0.013672 0.021528
0 0.885938 0.110417 0.010937 0.019444
0 0.906641 0.088889 0.011719 0.020833
0 0.912305 0.084722 0.008984 0.016667
0 0.926367 0.074306 0.010547 0.012500
0 0.911523 0.068403 0.012891 0.014583
0 0.937109 0.049306 0.010937 0.012500
0 0.942578 0.040278 0.010156 0.013889
0 0.904102 0.076389 0.008984 0.011111
0 0.825586 0.150347 0.013672 0.020139
