2 0.279492 0.329861 0.057422 0.076389
2 0.376172 0.763194 0.064844 0.079167
2 0.831055 0.376389 0.074609 0.072222
2 0.726953 0.638194 0.068750 0.087500
1 0.241406 0.300347 0.039062 0.046528
1 0.175391 0.298611 0.039062 0.052778
1 0.200000 0.316667 0.030469 0.050000
1 0.280273 0.701042 0.061328 0.081250
1 0.230078 0.936111 0.057813 0.068056
1 0.557227 0.431597 0.041797 0.064583
1 0.792969 0.197569 0.024219 0.046528
1 0.895312 0.079514 0.029687 0.050694
1 0.948633 0.029861 0.023047 0.027778
0 0.212891 0.307639 0.021875 0.031944
0 0.234961 0.322222 0.028516 0.043056
0 0.220117 0.332986 0.020703 0.032639
0 0.255859 0.346528 0.017188 0.034722
0 0.274219 0.357986 0.021094 0.032639
0 0.245117 0.358333 0.019922 0.025000
0 0.266992 0.374306 0.026953 0.036111
0 0.256836 0.387153 0.024609 0.032639
0 0.302539 0.339583 0.016016 0.025000
0 0.324023 0.357639 0.026172 0.031944
0 0.313672 0.369097 0.019531 0.028472
0 0.299219 0.381597 0.025000 0.034028
0 0.349414 0.378819 0.024609 0.029861
0 0.335156 0.390625 0.025000 0.035417
0 0.322656 0.400347 0.025781 0.038194
0 0.307617 0.405903 0.030859 0.045139
0 0.307812 0.297222 0.025781 0.034722
0 0.125000 0.900000 0.042969 0.054167
0 0.262891 0.857292 0.039844 0.043750
0 0.289062 0.874653 0.036719 0.043750
0 0.307422 0.810069 0.045312 0.059028
0 0.328320 0.825000 0.044922 0.054167
0 0.369922 0.638889 0.035156 0.047222
0 0.449805 0.522569 0.025391 0.049306
0 0.508008 0.465278 0.030859 0.044444
0 0.478125 0.527778 0.026562 0.040278
0 0.377734 0.697222 0.034375 0.044444
0 0.406836 0.700000 0.033984 0.050000
0 0.424609 0.707639 0.031250 0.050000
0 0.357422 0.750347 0.042188 0.046528
0 0.574414 0.534722 0.024609 0.051389
0 0.584375 0.452083 0.021875 0.045833
0 0.600586 0.418750 0.024609 0.043056
0 0.638867 0.757986 0.054297 0.079861
0 0.716992 0.969444 0.032422 0.061111
0 0.747852 0.845486 0.041797 0.061806
0 0.751953 0.615278 0.038281 0.054167
0 0.764648 0.599653 0.033203 0.046528
0 0.773633 0.585764 0.035547 0.050694
0 0.790625 0.645139 0.032813 0.048611
0 0.808398 0.628819 0.040234 0.056250
0 0.821875 0.619097 0.032031 0.047917
0 0.833789 0.671528 0.039453 0.058333
0 0.855078 0.661806 0.035156 0.056944
0 0.886133 0.706944 0.037109 0.058333
0 0.910352 0.696875 0.044141 0.071528
0 0.963477 0.737847 0.040234 0.050694
0 0.895312 0.481597 0.020313 0.036806
0 0.927734 0.415625 0.024219 0.036806
0 0.891406 0.394444 0.032813 0.040278
0 0.868359 0.447917 0.022656 0.050000
0 0.855664 0.361111 0.030078 0.033333
0 0.696484 0.389583 0.021094 0.027778
0 0.621484 0.345486 0.021875 0.034028
0 0.666602 0.320139 0.023828 0.034722
0 0.722656 0.252431 0.022656 0.035417
0 0.733008 0.268750 0.020703 0.038889
0 0.762695 0.212153 0.018359 0.027083
0 0.814063 0.178819 0.016406 0.025694
0 0.814063 0.159028 0.012500 0.020833
0 0.833203 0.160764 0.015625 0.027083
0 0.854688 0.125000 0.013281 0.018056
0 0.866406 0.111806 0.012500 0.023611
0 0.876563 0.103819 0.013281 0.021528
0 0.886719 0.097222 0.011719 0.016667
0 0.855078 0.140278 0.020313 0.018056
0 0.834570 0.164931 0.020703 0.027083
0 0.904687 0.084722 0.014844 0.023611
0 0.912695 0.064583 0.012109 0.016667
0 0.900977 0.076042 0.008984 0.010417
0 0.913086 0.081944 0.011328 0.018056
0 0.919531 0.077431 0.013281 0.025694
0 0.925586 0.073264 0.011328 0.017361
0 0.936914 0.048958 0.011328 0.018750
0 0.943164 0.043403 0.013672 0.018750
0 0.957227 0.041319 0.012109 0.017361
0 0.968164 0.029514 0.010547 0.015972
0 0.983203 0.006250 0.010937 0.011111
