2 0.277539 0.328472 0.055859 0.069444
2 0.775586 0.210417 0.032422 0.051389
2 0.827344 0.370486 0.078125 0.057639
2 0.920312 0.118403 0.029687 0.049306
2 0.725781 0.637500 0.068750 0.079167
2 0.323242 0.282639 0.051953 0.061111
1 0.239844 0.307639 0.039844 0.058333
1 0.175391 0.296875 0.029687 0.039583
1 0.199023 0.315278 0.025391 0.033333
1 0.660352 0.346528 0.032422 0.050000
1 0.886914 0.078819 0.026172 0.039583
1 0.801367 0.230903 0.026172 0.046528
0 0.192383 0.289931 0.022266 0.027083
0 0.080273 0.199653 0.023828 0.027083
0 0.212891 0.309028 0.020313 0.025000
0 0.233984 0.322917 0.030469 0.041667
0 0.222461 0.332292 0.015234 0.017361
0 0.256836 0.346528 0.024609 0.026389
0 0.245508 0.359028 0.022266 0.029167
0 0.255273 0.384028 0.022266 0.030556
0 0.267969 0.375000 0.025000 0.033333
0 0.275195 0.360069 0.022266 0.028472
0 0.297266 0.380903 0.022656 0.020139
0 0.305664 0.410069 0.025391 0.036806
0 0.321484 0.401042 0.025781 0.034028
0 0.331250 0.389236 0.027344 0.029861
0 0.347656 0.378472 0.026562 0.030556
0 0.311523 0.367014 0.022266 0.027083
0 0.323633 0.357292 0.024609 0.027083
0 0.306055 0.340625 0.012891 0.022917
0 0.400586 0.337153 0.029297 0.027083
0 0.478125 0.495486 0.035156 0.043750
0 0.250000 0.760764 0.040625 0.053472
0 0.379297 0.694097 0.039062 0.049306
0 0.636133 0.756250 0.047266 0.054167
0 0.661328 0.841319 0.027344 0.067361
0 0.719922 0.976042 0.041406 0.047917
0 0.749609 0.849653 0.040625 0.049306
0 0.614844 0.984722 0.046094 0.030556
0 0.651563 0.956597 0.036719 0.059028
0 0.619336 0.914931 0.041797 0.061806
0 0.936133 0.792708 0.042578 0.039583
0 0.966211 0.759028 0.037109 0.043056
0 0.963477 0.729861 0.040234 0.037500
0 0.931641 0.738194 0.036719 0.040278
0 0.922070 0.686458 0.035547 0.039583
0 0.905664 0.700000 0.039453 0.045833
0 0.886133 0.708681 0.036328 0.040972
0 0.839844 0.723611 0.036719 0.040278
0 0.796094 0.694792 0.040625 0.047917
0 0.836719 0.673611 0.033594 0.040278
0 0.854102 0.665625 0.030859 0.042361
0 0.876953 0.655903 0.034375 0.039583
0 0.820117 0.618403 0.030078 0.038194
0 0.808398 0.629167 0.034766 0.048611
0 0.790234 0.643750 0.034375 0.034722
0 0.784766 0.660417 0.028906 0.027778
0 0.732031 0.620486 0.037500 0.042361
0 0.756445 0.618056 0.027734 0.038889
0 0.764453 0.602083 0.033594 0.040278
0 0.772266 0.588194 0.039844 0.041667
0 0.893750 0.480903 0.021094 0.042361
0 0.926953 0.416319 0.028906 0.025694
0 0.893750 0.398611 0.026562 0.036111
0 0.857031 0.362847 0.026562 0.031250
0 0.866992 0.446875 0.023047 0.047917
0 0.674023 0.438542 0.019922 0.043750
0 0.655664 0.313889 0.025391 0.030556
0 0.607227 0.362153 0.026172 0.039583
0 0.639062 0.372569 0.027344 0.046528
0 0.683203 0.329167 0.023438 0.029167
0 0.710742 0.297222 0.024609 0.040278
0 0.721875 0.248264 0.018750 0.032639
0 0.744336 0.252778 0.023828 0.029167
0 0.753125 0.218056 0.017188 0.034722
0 0.805078 0.189931 0.017188 0.024306
0 0.872461 0.123958 0.015234 0.022917
0 0.879102 0.147917 0.019922 0.020833
0 0.913867 0.062847 0.016016 0.021528
0 0.964648 0.056944 0.012891 0.019444
0 0.991797 0.038889 0.014063 0.026389
