2 0.157227 0.954514 0.090234 0.090972
2 0.795703 0.615972 0.121094 0.122222
1 0.705469 0.366319 0.037500 0.056250
1 0.661133 0.348958 0.026953 0.054861
1 0.648633 0.331597 0.035547 0.063194
1 0.651367 0.303819 0.041016 0.056250
2 0.767383 0.199306 0.041797 0.052778
2 0.852539 0.188542 0.031641 0.054861
2 0.828711 0.372222 0.067578 0.063889
1 0.346094 0.803819 0.053125 0.074306
1 0.718359 0.244097 0.033594 0.039583
0 0.355859 0.383681 0.022656 0.029861
0 0.378711 0.698264 0.033984 0.039583
0 0.396875 0.713542 0.032813 0.040972
0 0.231641 0.936806 0.041406 0.036111
0 0.294531 0.863889 0.041406 0.036111
0 0.290039 0.832639 0.038672 0.038889
0 0.325977 0.786458 0.034766 0.040972
0 0.365234 0.748611 0.035937 0.038889
0 0.384375 0.768750 0.032031 0.037500
0 0.415430 0.728472 0.033203 0.040278
0 0.397266 0.713194 0.035937 0.040278
0 0.543555 0.982292 0.048828 0.035417
0 0.715430 0.976389 0.025391 0.045833
0 0.613672 0.985417 0.047656 0.029167
0 0.652539 0.955903 0.033203 0.057639
0 0.618945 0.913194 0.034766 0.062500
0 0.654102 0.848611 0.033203 0.066667
0 0.682227 0.795833 0.019922 0.056944
0 0.750000 0.850694 0.039844 0.047222
0 0.636328 0.758333 0.041406 0.048611
0 0.821289 0.620139 0.030859 0.043056
0 0.797070 0.578472 0.032422 0.033333
0 0.461328 0.447569 0.037500 0.032639
0 0.519336 0.474653 0.032422 0.036806
0 0.581641 0.455556 0.035937 0.026389
0 0.622656 0.438194 0.026562 0.036111
0 0.894141 0.480208 0.019531 0.035417
0 0.925977 0.415972 0.022266 0.023611
0 0.895117 0.397569 0.023828 0.032639
0 0.868555 0.446875 0.017578 0.040972
0 0.858008 0.362500 0.021484 0.026389
0 0.788867 0.342014 0.016016 0.029861
0 0.776367 0.289236 0.015234 0.025694
0 0.746484 0.299306 0.017188 0.026389
0 0.744727 0.322917 0.016797 0.030556
0 0.639648 0.371181 0.023828 0.038194
0 0.623437 0.370139 0.022656 0.031944
0 0.610547 0.359028 0.019531 0.025000
0 0.623047 0.339931 0.020313 0.038194
0 0.684570 0.328819 0.020703 0.025694
0 0.670898 0.314236 0.016016 0.021528
0 0.677930 0.286806 0.014453 0.029167
0 0.686914 0.300347 0.018359 0.031250
0 0.706250 0.302431 0.019531 0.032639
0 0.725195 0.287153 0.016797 0.028472
0 0.706250 0.279514 0.021094 0.024306
0 0.699805 0.268056 0.020703 0.018056
0 0.737891 0.267361 0.016406 0.023611
0 0.751953 0.253472 0.014063 0.027778
0 0.771680 0.230903 0.016797 0.021528
0 0.802148 0.195833 0.016797 0.025000
0 0.788672 0.188889 0.014844 0.022222
0 0.816406 0.215278 0.016406 0.025000
0 0.814063 0.185417 0.013281 0.019444
0 0.826367 0.171875 0.012891 0.021528
0 0.836133 0.153819 0.017578 0.029861
0 0.843164 0.135069 0.012891 0.017361
1 0.898438 0.086806 0.017188 0.022222
0 0.928516 0.067361 0.012500 0.018056
0 0.959180 0.081944 0.010547 0.018056
0 0.974219 0.048264 0.010156 0.017361
0 0.956445 0.031597 0.012891 0.018750
