2 0.278711 0.335764 0.055859 0.074306
2 0.477930 0.640625 0.060547 0.072917
2 0.830078 0.369444 0.074219 0.069444
2 0.723633 0.640972 0.079297 0.076389
1 0.174805 0.292708 0.032422 0.047917
1 0.197070 0.310069 0.026953 0.039583
1 0.238086 0.300347 0.032422 0.056250
1 0.316797 0.694792 0.053906 0.084028
1 0.892969 0.083681 0.028906 0.042361
1 0.966797 0.028819 0.018750 0.029861
1 0.947656 0.031597 0.023438 0.031250
1 0.747266 0.257292 0.033594 0.039583
0 0.214844 0.306944 0.020313 0.030556
0 0.235937 0.321528 0.030469 0.036111
0 0.218750 0.337500 0.022656 0.031944
0 0.258789 0.345833 0.020703 0.027778
0 0.247656 0.359028 0.021094 0.023611
0 0.275586 0.359028 0.029297 0.033333
0 0.269141 0.375694 0.030469 0.034722
0 0.255859 0.383681 0.026562 0.029861
0 0.300781 0.338542 0.020313 0.027083
0 0.324414 0.358333 0.026172 0.031944
0 0.312305 0.367361 0.025391 0.031944
0 0.348828 0.378472 0.033594 0.040278
0 0.335547 0.390625 0.027344 0.035417
0 0.324805 0.398611 0.033203 0.036111
0 0.310352 0.412847 0.029297 0.036806
0 0.548828 0.437153 0.035156 0.052083
0 0.457617 0.375000 0.039453 0.041667
0 0.432227 0.565972 0.033984 0.056944
0 0.538867 0.572569 0.032422 0.052083
0 0.500000 0.585764 0.034375 0.050694
0 0.432617 0.663889 0.033203 0.044444
0 0.216211 0.769444 0.044141 0.055556
0 0.117773 0.876389 0.043359 0.051389
0 0.130273 0.901042 0.041016 0.061806
0 0.313086 0.797569 0.040234 0.049306
0 0.378711 0.772917 0.043359 0.054167
0 0.372656 0.734722 0.050000 0.052778
0 0.380859 0.694792 0.039844 0.046528
0 0.308008 0.852778 0.043359 0.059722
1 0.247461 0.921528 0.062109 0.063889
2 0.173437 0.978472 0.088281 0.043056
0 0.157812 0.186458 0.022656 0.027083
0 0.615234 0.353819 0.022656 0.035417
0 0.647852 0.359028 0.023047 0.044444
0 0.645703 0.694444 0.042188 0.066667
0 0.697852 0.676736 0.040234 0.060417
0 0.684180 0.770486 0.030078 0.072917
0 0.635352 0.758333 0.049609 0.063889
0 0.749609 0.847222 0.048438 0.058333
0 0.963086 0.733333 0.045703 0.050000
0 0.911133 0.701736 0.039453 0.052083
0 0.889258 0.709722 0.043359 0.052778
0 0.856641 0.663889 0.038281 0.050000
0 0.837695 0.674306 0.037109 0.054167
0 0.820703 0.618403 0.040625 0.052083
0 0.810352 0.632292 0.044141 0.059028
0 0.791406 0.642708 0.033594 0.052083
0 0.775391 0.586111 0.041406 0.047222
0 0.765234 0.601389 0.038281 0.044444
0 0.752148 0.618056 0.039453 0.051389
0 0.894922 0.482292 0.021875 0.049306
0 0.900977 0.434722 0.029297 0.037500
0 0.925586 0.417708 0.023047 0.029861
0 0.890820 0.396181 0.031641 0.034028
0 0.870703 0.446875 0.022656 0.052083
0 0.855859 0.357639 0.029687 0.033333
0 0.696875 0.290625 0.026562 0.042361
0 0.730859 0.251389 0.019531 0.031944
0 0.754297 0.215625 0.019531 0.024306
0 0.781445 0.212153 0.016797 0.029861
0 0.808203 0.167361 0.019531 0.025000
0 0.826562 0.153125 0.017969 0.028472
0 0.846094 0.132986 0.013281 0.020139
0 0.817773 0.183333 0.019922 0.019444
0 0.843359 0.153819 0.014844 0.022917
0 0.867383 0.128125 0.016797 0.028472
0 0.872656 0.108333 0.012500 0.020833
0 0.893750 0.105903 0.017969 0.024306
0 0.905273 0.078819 0.010547 0.020139
0 0.911914 0.067361 0.012109 0.012500
0 0.913672 0.081597 0.011719 0.017361
0 0.923242 0.072222 0.013672 0.018056
0 0.936133 0.049653 0.010547 0.017361
0 0.939844 0.040278 0.012500 0.016667
0 0.947852 0.051042 0.012109 0.020139
1 0.964648 0.030208 0.017578 0.031250
