2 0.795312 0.652083 0.088281 0.095833
2 0.792969 0.612153 0.121094 0.106250
2 0.838867 0.375694 0.052734 0.043056
2 0.834766 0.211111 0.028125 0.051389
2 0.840234 0.180556 0.028125 0.036111
2 0.800781 0.170486 0.035937 0.046528
1 0.463086 0.660764 0.060547 0.084028
0 0.172070 0.296528 0.021484 0.027778
0 0.194336 0.309375 0.020703 0.031250
0 0.218359 0.309375 0.019531 0.027083
0 0.227734 0.342361 0.021875 0.029167
0 0.236914 0.327778 0.019922 0.029167
0 0.254102 0.304167 0.018359 0.029167
0 0.272461 0.318056 0.022266 0.030556
0 0.257227 0.337847 0.030859 0.049306
0 0.255078 0.365972 0.022656 0.027778
0 0.251367 0.384028 0.021484 0.030556
0 0.278125 0.384722 0.027344 0.033333
0 0.284570 0.366667 0.024609 0.033333
0 0.287891 0.348611 0.022656 0.029167
0 0.294141 0.331944 0.025000 0.031944
0 0.317188 0.351042 0.027344 0.035417
0 0.310156 0.364931 0.022656 0.029861
0 0.313477 0.392361 0.023047 0.036111
0 0.302344 0.403125 0.022656 0.032639
0 0.338281 0.391319 0.030469 0.031250
0 0.339844 0.368403 0.028125 0.029861
0 0.361328 0.388889 0.024219 0.029167
0 0.193555 0.937847 0.037891 0.045139
0 0.229102 0.944444 0.041016 0.036111
0 0.338672 0.811806 0.043750 0.052778
0 0.345508 0.763194 0.039453 0.043056
0 0.379102 0.694444 0.037109 0.041667
0 0.474609 0.523611 0.032031 0.040278
0 0.593750 0.512153 0.029687 0.042361
0 0.585938 0.474306 0.034375 0.055556
0 0.637305 0.755208 0.043359 0.049306
0 0.614258 0.985069 0.046484 0.029861
0 0.652539 0.956944 0.034766 0.055556
0 0.716797 0.977778 0.025781 0.044444
0 0.751758 0.850000 0.040234 0.045833
0 0.977148 0.921875 0.044141 0.061806
0 0.986719 0.773264 0.026562 0.042361
0 0.987891 0.750694 0.024219 0.033333
0 0.948438 0.749653 0.033594 0.042361
0 0.905078 0.718056 0.035937 0.041667
0 0.908203 0.697569 0.034375 0.043750
0 0.860547 0.684722 0.045312 0.058333
0 0.822852 0.620486 0.035547 0.043750
0 0.894922 0.479861 0.017188 0.031944
0 0.926367 0.416319 0.026953 0.021528
0 0.893359 0.396528 0.025000 0.030556
0 0.868945 0.446875 0.017578 0.036806
0 0.858789 0.364583 0.025391 0.018056
0 0.644336 0.414931 0.026953 0.035417
0 0.674414 0.412500 0.023047 0.029167
0 0.645508 0.375000 0.022266 0.030556
0 0.608398 0.355903 0.030859 0.039583
0 0.733398 0.334722 0.021484 0.027778
0 0.732617 0.270486 0.017578 0.024306
0 0.708008 0.277431 0.021484 0.025694
0 0.760742 0.274306 0.024609 0.041667
0 0.787109 0.273958 0.019531 0.027083
0 0.825586 0.151042 0.016797 0.021528
0 0.941797 0.084375 0.012500 0.022917
0 0.920508 0.122569 0.012891 0.017361
0 0.983203 0.040278 0.010937 0.019444
