2 0.795312 0.615278 0.116406 0.111111
2 0.906055 0.728472 0.090234 0.105556
2 0.831836 0.374653 0.065234 0.053472
2 0.395313 0.330903 0.054688 0.067361
2 0.121680 0.963542 0.114453 0.072917
2 0.233008 0.881250 0.076172 0.104167
1 0.050195 0.102778 0.025391 0.034722
1 0.176172 0.198611 0.028125 0.034722
1 0.360352 0.786458 0.050391 0.065972
0 0.039062 0.145486 0.014844 0.020139
0 0.072461 0.169444 0.017578 0.022222
0 0.089258 0.114931 0.014453 0.017361
0 0.099805 0.215972 0.017578 0.026389
0 0.163086 0.231250 0.019141 0.023611
0 0.161328 0.259722 0.024219 0.040278
0 0.231250 0.286111 0.017969 0.026389
0 0.232031 0.304861 0.021094 0.029167
0 0.284766 0.365625 0.021875 0.029861
0 0.277930 0.385764 0.022266 0.025694
0 0.251953 0.383681 0.023438 0.025694
0 0.302734 0.404861 0.025000 0.031944
0 0.314453 0.394097 0.024219 0.034028
0 0.315820 0.371181 0.026953 0.034028
0 0.338281 0.366667 0.021875 0.029167
0 0.359961 0.387500 0.023047 0.031944
0 0.195508 0.198264 0.019922 0.020139
0 0.502539 0.382639 0.027734 0.026389
0 0.225977 0.787500 0.041797 0.050000
0 0.191406 0.977778 0.033594 0.036111
0 0.235156 0.932986 0.042969 0.031250
0 0.289258 0.834722 0.037109 0.044444
0 0.295117 0.865278 0.037891 0.038889
0 0.327539 0.786458 0.034766 0.042361
0 0.395703 0.714931 0.032031 0.038194
0 0.416602 0.733333 0.029297 0.043056
0 0.450000 0.689236 0.029687 0.042361
0 0.453320 0.648611 0.030859 0.038889
0 0.636523 0.756944 0.037891 0.048611
0 0.716797 0.979167 0.022656 0.041667
0 0.750391 0.850000 0.039062 0.043056
0 0.616406 0.985417 0.041406 0.029167
0 0.652148 0.957292 0.034766 0.057639
0 0.627539 0.903125 0.033203 0.053472
0 0.988281 0.775000 0.023438 0.047222
0 0.988086 0.748958 0.023828 0.032639
0 0.955859 0.751736 0.017188 0.038194
0 0.910937 0.695833 0.032813 0.034722
0 0.810547 0.662153 0.032813 0.036806
0 0.853320 0.685417 0.034766 0.052778
0 0.820312 0.620833 0.030469 0.041667
0 0.760547 0.627778 0.035937 0.041667
0 0.718164 0.639583 0.033203 0.038889
0 0.729492 0.628125 0.033203 0.036806
0 0.894531 0.479514 0.017969 0.031250
0 0.925391 0.415625 0.024219 0.024306
0 0.894141 0.398264 0.022656 0.029861
0 0.867383 0.442708 0.015234 0.039583
0 0.858789 0.364583 0.023828 0.027778
0 0.609375 0.356597 0.032031 0.035417
0 0.667578 0.326736 0.021094 0.029861
0 0.678711 0.290278 0.020703 0.027778
0 0.721484 0.244097 0.012500 0.027083
0 0.807422 0.186111 0.016406 0.018056
0 0.801562 0.172917 0.013281 0.019444
0 0.872070 0.162153 0.016797 0.022917
0 0.861719 0.189583 0.015625 0.022222
0 0.882422 0.100000 0.011719 0.018056
0 0.890820 0.106944 0.012109 0.016667
0 0.922070 0.103472 0.016016 0.029167
0 0.947266 0.094792 0.011719 0.017361
0 0.940039 0.059375 0.022266 0.027083
