2 0.796680 0.652431 0.085547 0.092361
2 0.791016 0.605903 0.111719 0.099306
2 0.836914 0.374653 0.051172 0.046528
2 0.546094 0.373264 0.073438 0.065972
1 0.717969 0.352431 0.030469 0.057639
2 0.964453 0.066319 0.019531 0.031250
2 0.950977 0.063889 0.015234 0.026389
1 0.373828 0.319097 0.034375 0.047917
0 0.175000 0.298264 0.018750 0.027083
0 0.193555 0.308681 0.022266 0.031250
0 0.217578 0.310417 0.019531 0.030556
0 0.254297 0.303819 0.019531 0.025694
0 0.237500 0.327778 0.018750 0.029167
0 0.228125 0.343403 0.021094 0.034028
0 0.255664 0.367014 0.023828 0.027083
0 0.252734 0.384375 0.022656 0.029861
0 0.258203 0.338889 0.028906 0.051389
0 0.271484 0.316667 0.021094 0.031944
0 0.293750 0.332639 0.020313 0.029167
0 0.288086 0.348611 0.022266 0.027778
0 0.284766 0.366667 0.023438 0.031944
0 0.278711 0.386806 0.023828 0.029167
0 0.303320 0.404514 0.023828 0.029861
0 0.314063 0.392361 0.023438 0.034722
0 0.310352 0.365972 0.021484 0.029167
0 0.317383 0.352778 0.023828 0.033333
0 0.339648 0.368750 0.023047 0.030556
0 0.339648 0.392361 0.026953 0.031944
0 0.360742 0.386806 0.025391 0.029167
0 0.193750 0.944097 0.042969 0.047917
0 0.230859 0.786458 0.036719 0.043750
0 0.378711 0.693403 0.033984 0.045139
0 0.472266 0.623958 0.032813 0.039583
0 0.509375 0.646875 0.035156 0.029861
0 0.632031 0.458681 0.025781 0.039583
0 0.592773 0.396875 0.023828 0.029861
0 0.716602 0.976042 0.025391 0.045139
0 0.645898 0.964931 0.040234 0.049306
0 0.636328 0.755208 0.041406 0.047917
0 0.684570 0.893056 0.032422 0.058333
0 0.731641 0.811111 0.039844 0.044444
0 0.750586 0.848958 0.038672 0.045139
0 0.905664 0.720139 0.037109 0.038889
0 0.908008 0.696181 0.037109 0.036806
0 0.948242 0.749653 0.031641 0.035417
0 0.987500 0.772917 0.025000 0.041667
0 0.987109 0.748958 0.025781 0.027083
0 0.860547 0.684028 0.046094 0.055556
0 0.821094 0.620486 0.030469 0.039583
0 0.761328 0.670833 0.034375 0.036111
0 0.754883 0.621528 0.022266 0.030556
0 0.717969 0.637847 0.036719 0.039583
0 0.729297 0.628125 0.031250 0.039583
0 0.894141 0.479861 0.018750 0.034722
0 0.925586 0.417014 0.023828 0.025694
0 0.894141 0.396875 0.025000 0.028472
0 0.868164 0.446528 0.016016 0.045833
0 0.857422 0.361806 0.019531 0.025000
0 0.643750 0.372917 0.019531 0.030556
0 0.665430 0.347917 0.019922 0.030556
0 0.773242 0.267708 0.021484 0.025694
0 0.706836 0.342708 0.023047 0.028472
0 0.834375 0.218056 0.016406 0.026389
0 0.817383 0.209028 0.021484 0.034722
0 0.854297 0.172569 0.015625 0.021528
0 0.866602 0.180556 0.015234 0.020833
0 0.898242 0.135417 0.012109 0.019444
0 0.928711 0.109375 0.016016 0.032639
0 0.939648 0.101042 0.012109 0.018750
0 0.910156 0.084375 0.014844 0.022917
1 0.968750 0.015278 0.007031 0.022222
0 0.978906 0.020486 0.008594 0.020139
0 0.982422 0.004167 0.010937 0.006944
0 0.744336 0.542708 0.031641 0.038194
