2 0.795117 0.654167 0.086328 0.095833
2 0.792969 0.611111 0.117188 0.105556
2 0.768750 0.285417 0.039062 0.059722
2 0.789062 0.239236 0.029687 0.039583
2 0.881641 0.108333 0.025000 0.043056
1 0.364063 0.773264 0.063281 0.089583
0 0.024023 0.094097 0.013672 0.020139
0 0.036133 0.089931 0.011328 0.017361
0 0.085742 0.150347 0.014453 0.015972
0 0.167969 0.290972 0.020313 0.026389
0 0.191797 0.309375 0.021875 0.029861
0 0.217578 0.310764 0.020313 0.028472
0 0.223828 0.340278 0.024219 0.031944
0 0.236523 0.327083 0.018359 0.029167
0 0.253125 0.304514 0.018750 0.024306
0 0.271289 0.315972 0.023047 0.027778
0 0.258789 0.340278 0.031641 0.048611
0 0.255469 0.367708 0.022656 0.027083
0 0.250977 0.384375 0.022266 0.029861
0 0.278711 0.386111 0.023828 0.030556
0 0.283789 0.366667 0.020703 0.030556
0 0.288086 0.348264 0.024609 0.032639
0 0.292969 0.334028 0.020313 0.029167
0 0.316992 0.352778 0.025391 0.027778
0 0.310352 0.366319 0.020703 0.028472
0 0.314844 0.393403 0.023438 0.034028
0 0.302734 0.404514 0.022656 0.027083
0 0.339062 0.391667 0.028125 0.031944
0 0.340820 0.367014 0.022266 0.027083
0 0.359766 0.386458 0.021875 0.029861
0 0.241211 0.920486 0.047266 0.050694
0 0.378125 0.694444 0.035937 0.037500
0 0.494336 0.629167 0.034766 0.045833
0 0.491211 0.588542 0.038672 0.061806
0 0.553320 0.512500 0.026172 0.034722
0 0.587500 0.522569 0.025000 0.038194
0 0.653516 0.435764 0.026562 0.031250
0 0.615430 0.985764 0.041797 0.028472
0 0.652344 0.956597 0.034375 0.054861
0 0.717383 0.977083 0.023828 0.045833
0 0.750977 0.850000 0.037891 0.040278
0 0.793750 0.795833 0.043750 0.056944
0 0.637500 0.756597 0.041406 0.042361
0 0.938281 0.786806 0.045312 0.036111
0 0.950195 0.750347 0.033984 0.035417
0 0.904687 0.718056 0.035156 0.030556
0 0.908789 0.697222 0.034766 0.031944
0 0.858984 0.683333 0.042969 0.050000
0 0.717773 0.639236 0.035547 0.039583
0 0.730469 0.627778 0.032031 0.033333
0 0.754883 0.620486 0.024609 0.031250
0 0.821094 0.620486 0.029687 0.042361
0 0.925586 0.415625 0.023047 0.024306
0 0.895898 0.480903 0.016797 0.034028
0 0.986719 0.772917 0.026562 0.040278
0 0.986914 0.747917 0.026172 0.034722
0 0.892188 0.396181 0.027344 0.031250
0 0.868164 0.442708 0.018359 0.042361
0 0.857617 0.362153 0.022266 0.032639
2 0.836914 0.374653 0.052734 0.052083
0 0.675781 0.374653 0.032031 0.046528
0 0.721289 0.350694 0.021484 0.022222
0 0.643945 0.373264 0.023047 0.027083
0 0.617773 0.374653 0.022266 0.027083
0 0.668750 0.295833 0.023438 0.031944
0 0.786914 0.208333 0.016016 0.022222
0 0.792188 0.185069 0.014063 0.025694
0 0.871875 0.176042 0.016406 0.020139
0 0.908398 0.120833 0.013672 0.019444
0 0.955664 0.068056 0.011328 0.019444
