2 0.792969 0.615278 0.121094 0.113889
2 0.831836 0.370486 0.065234 0.054861
2 0.764062 0.202083 0.039062 0.068056
2 0.232031 0.877083 0.083594 0.112500
2 0.117773 0.962500 0.109766 0.075000
0 0.302344 0.404514 0.025000 0.036806
1 0.645898 0.335069 0.035547 0.063194
1 0.651953 0.301042 0.039844 0.054861
1 0.717969 0.248264 0.028906 0.045139
1 0.346875 0.804514 0.047656 0.072917
0 0.360156 0.388542 0.025781 0.032639
0 0.568945 0.498264 0.019141 0.036806
0 0.190820 0.976389 0.033984 0.045833
0 0.232227 0.934028 0.039453 0.030556
0 0.294727 0.867361 0.040234 0.043056
0 0.288867 0.837153 0.035547 0.045139
0 0.326367 0.789236 0.032422 0.043750
0 0.364453 0.748958 0.033594 0.043750
0 0.384180 0.767708 0.030859 0.046528
0 0.400781 0.710417 0.032813 0.044444
0 0.416992 0.731250 0.033984 0.043056
0 0.542773 0.983681 0.045703 0.032639
0 0.618359 0.985069 0.046094 0.029861
0 0.619531 0.912153 0.032031 0.064583
0 0.652148 0.957639 0.035547 0.050000
0 0.716602 0.976389 0.024609 0.047222
0 0.655078 0.846875 0.029687 0.065972
0 0.636328 0.755556 0.042969 0.051389
0 0.680664 0.802431 0.024609 0.053472
0 0.750000 0.848264 0.038281 0.046528
0 0.956250 0.871875 0.039062 0.049306
0 0.981445 0.773958 0.037109 0.047917
0 0.954492 0.685764 0.037891 0.042361
0 0.820312 0.621528 0.031250 0.038889
0 0.817187 0.664236 0.035156 0.043750
0 0.894336 0.478819 0.016016 0.035417
0 0.869336 0.444097 0.021484 0.045139
0 0.871680 0.413194 0.023047 0.026389
0 0.895312 0.396528 0.024219 0.027778
0 0.923828 0.418056 0.023438 0.022222
0 0.700195 0.371528 0.018359 0.027778
0 0.583398 0.568056 0.021484 0.047222
0 0.856250 0.362153 0.025000 0.027083
0 0.790430 0.340278 0.018359 0.030556
0 0.635938 0.381944 0.019531 0.034722
0 0.615234 0.379514 0.021875 0.028472
0 0.609570 0.362847 0.016016 0.029861
0 0.624219 0.341667 0.019531 0.034722
0 0.671094 0.319097 0.018750 0.029861
0 0.689258 0.303125 0.017578 0.031250
0 0.676367 0.288889 0.014453 0.023611
0 0.694922 0.272569 0.018750 0.027083
0 0.702539 0.284375 0.019922 0.025694
0 0.727930 0.257986 0.016797 0.027083
0 0.744727 0.261806 0.019922 0.027778
0 0.736914 0.231597 0.018359 0.029861
0 0.790234 0.212847 0.016406 0.021528
0 0.785742 0.192014 0.017578 0.027083
0 0.797852 0.178819 0.014453 0.025694
0 0.821484 0.176389 0.012500 0.018056
0 0.828516 0.160069 0.016406 0.028472
0 0.835742 0.139236 0.016016 0.020139
0 0.848633 0.130903 0.012891 0.017361
0 0.847070 0.149306 0.012891 0.022222
0 0.857031 0.142361 0.013281 0.016667
0 0.876953 0.168403 0.014063 0.017361
0 0.874414 0.108681 0.011328 0.018750
0 0.968555 0.054861 0.008203 0.016667
0 0.989062 0.034375 0.010156 0.014583
