2 0.569141 0.532639 0.039062 0.125000
2 0.673438 0.285764 0.049219 0.053472
2 0.833008 0.370139 0.069922 0.055556
1 0.808594 0.180556 0.026562 0.040278
1 0.896680 0.076389 0.026172 0.043056
1 0.866797 0.446528 0.022656 0.051389
0 0.022266 0.131250 0.012500 0.023611
0 0.037305 0.160417 0.019141 0.020833
0 0.032813 0.177431 0.018750 0.020139
0 0.062305 0.171528 0.017578 0.034722
0 0.206641 0.267014 0.024219 0.032639
0 0.151758 0.259375 0.022266 0.024306
0 0.121680 0.248264 0.023047 0.027083
0 0.206641 0.303125 0.021875 0.027083
0 0.250977 0.343750 0.023828 0.025000
0 0.349805 0.379167 0.028516 0.036111
0 0.334766 0.385764 0.027344 0.034028
0 0.321680 0.399653 0.025391 0.031250
0 0.307422 0.407292 0.030469 0.036806
1 0.587305 0.438542 0.026953 0.042361
0 0.197266 0.896181 0.042188 0.064583
0 0.366602 0.780556 0.045703 0.041667
0 0.527930 0.438889 0.008984 0.026389
0 0.571680 0.344792 0.007422 0.021528
0 0.636719 0.755903 0.039844 0.053472
0 0.683594 0.795139 0.041406 0.048611
0 0.652344 0.955903 0.037500 0.056250
0 0.717383 0.976389 0.027734 0.045833
0 0.741016 0.721875 0.038281 0.053472
0 0.749805 0.801042 0.048047 0.042361
0 0.749023 0.849653 0.035547 0.045139
0 0.964844 0.731250 0.036719 0.052778
0 0.911719 0.703125 0.038281 0.047917
0 0.888672 0.642014 0.035156 0.045139
0 0.896094 0.615625 0.013281 0.021528
0 0.859766 0.667014 0.032031 0.040972
0 0.838086 0.673264 0.035547 0.043750
0 0.808594 0.627778 0.037500 0.047222
0 0.825391 0.618403 0.027344 0.040972
0 0.792969 0.643403 0.032031 0.036806
0 0.773438 0.582292 0.037500 0.046528
0 0.765430 0.598264 0.033984 0.043750
0 0.754297 0.616667 0.035156 0.040278
0 0.894141 0.479167 0.021094 0.038889
0 0.926172 0.416667 0.025781 0.027778
0 0.893555 0.395139 0.027734 0.033333
0 0.866797 0.443403 0.024219 0.045139
0 0.858008 0.363889 0.021484 0.026389
0 0.977930 0.015278 0.010547 0.013889
0 0.987891 0.036806 0.010156 0.013889
0 0.949805 0.032639 0.007422 0.013889
0 0.954883 0.038889 0.010547 0.013889
1 0.923047 0.070139 0.016406 0.030556
0 0.885938 0.096528 0.009375 0.013889
0 0.878711 0.106250 0.016797 0.016667
0 0.870313 0.112500 0.011719 0.012500
0 0.861719 0.118750 0.012500 0.016667
0 0.849805 0.123264 0.011328 0.014583
0 0.855469 0.137500 0.014063 0.025000
0 0.844141 0.133681 0.014063 0.014583
0 0.846094 0.154514 0.014844 0.015972
0 0.836719 0.140278 0.010937 0.013889
0 0.826172 0.148264 0.016406 0.017361
0 0.833594 0.162153 0.010937 0.024306
0 0.824219 0.173264 0.015625 0.018750
0 0.816797 0.157639 0.011719 0.016667
0 0.797266 0.177778 0.014844 0.016667
0 0.784375 0.188542 0.015625 0.020139
0 0.794922 0.204167 0.014844 0.025000
0 0.780469 0.211806 0.016406 0.019444
0 0.767969 0.221528 0.016406 0.015278
1 0.757227 0.212153 0.029297 0.031250
0 0.758594 0.232639 0.018750 0.022222
0 0.742383 0.247917 0.023828 0.027778
0 0.736133 0.232639 0.019141 0.025000
0 0.715430 0.251389 0.023047 0.022222
0 0.724805 0.262500 0.019141 0.025000
0 0.708008 0.280556 0.023047 0.030556
0 0.692969 0.298264 0.017188 0.021528
0 0.692383 0.318403 0.020703 0.028472
0 0.673633 0.309028 0.026172 0.036111
0 0.655469 0.337153 0.017969 0.022917
0 0.640430 0.325000 0.025391 0.030556
1 0.638672 0.374306 0.028906 0.038889
0 0.633008 0.359028 0.026172 0.029167
0 0.617383 0.351389 0.022266 0.034722
