2 0.369141 0.402778 0.058594 0.087500
2 0.792383 0.616667 0.119922 0.112500
2 0.828320 0.370486 0.070703 0.049306
2 0.854297 0.184375 0.028125 0.054861
2 0.973828 0.055556 0.019531 0.037500
2 0.991211 0.029861 0.017578 0.036111
2 0.622266 0.572917 0.062500 0.061111
1 0.325195 0.373958 0.041016 0.056250
1 0.646680 0.328472 0.031641 0.054167
1 0.659961 0.349306 0.027734 0.052778
1 0.650586 0.302778 0.046484 0.052778
1 0.716602 0.241667 0.027734 0.045833
0 0.014258 0.075000 0.010547 0.012500
0 0.040234 0.115625 0.010937 0.014583
0 0.118750 0.163542 0.008594 0.017361
0 0.147266 0.167361 0.014063 0.018056
0 0.153711 0.187847 0.015234 0.022917
0 0.197852 0.202778 0.018359 0.022222
0 0.231836 0.227083 0.016797 0.022222
0 0.242969 0.247917 0.018750 0.020833
0 0.238086 0.295833 0.019922 0.029167
0 0.262109 0.311806 0.021094 0.027778
0 0.288672 0.334375 0.025781 0.029861
0 0.298242 0.360069 0.023047 0.032639
0 0.347461 0.322569 0.026172 0.027083
0 0.413086 0.427083 0.026172 0.031944
0 0.410742 0.450347 0.027734 0.032639
0 0.436133 0.469097 0.029297 0.034028
0 0.444336 0.450694 0.030078 0.041667
0 0.377734 0.695833 0.027344 0.034722
0 0.396875 0.713889 0.031250 0.041667
0 0.416016 0.728472 0.035156 0.041667
0 0.326562 0.792014 0.035937 0.043750
0 0.353320 0.801042 0.034766 0.039583
0 0.542188 0.980556 0.047656 0.038889
0 0.614844 0.986111 0.050000 0.027778
0 0.716992 0.977778 0.029297 0.044444
0 0.652344 0.955903 0.037500 0.047917
0 0.622070 0.913542 0.036328 0.063194
0 0.872461 0.823611 0.043359 0.045833
0 0.735938 0.752431 0.042188 0.045139
0 0.751953 0.847569 0.040625 0.052083
0 0.635742 0.755903 0.043359 0.046528
0 0.750781 0.711111 0.039062 0.041667
0 0.583008 0.595833 0.034766 0.034722
0 0.600977 0.526042 0.033984 0.042361
0 0.672656 0.580556 0.031250 0.034722
0 0.642578 0.559028 0.022656 0.029167
0 0.729688 0.628125 0.039062 0.036806
0 0.746680 0.658681 0.040234 0.040972
0 0.790625 0.690625 0.035937 0.034028
0 0.826367 0.718403 0.035547 0.042361
0 0.820898 0.622222 0.030859 0.041667
0 0.895508 0.478125 0.017578 0.027083
0 0.867578 0.445833 0.017188 0.041667
0 0.894531 0.398958 0.026562 0.032639
0 0.924023 0.417361 0.021484 0.025000
0 0.857031 0.362153 0.026562 0.028472
0 0.607422 0.360069 0.014063 0.025694
0 0.620703 0.370139 0.017969 0.030556
0 0.639844 0.375347 0.021875 0.042361
0 0.623828 0.338194 0.017969 0.029167
0 0.683789 0.330903 0.018359 0.028472
0 0.671094 0.314931 0.017188 0.022917
0 0.677539 0.285764 0.016797 0.024306
0 0.706055 0.302431 0.023828 0.034028
0 0.697852 0.270139 0.018359 0.022222
0 0.724414 0.286111 0.017578 0.026389
0 0.736914 0.266319 0.014453 0.024306
0 0.757422 0.249653 0.017969 0.024306
0 0.770898 0.231944 0.013672 0.023611
0 0.782031 0.211458 0.015625 0.022917
0 0.815820 0.221181 0.017578 0.027083
0 0.871289 0.162500 0.011328 0.018056
0 0.813477 0.162500 0.015234 0.026389
0 0.869141 0.127083 0.014063 0.016667
0 0.870703 0.109722 0.012500 0.019444
0 0.884375 0.112847 0.014063 0.018750
0 0.925000 0.118056 0.012500 0.019444
0 0.942969 0.055903 0.011719 0.015972
2 0.964844 0.018056 0.019531 0.030556
0 0.982031 0.013194 0.010156 0.013889
