2 0.794336 0.615278 0.119922 0.113889
2 0.763477 0.201042 0.032422 0.056250
2 0.831641 0.371528 0.063281 0.051389
2 0.120508 0.963542 0.106641 0.072917
2 0.232227 0.882292 0.077734 0.109028
1 0.627344 0.332639 0.045312 0.062500
1 0.567383 0.415278 0.040234 0.066667
1 0.346680 0.801389 0.047266 0.075000
1 0.717383 0.245139 0.025391 0.038889
1 0.754687 0.316667 0.019531 0.051389
0 0.106055 0.216667 0.013672 0.026389
0 0.303516 0.405903 0.025781 0.034028
0 0.359766 0.387153 0.025000 0.028472
0 0.194922 0.979167 0.035156 0.038889
0 0.233008 0.932639 0.037891 0.027778
0 0.287891 0.834028 0.031250 0.040278
0 0.294141 0.865278 0.038281 0.040278
0 0.324805 0.790625 0.030078 0.043750
0 0.364258 0.748264 0.031641 0.043750
0 0.384961 0.768403 0.032422 0.043750
0 0.400977 0.712153 0.030859 0.047917
0 0.415430 0.729514 0.030859 0.042361
0 0.544141 0.982639 0.039844 0.034722
0 0.614844 0.985417 0.046094 0.026389
0 0.650977 0.955556 0.031641 0.063889
0 0.716602 0.976389 0.023828 0.047222
0 0.620313 0.909028 0.027344 0.075000
0 0.652930 0.848264 0.033984 0.070139
0 0.680469 0.799653 0.017969 0.053472
0 0.635547 0.754514 0.038281 0.054861
0 0.513477 0.455903 0.016016 0.031250
0 0.509766 0.484028 0.024219 0.036111
0 0.736133 0.774306 0.036328 0.047222
0 0.750391 0.849653 0.036719 0.043750
0 0.820508 0.812500 0.034766 0.050000
0 0.954883 0.746528 0.034766 0.034722
0 0.900586 0.764931 0.038672 0.036806
0 0.883594 0.704167 0.044531 0.059722
0 0.894727 0.480903 0.019141 0.029861
0 0.924219 0.416667 0.021875 0.023611
0 0.892383 0.398264 0.023828 0.028472
0 0.866797 0.446181 0.016406 0.042361
0 0.857227 0.363889 0.023047 0.027778
0 0.817969 0.385417 0.030469 0.026389
0 0.790430 0.340278 0.016016 0.027778
0 0.832422 0.202431 0.016406 0.018750
0 0.707422 0.512153 0.027344 0.040972
0 0.620313 0.621528 0.035156 0.045833
0 0.618555 0.404167 0.026172 0.030556
0 0.625586 0.363542 0.019922 0.029861
0 0.659766 0.330903 0.019531 0.032639
0 0.662891 0.302431 0.020313 0.025694
0 0.690430 0.277778 0.020703 0.026389
0 0.688477 0.299653 0.017578 0.027083
0 0.693555 0.318403 0.017578 0.027083
0 0.713477 0.274653 0.015234 0.029861
0 0.736133 0.232292 0.019141 0.024306
0 0.751758 0.254167 0.014453 0.020833
0 0.781250 0.210764 0.018750 0.031250
0 0.785547 0.188542 0.012500 0.018750
0 0.795508 0.180556 0.015234 0.022222
0 0.810352 0.189931 0.017578 0.020139
0 0.828516 0.147917 0.017969 0.023611
0 0.839258 0.155903 0.012891 0.021528
0 0.848633 0.134028 0.013672 0.018056
0 0.856055 0.123264 0.012109 0.015972
0 0.909180 0.088542 0.013672 0.018750
0 0.960352 0.074653 0.010547 0.013194
2 0.823047 0.621528 0.039844 0.050000
0 0.760938 0.626736 0.034375 0.045139
0 0.817578 0.662153 0.038281 0.039583
