2 0.277734 0.327778 0.057813 0.077778
2 0.408789 0.732639 0.059766 0.077778
2 0.831836 0.376389 0.061328 0.045833
1 0.891406 0.078125 0.024219 0.038194
2 0.722656 0.635764 0.069531 0.075694
1 0.085547 0.901389 0.073438 0.068056
1 0.461328 0.537500 0.039844 0.077778
1 0.769727 0.223264 0.022266 0.040972
1 0.950586 0.029861 0.021484 0.027778
1 0.240430 0.300347 0.044922 0.063194
1 0.177734 0.295139 0.034375 0.043056
1 0.200391 0.315278 0.033594 0.036111
0 0.230078 0.238889 0.018750 0.022222
0 0.192578 0.290278 0.019531 0.026389
0 0.212109 0.305903 0.019531 0.031250
0 0.217578 0.333681 0.018750 0.034028
0 0.233203 0.322569 0.028125 0.042361
0 0.256641 0.345486 0.019531 0.028472
0 0.245898 0.356597 0.020703 0.025694
0 0.276367 0.360417 0.022266 0.036111
0 0.270313 0.376389 0.022656 0.029167
0 0.254688 0.384375 0.024219 0.029861
0 0.303125 0.340278 0.014063 0.023611
0 0.325586 0.357986 0.023828 0.031250
0 0.312500 0.367014 0.020313 0.029861
0 0.348828 0.377778 0.028125 0.036111
0 0.333008 0.389583 0.026172 0.026389
0 0.323633 0.399653 0.025391 0.032639
0 0.308008 0.410069 0.022266 0.031250
0 0.189648 0.831944 0.036328 0.044444
0 0.077930 0.956597 0.041797 0.056250
0 0.306250 0.680208 0.034375 0.053472
0 0.338867 0.683333 0.035547 0.054167
0 0.385937 0.594792 0.032031 0.054861
0 0.460938 0.666667 0.025781 0.048611
0 0.425000 0.675694 0.035156 0.047222
0 0.375391 0.735069 0.036719 0.042361
0 0.380273 0.695139 0.037109 0.041667
0 0.323242 0.793056 0.045703 0.055556
0 0.332813 0.828125 0.048438 0.054861
0 0.264258 0.857986 0.046484 0.052083
0 0.288281 0.879861 0.037500 0.040278
1 0.230273 0.938542 0.044922 0.052083
0 0.555469 0.386111 0.030469 0.034722
0 0.570898 0.423958 0.027734 0.039583
0 0.580469 0.529167 0.025000 0.047222
0 0.580469 0.570486 0.030469 0.052083
0 0.626953 0.668403 0.032031 0.054861
0 0.637500 0.755208 0.041406 0.052083
0 0.651953 0.332292 0.023438 0.032639
0 0.686133 0.321875 0.019922 0.040972
0 0.696094 0.275000 0.020313 0.030556
0 0.748828 0.846181 0.040625 0.052083
0 0.717187 0.973264 0.028125 0.053472
0 0.755859 0.616319 0.033594 0.052083
0 0.765430 0.596528 0.036328 0.044444
0 0.773047 0.579861 0.033594 0.045833
0 0.791406 0.643750 0.033594 0.044444
0 0.807813 0.627083 0.041406 0.054167
0 0.820703 0.614583 0.032031 0.048611
0 0.836523 0.673611 0.034766 0.045833
0 0.855273 0.663542 0.038672 0.054861
0 0.888477 0.710417 0.036328 0.047222
0 0.913672 0.704167 0.035937 0.056944
0 0.963086 0.735764 0.040234 0.050694
0 0.942969 0.472917 0.028125 0.036111
0 0.894922 0.482986 0.021094 0.045139
0 0.866602 0.446528 0.022266 0.052778
0 0.893359 0.399306 0.028906 0.034722
0 0.857227 0.359722 0.026172 0.034722
0 0.924805 0.419097 0.019141 0.036806
0 0.759375 0.313194 0.021094 0.031944
0 0.754102 0.226042 0.020703 0.027083
0 0.783594 0.206597 0.012500 0.022917
0 0.792383 0.183333 0.017578 0.029167
0 0.814258 0.180903 0.015234 0.027083
0 0.835156 0.143403 0.014844 0.025694
0 0.837891 0.160417 0.012500 0.025000
0 0.849023 0.130903 0.009766 0.020139
0 0.863672 0.117014 0.014063 0.021528
0 0.859375 0.135417 0.013281 0.020833
0 0.881641 0.099653 0.013281 0.018750
0 0.890625 0.106944 0.013281 0.023611
0 0.909180 0.088542 0.011328 0.018750
0 0.904102 0.077431 0.008203 0.013194
0 0.911719 0.068056 0.011719 0.019444
0 0.918555 0.075694 0.010547 0.022222
0 0.926172 0.072222 0.010937 0.016667
0 0.936523 0.049306 0.012109 0.015278
0 0.942383 0.044444 0.010547 0.015278
0 0.962500 0.023611 0.007812 0.015278
0 0.957812 0.040625 0.009375 0.013194
0 0.947852 0.051042 0.009766 0.018750
1 0.975781 0.017708 0.014844 0.028472
