2 0.669336 0.293056 0.049609 0.070833
2 0.383203 0.761806 0.081250 0.088889
2 0.831445 0.367708 0.067578 0.071528
1 0.892578 0.080208 0.019531 0.031250
1 0.789648 0.190972 0.016797 0.034722
1 0.856836 0.133681 0.018359 0.027083
1 0.755273 0.209028 0.028516 0.033333
1 0.896680 0.811806 0.064453 0.075000
1 0.149805 0.279514 0.030078 0.040972
0 0.080078 0.177431 0.015625 0.031250
0 0.163281 0.232639 0.023438 0.030556
0 0.154297 0.257986 0.014063 0.022917
0 0.295898 0.280903 0.023828 0.031250
0 0.273047 0.315278 0.022656 0.036111
0 0.255273 0.323958 0.024609 0.025694
0 0.236328 0.323611 0.025000 0.043056
0 0.212500 0.304167 0.018750 0.027778
0 0.212695 0.326389 0.021484 0.027778
0 0.276367 0.359375 0.023047 0.024306
0 0.323242 0.356250 0.023828 0.027778
0 0.350586 0.375694 0.021484 0.026389
0 0.333594 0.388889 0.022656 0.030556
0 0.323242 0.397569 0.025391 0.034028
0 0.309375 0.409375 0.023438 0.038194
0 0.298828 0.380208 0.021875 0.028472
0 0.270898 0.380208 0.020703 0.034028
0 0.244727 0.358681 0.022266 0.029861
0 0.404297 0.696875 0.029687 0.039583
0 0.428711 0.708333 0.030859 0.037500
0 0.328711 0.828819 0.037891 0.050694
0 0.352148 0.754514 0.040234 0.050694
0 0.276758 0.891667 0.044141 0.040278
0 0.162695 0.839236 0.044141 0.043750
0 0.575195 0.588194 0.026953 0.048611
0 0.561523 0.405208 0.025391 0.043750
0 0.590820 0.408681 0.025391 0.046528
0 0.653125 0.953819 0.035156 0.053472
0 0.712891 0.976736 0.025000 0.046528
0 0.684961 0.794097 0.044141 0.060417
0 0.635742 0.753819 0.037109 0.052083
0 0.794336 0.736458 0.040234 0.059028
0 0.750000 0.845833 0.032813 0.034722
0 0.911133 0.698264 0.031641 0.045139
0 0.858398 0.663542 0.035547 0.038194
0 0.835938 0.673958 0.036719 0.045139
0 0.807813 0.628472 0.035156 0.048611
0 0.821289 0.616319 0.029297 0.040972
0 0.789844 0.644097 0.031250 0.045139
0 0.773047 0.583333 0.038281 0.041667
0 0.764844 0.602083 0.035156 0.034722
0 0.753516 0.617014 0.038281 0.039583
0 0.894727 0.482292 0.021484 0.038194
0 0.927734 0.417361 0.025000 0.026389
0 0.893750 0.395139 0.023438 0.033333
0 0.867773 0.445139 0.016797 0.047222
0 0.855469 0.361111 0.028906 0.027778
0 0.622656 0.347222 0.024219 0.031944
0 0.651563 0.344444 0.019531 0.033333
0 0.671875 0.313889 0.029687 0.034722
0 0.694727 0.302083 0.024609 0.023611
0 0.708008 0.281944 0.015234 0.026389
0 0.712500 0.253472 0.014844 0.020833
0 0.722070 0.263889 0.012891 0.020833
0 0.732422 0.228472 0.011719 0.015278
0 0.739062 0.248264 0.015625 0.021528
0 0.754687 0.237847 0.015625 0.017361
0 0.768164 0.220833 0.012891 0.020833
0 0.777539 0.219792 0.013672 0.015972
0 0.779297 0.193750 0.015625 0.022222
0 0.801172 0.170833 0.012500 0.019444
0 0.807422 0.188194 0.015625 0.026389
0 0.819336 0.173958 0.013672 0.017361
0 0.814844 0.159375 0.012500 0.017361
0 0.824609 0.150347 0.012500 0.015972
0 0.839453 0.151389 0.010937 0.020833
0 0.840820 0.191319 0.012109 0.017361
0 0.879102 0.119444 0.013672 0.020833
0 0.891602 0.108681 0.012109 0.018750
0 0.912109 0.089583 0.007812 0.015278
0 0.920312 0.063194 0.010937 0.015278
0 0.906250 0.079861 0.010156 0.011111
0 0.849023 0.123958 0.012891 0.015972
0 0.945117 0.053472 0.009766 0.013889
0 0.965820 0.026736 0.008203 0.015972
0 0.949219 0.037500 0.010156 0.012500
0 0.932227 0.050347 0.008984 0.014583
