2 0.960742 0.477083 0.060547 0.050000
2 0.313086 0.787847 0.085547 0.115972
2 0.359961 0.784722 0.086328 0.119444
2 0.176758 0.796181 0.091797 0.145139
1 0.524219 0.548264 0.068750 0.053472
1 0.228320 0.897917 0.054297 0.080556
1 0.876172 0.660764 0.077344 0.082639
1 0.900195 0.712153 0.060547 0.065972
1 0.623047 0.339236 0.028906 0.047917
0 0.044727 0.164583 0.019141 0.027778
0 0.135352 0.240972 0.016797 0.022222
0 0.221094 0.320139 0.023438 0.027778
0 0.249414 0.337847 0.023828 0.032639
0 0.273242 0.379861 0.025391 0.033333
0 0.284375 0.365625 0.025000 0.039583
0 0.289844 0.422222 0.025000 0.037500
0 0.303125 0.407986 0.025000 0.039583
0 0.318945 0.398264 0.023828 0.034028
0 0.156250 0.977431 0.046875 0.045139
0 0.284766 0.879861 0.039062 0.040278
0 0.379883 0.693403 0.036328 0.043750
0 0.376563 0.725347 0.031250 0.024306
0 0.417187 0.693750 0.033594 0.044444
0 0.417773 0.727431 0.033984 0.038194
0 0.715625 0.976736 0.022656 0.046528
0 0.618945 0.985417 0.048828 0.029167
0 0.691406 0.876042 0.029687 0.056250
0 0.751563 0.848264 0.039062 0.046528
0 0.884180 0.871875 0.047266 0.049306
0 0.636719 0.752083 0.038281 0.048611
0 0.941797 0.718056 0.035937 0.047222
0 0.802734 0.651389 0.032031 0.034722
0 0.807031 0.629167 0.036719 0.038889
0 0.748437 0.638889 0.029687 0.034722
0 0.768164 0.558333 0.040234 0.047222
0 0.760938 0.598611 0.035156 0.037500
0 0.752734 0.618056 0.032031 0.036111
0 0.925000 0.415278 0.021875 0.025000
0 0.894727 0.397917 0.026172 0.031944
0 0.895117 0.479861 0.018359 0.037500
0 0.867969 0.443403 0.016406 0.045139
0 0.847266 0.373958 0.029687 0.029861
0 0.857227 0.363889 0.023047 0.030556
0 0.828906 0.354167 0.021875 0.029167
0 0.626563 0.425000 0.031250 0.031944
0 0.637695 0.450347 0.028516 0.035417
0 0.968945 0.021181 0.009766 0.014583
0 0.980664 0.042361 0.010547 0.016667
0 0.964258 0.034722 0.008203 0.016667
0 0.956250 0.029514 0.007812 0.014583
0 0.938867 0.045833 0.012109 0.015278
0 0.953516 0.087847 0.011719 0.017361
0 0.941406 0.081597 0.012500 0.017361
0 0.927344 0.097222 0.012500 0.018056
0 0.936523 0.104861 0.012109 0.018056
0 0.896289 0.131597 0.012891 0.021528
0 0.874805 0.155208 0.013672 0.018750
0 0.882422 0.163889 0.014844 0.018056
0 0.841211 0.193056 0.016016 0.020833
0 0.767578 0.298611 0.019531 0.025000
0 0.731836 0.343750 0.020703 0.023611
0 0.707422 0.344097 0.021875 0.024306
0 0.670703 0.382639 0.025000 0.023611
0 0.675781 0.438194 0.015625 0.033333
0 0.805078 0.195486 0.016406 0.020139
0 0.758984 0.227431 0.019531 0.028472
0 0.742969 0.243750 0.020313 0.023611
0 0.748047 0.259722 0.016406 0.026389
0 0.721289 0.246181 0.022266 0.028472
0 0.728516 0.259028 0.019531 0.025000
0 0.733398 0.273264 0.016797 0.025694
0 0.702734 0.265625 0.019531 0.031250
0 0.713672 0.275347 0.017969 0.027083
0 0.720508 0.293056 0.018359 0.027778
0 0.688281 0.282639 0.018750 0.025000
0 0.698438 0.287153 0.019531 0.028472
0 0.696094 0.311458 0.020313 0.035417
0 0.668555 0.293056 0.018359 0.027778
0 0.680078 0.309028 0.020313 0.029167
0 0.679102 0.332986 0.019141 0.031250
0 0.658398 0.308681 0.017578 0.027083
0 0.663477 0.327778 0.020703 0.023611
0 0.661328 0.353819 0.019531 0.028472
0 0.634961 0.352083 0.025391 0.037500
0 0.643359 0.373264 0.021875 0.029861
