1 0.457031 0.556597 0.078125 0.102083
1 0.280859 0.335069 0.038281 0.056250
2 0.336133 0.380556 0.055859 0.080556
1 0.682617 0.272917 0.041797 0.058333
1 0.646484 0.327431 0.034375 0.054861
1 0.661719 0.348264 0.022656 0.046528
2 0.684961 0.381250 0.037109 0.102778
2 0.825977 0.371181 0.071484 0.065972
2 0.914258 0.671528 0.079297 0.104167
2 0.964258 0.676389 0.071484 0.106944
2 0.710742 0.502778 0.066016 0.087500
0 0.094141 0.186806 0.017188 0.023611
0 0.146484 0.254514 0.017969 0.024306
0 0.178906 0.246181 0.020313 0.025694
0 0.185156 0.286806 0.020313 0.023611
0 0.235547 0.293403 0.020313 0.025694
0 0.277148 0.285069 0.019141 0.027083
0 0.305859 0.272917 0.021875 0.023611
0 0.394336 0.322569 0.025391 0.021528
0 0.388867 0.336458 0.023828 0.027083
0 0.235352 0.325347 0.020703 0.027083
1 0.219531 0.333681 0.033594 0.040972
1 0.284766 0.386458 0.032813 0.036806
0 0.268555 0.357986 0.024609 0.031250
0 0.333789 0.402431 0.033984 0.045139
0 0.352734 0.445833 0.032813 0.038889
0 0.406055 0.446181 0.026172 0.031250
0 0.395313 0.461806 0.028125 0.036111
0 0.412695 0.497222 0.029297 0.037500
0 0.433984 0.465625 0.032813 0.036806
0 0.407813 0.425000 0.025781 0.029167
0 0.516016 0.424306 0.032813 0.038889
0 0.504102 0.531944 0.033984 0.041667
0 0.502539 0.566319 0.030859 0.043750
0 0.379883 0.698958 0.036328 0.047917
0 0.565430 0.441319 0.026953 0.032639
0 0.553125 0.479514 0.030469 0.032639
0 0.602344 0.528472 0.036719 0.041667
0 0.621875 0.504514 0.030469 0.035417
0 0.650195 0.540625 0.031641 0.036806
0 0.646094 0.564236 0.025781 0.032639
0 0.685547 0.530208 0.030469 0.038194
0 0.637500 0.668056 0.039062 0.044444
0 0.650000 0.717361 0.039844 0.051389
0 0.635938 0.756597 0.038281 0.053472
0 0.719141 0.713542 0.035937 0.043750
2 0.689063 0.609722 0.062500 0.076389
0 0.720898 0.594444 0.030859 0.034722
0 0.734961 0.588889 0.032422 0.041667
0 0.762695 0.581597 0.032422 0.038194
0 0.786328 0.575347 0.032813 0.036806
0 0.752539 0.661806 0.038672 0.037500
0 0.782813 0.640625 0.033594 0.039583
0 0.818359 0.711111 0.036719 0.038889
0 0.841602 0.654167 0.033984 0.038889
0 0.860938 0.626042 0.033594 0.040972
0 0.883398 0.707292 0.037891 0.042361
0 0.865820 0.744792 0.037891 0.036806
0 0.954297 0.756944 0.038281 0.038889
0 0.963867 0.737500 0.033984 0.036111
0 0.983008 0.900347 0.033984 0.043750
0 0.750781 0.850000 0.038281 0.043056
0 0.631836 0.896181 0.037891 0.060417
0 0.542773 0.981944 0.047266 0.036111
0 0.617773 0.987847 0.047266 0.024306
0 0.651367 0.958681 0.037891 0.057639
0 0.721289 0.979514 0.040234 0.040972
0 0.894727 0.478819 0.021484 0.035417
0 0.926562 0.415972 0.025781 0.031944
0 0.895508 0.398611 0.024609 0.030556
0 0.867578 0.447569 0.017969 0.042361
0 0.857422 0.363889 0.025000 0.030556
0 0.607617 0.359028 0.016016 0.029167
0 0.622656 0.370486 0.016406 0.032639
0 0.640430 0.373958 0.020703 0.040972
0 0.623437 0.338194 0.021094 0.034722
0 0.684180 0.329861 0.017578 0.025000
0 0.705859 0.303125 0.019531 0.031250
0 0.723242 0.284375 0.017578 0.025694
0 0.741211 0.261806 0.016797 0.027778
0 0.729883 0.239931 0.018359 0.027083
0 0.794531 0.184028 0.014844 0.025000
0 0.926367 0.057639 0.010547 0.015278
0 0.941602 0.059028 0.010547 0.016667
1 0.955078 0.029167 0.014063 0.023611
