2 0.792383 0.617708 0.118359 0.122917
2 0.828711 0.367014 0.067578 0.047917
2 0.230664 0.875694 0.075391 0.095833
2 0.118945 0.961806 0.114453 0.076389
2 0.762695 0.198611 0.040234 0.058333
1 0.647656 0.332292 0.033594 0.057639
1 0.650586 0.305903 0.041016 0.054861
1 0.851953 0.395139 0.032813 0.034722
1 0.717969 0.246528 0.028906 0.044444
1 0.344727 0.804514 0.046484 0.072917
0 0.220508 0.234028 0.017578 0.026389
0 0.302148 0.405556 0.020703 0.034722
0 0.360156 0.388194 0.025781 0.029167
0 0.192969 0.978819 0.035937 0.040972
0 0.233203 0.934028 0.039062 0.031944
0 0.290430 0.835417 0.037891 0.041667
0 0.294531 0.865972 0.037500 0.040278
0 0.325586 0.789236 0.030859 0.043750
0 0.363867 0.748611 0.033203 0.043056
0 0.383984 0.769444 0.033594 0.041667
0 0.396875 0.714931 0.035156 0.042361
0 0.415820 0.730208 0.031641 0.040972
0 0.544727 0.981944 0.043359 0.036111
0 0.618164 0.985764 0.048047 0.028472
0 0.618750 0.911806 0.031250 0.068056
0 0.653320 0.956944 0.036328 0.062500
0 0.718555 0.977431 0.020703 0.045139
0 0.652930 0.848264 0.034766 0.067361
0 0.635156 0.759375 0.039062 0.054861
0 0.680469 0.801389 0.021094 0.051389
0 0.749609 0.848611 0.039062 0.052778
0 0.984570 0.872917 0.030859 0.047222
0 0.636328 0.640625 0.034375 0.059028
0 0.595313 0.557292 0.022656 0.042361
0 0.823828 0.623264 0.034375 0.046528
0 0.744922 0.546181 0.032031 0.038194
0 0.894922 0.480556 0.017188 0.034722
0 0.924219 0.418403 0.026562 0.027083
0 0.892773 0.434722 0.019141 0.034722
0 0.894141 0.398611 0.026562 0.031944
0 0.857227 0.362500 0.023047 0.023611
0 0.790625 0.341667 0.016406 0.030556
0 0.762305 0.306250 0.013672 0.025000
0 0.609375 0.410764 0.019531 0.036806
0 0.622461 0.372222 0.019922 0.033333
0 0.609766 0.359722 0.016406 0.029167
0 0.623437 0.340972 0.021094 0.037500
0 0.692383 0.321181 0.019141 0.029861
0 0.671289 0.315625 0.016016 0.032639
0 0.688086 0.302431 0.017578 0.032639
0 0.676172 0.287847 0.016406 0.025694
0 0.694922 0.271528 0.017969 0.026389
0 0.702148 0.285417 0.018359 0.027778
0 0.729688 0.259375 0.018750 0.027083
0 0.743750 0.263542 0.015625 0.027083
0 0.737500 0.231944 0.019531 0.023611
0 0.785742 0.192708 0.013672 0.025694
0 0.800195 0.195139 0.015234 0.022222
0 0.812305 0.185764 0.014453 0.022917
0 0.806445 0.167361 0.013672 0.022222
0 0.825391 0.171181 0.014063 0.021528
0 0.833984 0.154514 0.015625 0.028472
0 0.836719 0.135764 0.012500 0.020139
0 0.848633 0.132292 0.012891 0.020139
0 0.846484 0.150000 0.010937 0.016667
0 0.856250 0.142708 0.014063 0.024306
0 0.918555 0.111111 0.011328 0.018056
0 0.941016 0.088542 0.011719 0.014583
0 0.915625 0.066319 0.009375 0.015972
0 0.971875 0.067708 0.010937 0.015972
0 0.965820 0.059028 0.008984 0.012500
0 0.982812 0.035764 0.008594 0.011806
