2 0.795117 0.652778 0.089453 0.095833
2 0.838086 0.377431 0.047266 0.042361
2 0.489844 0.402431 0.086719 0.085417
2 0.234570 0.876042 0.097266 0.129861
2 0.066992 0.105903 0.027734 0.039583
0 0.225391 0.249306 0.017969 0.022222
0 0.188672 0.287847 0.021094 0.027083
0 0.211523 0.328819 0.021484 0.024306
0 0.256250 0.305208 0.021094 0.031250
0 0.275977 0.320139 0.024609 0.033333
0 0.263672 0.346528 0.021875 0.030556
0 0.264258 0.369444 0.023047 0.027778
0 0.281250 0.409722 0.023438 0.033333
0 0.312500 0.414583 0.025000 0.033333
0 0.318750 0.397569 0.025781 0.038194
0 0.380664 0.471875 0.030078 0.036806
0 0.428516 0.531250 0.033594 0.038889
0 0.443359 0.492014 0.036719 0.056250
0 0.439453 0.467708 0.034375 0.029861
0 0.308789 0.344792 0.023828 0.027083
0 0.330664 0.385069 0.027734 0.032639
0 0.341211 0.372569 0.026953 0.038194
0 0.380078 0.402778 0.027344 0.037500
0 0.387109 0.430903 0.026562 0.035417
0 0.413477 0.430208 0.023828 0.029861
0 0.379883 0.352431 0.026953 0.027083
0 0.508398 0.406250 0.026172 0.029167
0 0.417969 0.727431 0.032031 0.038194
0 0.336523 0.779514 0.034766 0.040972
0 0.379883 0.693750 0.037891 0.043056
0 0.416406 0.693750 0.032031 0.043056
0 0.521484 0.446528 0.035937 0.043056
0 0.715430 0.977431 0.025391 0.045139
0 0.649023 0.959375 0.040234 0.053472
0 0.636328 0.755208 0.039062 0.045139
0 0.656055 0.667708 0.034766 0.043750
0 0.750586 0.850694 0.041016 0.044444
0 0.866406 0.821181 0.033594 0.042361
0 0.808398 0.764583 0.041016 0.041667
0 0.983984 0.813889 0.032031 0.041667
0 0.573438 0.624653 0.031250 0.039583
0 0.571680 0.592014 0.027734 0.039583
0 0.927539 0.732986 0.036328 0.039583
0 0.897070 0.687500 0.033203 0.037500
0 0.711914 0.587500 0.029297 0.030556
0 0.661719 0.600347 0.039062 0.036806
0 0.692578 0.548611 0.032031 0.036111
0 0.617188 0.571875 0.035156 0.039583
0 0.626367 0.553472 0.031641 0.033333
0 0.604102 0.513194 0.030078 0.037500
0 0.924805 0.413194 0.022266 0.023611
0 0.894922 0.478819 0.018750 0.031250
0 0.893555 0.396181 0.023828 0.028472
0 0.866406 0.445486 0.013281 0.043750
0 0.857422 0.363889 0.021094 0.026389
0 0.643555 0.373611 0.020703 0.033333
0 0.660937 0.353125 0.021094 0.029861
0 0.634766 0.351389 0.025781 0.036111
0 0.671875 0.322917 0.021094 0.030556
0 0.721289 0.267361 0.019141 0.025000
0 0.714453 0.248958 0.025000 0.042361
0 0.754687 0.239931 0.017188 0.025694
0 0.773633 0.202778 0.015234 0.023611
0 0.809570 0.182639 0.018359 0.029167
0 0.801758 0.172222 0.009766 0.022222
0 0.814063 0.158681 0.015625 0.022917
0 0.851562 0.135069 0.013281 0.017361
0 0.861719 0.120486 0.010156 0.020139
0 0.942773 0.097917 0.011328 0.019444
0 0.937695 0.087153 0.011328 0.018750
1 0.975977 0.057639 0.016016 0.026389
