2 0.673438 0.285764 0.050781 0.045139
2 0.377930 0.763194 0.059766 0.066667
2 0.833984 0.373611 0.066406 0.056944
1 0.893945 0.078819 0.019922 0.028472
1 0.790430 0.192361 0.021484 0.033333
1 0.859180 0.132639 0.020703 0.034722
1 0.757227 0.211806 0.033203 0.036111
1 0.835156 0.768750 0.053906 0.055556
1 0.142969 0.267361 0.025781 0.043056
0 0.059180 0.158681 0.014453 0.024306
0 0.144727 0.220139 0.023047 0.027778
0 0.259570 0.305556 0.019922 0.023611
0 0.328906 0.308681 0.019531 0.029861
0 0.233789 0.302083 0.025391 0.026389
0 0.214453 0.306597 0.015625 0.025694
0 0.205469 0.325000 0.019531 0.029167
0 0.232813 0.319444 0.027344 0.045833
0 0.238672 0.352778 0.015625 0.029167
0 0.254297 0.343403 0.021875 0.029861
0 0.275586 0.358681 0.024609 0.031250
0 0.270703 0.375694 0.020313 0.027778
0 0.323437 0.360417 0.027344 0.034722
0 0.349805 0.376042 0.024609 0.034028
0 0.335352 0.389931 0.021484 0.029861
0 0.323242 0.398611 0.022266 0.037500
0 0.308789 0.406250 0.026172 0.043056
0 0.225977 0.775000 0.037109 0.051389
0 0.250000 0.918750 0.039844 0.051389
0 0.327539 0.828819 0.040234 0.060417
0 0.406836 0.698264 0.029297 0.035417
0 0.354297 0.755903 0.031250 0.043750
0 0.426953 0.708333 0.026562 0.037500
0 0.564453 0.534722 0.021875 0.050000
0 0.635742 0.753472 0.040234 0.054167
0 0.682422 0.792708 0.036719 0.045139
0 0.652930 0.951042 0.034766 0.054861
0 0.716797 0.975694 0.035156 0.048611
0 0.754102 0.847569 0.047266 0.056250
0 0.733984 0.696875 0.037500 0.052083
0 0.754297 0.619097 0.035156 0.047917
0 0.792188 0.643056 0.032813 0.045833
0 0.833398 0.672222 0.037109 0.048611
0 0.912109 0.701736 0.035937 0.040972
0 0.962891 0.734722 0.035937 0.048611
0 0.855469 0.667361 0.032031 0.041667
0 0.808984 0.631250 0.035156 0.048611
0 0.822852 0.620139 0.030859 0.041667
0 0.775781 0.587847 0.036719 0.042361
0 0.764258 0.600694 0.031641 0.038889
0 0.895117 0.477778 0.013672 0.038889
0 0.925781 0.415278 0.016406 0.026389
0 0.892578 0.395833 0.027344 0.037500
0 0.867188 0.448264 0.018750 0.053472
0 0.856445 0.363194 0.018359 0.022222
0 0.579297 0.386458 0.021094 0.042361
0 0.608008 0.386111 0.023828 0.037500
0 0.628906 0.335417 0.022656 0.036111
0 0.655859 0.335417 0.017188 0.027778
0 0.672656 0.312500 0.024219 0.036111
0 0.692578 0.298264 0.017969 0.027083
0 0.708203 0.279514 0.017969 0.029861
0 0.712891 0.251042 0.018750 0.024306
0 0.724219 0.264583 0.015625 0.025000
0 0.739453 0.251042 0.017969 0.024306
0 0.735547 0.231597 0.010937 0.017361
0 0.755273 0.234028 0.017578 0.023611
0 0.766992 0.222222 0.017578 0.023611
0 0.775000 0.216319 0.013281 0.017361
0 0.808008 0.190278 0.011328 0.020833
0 0.817969 0.215278 0.019531 0.033333
0 0.805078 0.172917 0.015625 0.020833
0 0.813086 0.161111 0.013672 0.016667
0 0.824609 0.150694 0.015625 0.019444
0 0.841992 0.153819 0.012109 0.021528
0 0.861133 0.132986 0.016797 0.029861
0 0.879687 0.115278 0.009375 0.020833
0 0.893555 0.106597 0.010547 0.017361
0 0.914648 0.085764 0.009766 0.014583
0 0.909766 0.072569 0.007812 0.015972
0 0.925781 0.060069 0.010156 0.014583
0 0.934375 0.045486 0.011719 0.020139
0 0.947656 0.046528 0.011719 0.018056
0 0.954492 0.032292 0.010547 0.014583
0 0.957812 0.040625 0.007031 0.011806
0 0.969922 0.023611 0.010156 0.013889
0 0.829297 0.171528 0.013281 0.019444
