2 0.353320 0.390278 0.060547 0.087500
2 0.834180 0.617708 0.084766 0.096528
2 0.912891 0.640278 0.082031 0.094444
2 0.697070 0.484375 0.057422 0.090972
2 0.708398 0.342361 0.055859 0.101389
2 0.826367 0.367014 0.074609 0.057639
1 0.251172 0.358681 0.038281 0.047917
1 0.299414 0.350694 0.041797 0.054167
1 0.332031 0.428472 0.032813 0.044444
1 0.662695 0.290278 0.041016 0.050000
1 0.648242 0.326042 0.030859 0.040972
1 0.663086 0.349653 0.030859 0.039583
2 0.543750 0.624306 0.078125 0.093056
2 0.681836 0.607986 0.060547 0.072917
0 0.127344 0.207292 0.016406 0.021528
0 0.201172 0.230208 0.019531 0.024306
0 0.224609 0.218403 0.017969 0.025694
0 0.193164 0.256250 0.022266 0.027778
0 0.162305 0.266667 0.020703 0.027778
0 0.200195 0.300347 0.021484 0.031250
0 0.236523 0.291667 0.023047 0.026389
0 0.268359 0.312847 0.025000 0.034028
0 0.300000 0.260417 0.022656 0.022222
0 0.313867 0.284722 0.021484 0.029167
0 0.438281 0.371528 0.029687 0.034722
0 0.473242 0.377431 0.027734 0.028472
0 0.473633 0.427083 0.030859 0.033333
0 0.426953 0.439583 0.025781 0.029167
0 0.412109 0.446875 0.022656 0.029861
0 0.392188 0.453125 0.037500 0.049306
0 0.435352 0.464583 0.027734 0.034722
0 0.427539 0.508333 0.026953 0.038889
0 0.305078 0.388542 0.026562 0.032639
0 0.485547 0.525694 0.032031 0.031944
0 0.496094 0.564236 0.029687 0.039583
0 0.378125 0.696528 0.036719 0.048611
0 0.545312 0.450694 0.028125 0.036111
0 0.587891 0.456944 0.031250 0.034722
0 0.580273 0.493056 0.032422 0.033333
0 0.600586 0.528472 0.030859 0.050000
0 0.650195 0.524653 0.032422 0.038194
0 0.672461 0.519097 0.026953 0.038194
0 0.646094 0.541319 0.032031 0.034028
0 0.641406 0.559722 0.028906 0.034722
0 0.630273 0.628125 0.030859 0.040972
0 0.616797 0.657639 0.034375 0.040278
0 0.541797 0.982986 0.049219 0.034028
0 0.635938 0.753819 0.039844 0.047917
0 0.622266 0.909028 0.035937 0.062500
0 0.615039 0.984028 0.044141 0.031944
0 0.650586 0.955903 0.038672 0.064583
0 0.716016 0.976736 0.029687 0.046528
0 0.750586 0.848611 0.037109 0.045833
0 0.800391 0.834375 0.038281 0.054861
0 0.767383 0.756597 0.041797 0.053472
0 0.884570 0.710764 0.037891 0.042361
0 0.930078 0.714583 0.039062 0.045833
0 0.842969 0.729167 0.040625 0.045833
0 0.798633 0.696528 0.034766 0.041667
0 0.748047 0.660764 0.042188 0.040972
0 0.766602 0.604861 0.033984 0.045833
0 0.754492 0.553125 0.034766 0.036806
0 0.704102 0.584722 0.033203 0.034722
0 0.894531 0.480903 0.019531 0.034028
0 0.923633 0.417014 0.019922 0.024306
0 0.893750 0.396528 0.025781 0.034722
0 0.867969 0.444792 0.019531 0.049306
0 0.857422 0.363889 0.022656 0.030556
0 0.684180 0.330208 0.017578 0.029861
0 0.623633 0.340278 0.021484 0.034722
0 0.620898 0.369792 0.016016 0.031250
0 0.640039 0.372222 0.021484 0.047222
0 0.609570 0.357639 0.012891 0.029167
0 0.704688 0.262153 0.017969 0.025694
0 0.764062 0.214236 0.019531 0.027083
0 0.905469 0.076042 0.010156 0.017361
0 0.911328 0.087847 0.010937 0.020139
1 0.934180 0.049306 0.014453 0.027778
0 0.914258 0.851042 0.041797 0.047917
0 0.983594 0.773611 0.032813 0.045833
0 0.993555 0.749653 0.012891 0.027083
0 0.058594 0.160069 0.017969 0.018750
0 0.022461 0.128125 0.010547 0.017361
