2 0.767773 0.634375 0.087109 0.089583
2 0.839453 0.372222 0.050000 0.041667
2 0.358984 0.779861 0.084375 0.119444
2 0.300391 0.804514 0.086719 0.115972
2 0.059961 0.102083 0.041016 0.052778
0 0.033008 0.109028 0.010547 0.013889
0 0.079297 0.128819 0.015625 0.018750
0 0.097656 0.131250 0.013281 0.018056
0 0.170898 0.180556 0.016016 0.018056
0 0.205664 0.234722 0.019922 0.020833
0 0.242969 0.232986 0.017969 0.021528
1 0.353320 0.324653 0.029297 0.040972
0 0.318359 0.353819 0.021094 0.029861
0 0.340234 0.370833 0.024219 0.031944
0 0.362695 0.385764 0.023047 0.029861
0 0.387500 0.406597 0.026562 0.029861
0 0.412500 0.426389 0.026562 0.034722
0 0.438086 0.447222 0.029297 0.034722
0 0.382812 0.425347 0.025000 0.035417
0 0.404492 0.443056 0.027734 0.036111
0 0.438086 0.470139 0.032422 0.036111
1 0.227930 0.896875 0.054297 0.077083
0 0.159375 0.979514 0.034375 0.040972
0 0.378320 0.695139 0.035547 0.043056
0 0.416602 0.692014 0.031641 0.043750
0 0.418555 0.726389 0.035547 0.036111
0 0.626758 0.988542 0.023828 0.022917
0 0.716992 0.977431 0.020703 0.045139
0 0.751172 0.848264 0.039062 0.043750
0 0.635352 0.755556 0.039453 0.048611
0 0.650391 0.960417 0.039844 0.056944
0 0.925195 0.415278 0.023047 0.023611
0 0.895117 0.399653 0.026953 0.027083
0 0.894922 0.479514 0.018750 0.032639
0 0.867188 0.446181 0.017188 0.045139
0 0.857617 0.360764 0.023828 0.027083
0 0.727930 0.534028 0.031641 0.037500
0 0.825391 0.602431 0.035156 0.038194
0 0.661523 0.599653 0.037891 0.038194
0 0.612109 0.567708 0.034375 0.036806
0 0.722266 0.645139 0.038281 0.037500
0 0.601367 0.536806 0.030859 0.034722
0 0.933398 0.061806 0.011328 0.020833
0 0.899609 0.086458 0.015625 0.017361
0 0.771289 0.297569 0.018359 0.028472
0 0.827344 0.205556 0.014844 0.018056
0 0.800391 0.195139 0.014844 0.022222
0 0.732812 0.279167 0.019531 0.026389
0 0.713672 0.275694 0.018750 0.026389
0 0.687695 0.281944 0.018359 0.025000
0 0.697461 0.287500 0.016797 0.026389
0 0.696484 0.312153 0.021875 0.034028
0 0.679688 0.308333 0.018750 0.026389
0 0.668555 0.292361 0.017578 0.020833
0 0.659375 0.310069 0.018750 0.021528
0 0.663281 0.327431 0.017188 0.024306
0 0.679492 0.331597 0.019141 0.028472
0 0.661133 0.352431 0.017578 0.028472
0 0.623242 0.339583 0.024609 0.048611
0 0.634766 0.351389 0.021094 0.034722
0 0.643359 0.373264 0.021094 0.025694
0 0.857031 0.405903 0.024219 0.020139
