2 0.796680 0.652778 0.085547 0.094444
2 0.795312 0.616319 0.117969 0.114583
2 0.837891 0.375000 0.053125 0.041667
2 0.791602 0.256597 0.036328 0.056250
2 0.806836 0.218403 0.031641 0.046528
2 0.856250 0.128472 0.029687 0.044444
1 0.397656 0.739583 0.063281 0.095833
1 0.647266 0.317708 0.028906 0.046528
0 0.009375 0.084722 0.012500 0.016667
0 0.023047 0.079514 0.010156 0.017361
0 0.066602 0.138542 0.013672 0.014583
0 0.167187 0.292361 0.019531 0.025000
0 0.192383 0.310069 0.019922 0.032639
0 0.218359 0.310764 0.020313 0.031250
0 0.226172 0.342361 0.022656 0.031944
0 0.236328 0.329861 0.015625 0.031944
0 0.253906 0.305556 0.019531 0.026389
0 0.258008 0.339236 0.028516 0.049306
0 0.254688 0.367361 0.023438 0.027778
0 0.251953 0.385069 0.020313 0.031250
0 0.293750 0.332639 0.020313 0.027778
0 0.288086 0.350000 0.021484 0.031944
0 0.284766 0.367014 0.021875 0.032639
0 0.279687 0.386111 0.023438 0.033333
0 0.302344 0.404861 0.023438 0.033333
0 0.314258 0.392708 0.023828 0.036806
0 0.309961 0.367361 0.023828 0.033333
0 0.317578 0.353125 0.024219 0.032639
0 0.337891 0.367014 0.025000 0.029861
0 0.338672 0.390972 0.026562 0.030556
0 0.359570 0.385764 0.023828 0.029861
0 0.148047 0.978472 0.044531 0.043056
0 0.272656 0.889236 0.048438 0.059028
0 0.378516 0.693750 0.035156 0.038889
0 0.528906 0.589931 0.031250 0.045139
0 0.523047 0.550000 0.038281 0.059722
0 0.583594 0.481597 0.026562 0.038194
0 0.575586 0.417014 0.023828 0.032639
0 0.618945 0.482639 0.026953 0.030556
0 0.616016 0.985764 0.045312 0.028472
0 0.716016 0.978125 0.023438 0.043750
0 0.652344 0.956944 0.034375 0.055556
0 0.635742 0.754514 0.040234 0.047917
0 0.750000 0.849306 0.038281 0.044444
0 0.852344 0.838889 0.044531 0.061111
0 0.987109 0.775694 0.025781 0.044444
0 0.988281 0.750000 0.023438 0.027778
0 0.948633 0.750694 0.033203 0.034722
0 0.873242 0.746875 0.039453 0.038194
0 0.904883 0.719444 0.034766 0.037500
0 0.907422 0.697569 0.034375 0.038194
0 0.860156 0.684722 0.043750 0.052778
0 0.821680 0.621875 0.033203 0.040972
0 0.718164 0.636806 0.034766 0.036111
0 0.729492 0.628125 0.033984 0.036806
0 0.753125 0.619097 0.017188 0.029861
0 0.894336 0.481250 0.019922 0.031944
0 0.925391 0.414931 0.023438 0.022917
0 0.895117 0.397569 0.023828 0.028472
0 0.867969 0.441667 0.017188 0.033333
0 0.858203 0.364236 0.022656 0.025694
0 0.682227 0.398958 0.022266 0.029861
0 0.643555 0.373958 0.022266 0.028472
0 0.745703 0.326736 0.020313 0.025694
0 0.708008 0.338889 0.029297 0.044444
0 0.769141 0.229514 0.015625 0.025694
0 0.767578 0.213889 0.016406 0.023611
0 0.888477 0.158681 0.013672 0.022917
0 0.919727 0.105903 0.011328 0.018750
0 0.964844 0.056597 0.010156 0.015972
