2 0.795117 0.613542 0.119922 0.114583
2 0.795508 0.655903 0.085547 0.099306
2 0.832812 0.374653 0.064844 0.049306
2 0.389258 0.701042 0.080078 0.107639
2 0.476562 0.599306 0.057813 0.079167
1 0.750195 0.762500 0.050391 0.061111
2 0.052930 0.096875 0.032422 0.042361
0 0.109570 0.139583 0.016016 0.016667
0 0.218359 0.210764 0.021094 0.032639
0 0.137305 0.266667 0.017578 0.025000
0 0.160938 0.263889 0.017969 0.027778
0 0.175000 0.257639 0.018750 0.025000
0 0.188281 0.305208 0.021875 0.032639
0 0.222266 0.338542 0.021094 0.029861
0 0.235937 0.328472 0.021875 0.034722
0 0.251563 0.302778 0.019531 0.026389
0 0.271680 0.318403 0.023828 0.029861
0 0.258203 0.340278 0.028125 0.048611
0 0.254102 0.368403 0.022266 0.029861
0 0.249805 0.384028 0.023047 0.034722
0 0.280078 0.385764 0.025000 0.029861
0 0.283594 0.366667 0.021094 0.029167
0 0.293164 0.333333 0.019141 0.027778
0 0.310352 0.365972 0.023047 0.029167
0 0.317383 0.353472 0.023047 0.029167
0 0.302344 0.404514 0.021094 0.031250
0 0.312891 0.393750 0.023438 0.036111
0 0.338477 0.392708 0.026172 0.032639
0 0.338477 0.367014 0.026172 0.029861
0 0.360742 0.387847 0.023047 0.029861
0 0.307422 0.293056 0.024219 0.022222
0 0.349609 0.307986 0.018750 0.022917
0 0.449219 0.373611 0.028125 0.020833
0 0.514062 0.456944 0.029687 0.037500
0 0.055859 0.932639 0.038281 0.052778
0 0.154297 0.877431 0.038281 0.053472
0 0.208008 0.910764 0.052734 0.078472
0 0.250586 0.912500 0.034766 0.047222
0 0.274805 0.848611 0.036328 0.043056
0 0.312500 0.838542 0.036719 0.057639
0 0.416602 0.728472 0.034766 0.038889
0 0.492773 0.635417 0.030859 0.037500
0 0.647852 0.367014 0.021484 0.029861
0 0.649805 0.408333 0.019922 0.029167
0 0.723242 0.323264 0.016016 0.027083
0 0.598633 0.668056 0.039453 0.034722
0 0.635547 0.754167 0.038281 0.043056
0 0.615039 0.985764 0.041797 0.028472
0 0.651367 0.958333 0.033203 0.056944
0 0.716992 0.977431 0.021484 0.045139
0 0.750195 0.851389 0.037891 0.047222
0 0.988086 0.776042 0.023828 0.042361
0 0.988086 0.750694 0.023828 0.026389
0 0.948828 0.750347 0.031250 0.035417
0 0.905273 0.719444 0.035547 0.036111
0 0.907422 0.696875 0.034375 0.039583
0 0.925195 0.415972 0.022266 0.019444
0 0.895312 0.479167 0.017969 0.027778
0 0.895312 0.398264 0.026562 0.029861
0 0.868945 0.445486 0.016797 0.043750
0 0.857812 0.363194 0.025781 0.031944
0 0.836133 0.217708 0.012891 0.020139
0 0.845508 0.185069 0.013672 0.018750
0 0.860156 0.120833 0.015625 0.029167
0 0.905664 0.091667 0.013672 0.015278
0 0.934570 0.091319 0.008984 0.014583
0 0.968945 0.028125 0.009766 0.017361
0 0.718945 0.640278 0.037109 0.043056
0 0.729492 0.626736 0.033984 0.039583
0 0.753320 0.619097 0.016016 0.028472
0 0.821875 0.621528 0.033594 0.038889
0 0.858984 0.683681 0.042969 0.059028
